1.547269069353132636e+03 0.000000000000000000e+00
1.590592603295020353e+03 0.000000000000000000e+00
1.635463406306261049e+03 0.000000000000000000e+00
1.681881478386855179e+03 0.000000000000000000e+00
1.729073185002125683e+03 0.000000000000000000e+00
1.777812160686749394e+03 0.000000000000000000e+00
1.827324770906049707e+03 0.000000000000000000e+00
1.879158284729379602e+03 0.000000000000000000e+00
1.931765433087386100e+03 0.000000000000000000e+00
1.985919850514745576e+03 0.000000000000000000e+00
2.041621537011458713e+03 0.000000000000000000e+00
2.099644127112200749e+03 0.000000000000000000e+00
2.158440351747620298e+03 0.000000000000000000e+00
2.219557479987068746e+03 0.000000000000000000e+00
2.281448242761193796e+03 0.000000000000000000e+00
2.345659909139349111e+03 0.000000000000000000e+00
2.412192479121533779e+03 0.000000000000000000e+00
2.479498683638395050e+03 0.000000000000000000e+00
2.549899426293962733e+03 0.000000000000000000e+00
2.621073803484206564e+03 0.000000000000000000e+00
2.694569084278480204e+03 0.000000000000000000e+00
2.771158903211460711e+03 0.000000000000000000e+00
2.848522356679117365e+03 0.000000000000000000e+00
2.928980348285479977e+03 0.000000000000000000e+00
3.010985608961196249e+03 0.000000000000000000e+00
3.096085407775618023e+03 0.000000000000000000e+00
3.183506110194070061e+03 0.000000000000000000e+00
3.272474081681875305e+03 0.000000000000000000e+00
3.364536591308386505e+03 0.000000000000000000e+00
3.459693639073604118e+03 0.000000000000000000e+00
3.556397955908175391e+03 0.000000000000000000e+00
3.656970445416128769e+03 0.000000000000000000e+00
3.759863838528112410e+03 0.000000000000000000e+00
3.865851769778802009e+03 0.000000000000000000e+00
3.974160604633521416e+03 0.000000000000000000e+00
4.086337612161623383e+03 0.000000000000000000e+00
4.200835523293755614e+03 0.000000000000000000e+00
4.319201607099270404e+03 0.000000000000000000e+00
4.440662229043490697e+03 0.000000000000000000e+00
4.565991023661094005e+03 0.000000000000000000e+00
4.694414356417404633e+03 0.000000000000000000e+00
4.825932227312420764e+03 0.000000000000000000e+00
4.962091905415495603e+03 0.000000000000000000e+00
5.101346121657277763e+03 0.000000000000000000e+00
5.245242145107119541e+03 0.000000000000000000e+00
5.393006341230344333e+03 0.000000000000000000e+00
5.544638710026950321e+03 0.000000000000000000e+00
5.700139251496941142e+03 0.000000000000000000e+00
5.861055234709666365e+03 0.000000000000000000e+00
6.025839390595774603e+03 0.000000000000000000e+00
6.195265353689942458e+03 0.000000000000000000e+00
6.369333123992170840e+03 0.000000000000000000e+00
6.548816336037133624e+03 0.000000000000000000e+00
6.732941355290156025e+03 0.000000000000000000e+00
6.922481816285915556e+03 0.000000000000000000e+00
7.117437719024410399e+03 0.000000000000000000e+00
7.317035428970963039e+03 0.000000000000000000e+00
7.523595849729606925e+03 0.000000000000000000e+00
7.734798077696309520e+03 0.000000000000000000e+00
7.952963016475101540e+03 0.000000000000000000e+00
8.177317031531305474e+03 0.000000000000000000e+00
8.409407391934275438e+03 0.000000000000000000e+00
8.641497752337245402e+03 0.000000000000000000e+00
8.889060803433747424e+03 0.000000000000000000e+00
9.136623854530247627e+03 0.000000000000000000e+00
9.391923250973515678e+03 0.000000000000000000e+00
9.654958992763546121e+03 3.464309999999999912e-31
9.925731079900344412e+03 0.000000000000000000e+00
1.021197585773067476e+04 0.000000000000000000e+00
1.049822063556100329e+04 0.000000000000000000e+00
1.079220175873809967e+04 0.000000000000000000e+00
1.109391922726196026e+04 0.000000000000000000e+00
1.140337304113258688e+04 3.593000000000000103e-30
1.172829954569674373e+04 1.967479999999999981e-28
1.206096239560766662e+04 5.086200000000000205e-28
1.239362524551859315e+04 1.115669999999999986e-27
1.274176078612304809e+04 2.410199999999999825e-27
1.310536901742103328e+04 5.142499999999999932e-27
1.346897724871902028e+04 1.084490000000000059e-26
1.384805817071053752e+04 2.263349999999999664e-26
1.424261178339558683e+04 4.646900000000000113e-26
1.464490174142740034e+04 9.565700000000000099e-26
1.505492804480597988e+04 1.938469999999999939e-25
1.548042703887808966e+04 3.895299999999999899e-25
1.591366237829696911e+04 7.766600000000000785e-25
1.636237040840937880e+04 1.536370000000000067e-24
1.681881478386855088e+04 3.017900000000000180e-24
1.729073185002125683e+04 5.892499999999998836e-24
1.777812160686749485e+04 1.141209999999999900e-23
1.828098405440726128e+04 2.194699999999999866e-23
1.879158284729379375e+04 4.189600000000000040e-23
1.932539067622062794e+04 7.933600000000000606e-23
1.986693485049422088e+04 1.488949999999999867e-22
2.042395171546134952e+04 2.770800000000000075e-22
2.100417761646877261e+04 5.093599999999999067e-22
2.159213986282296537e+04 9.253300000000000341e-22
2.220331114521745258e+04 1.657540000000000221e-21
2.282221877295870581e+04 2.925100000000000060e-21
2.346433543674025350e+04 5.075400000000000736e-21
2.412966113656210291e+04 8.650899999999999455e-21
2.480272318173071471e+04 1.446329999999999869e-20
2.550673060828639063e+04 2.373499999999999831e-20
2.621847438018882895e+04 3.821599999999999925e-20
2.696116353347833501e+04 6.035200000000000394e-20
2.771932537746137314e+04 9.368999999999999990e-20
2.849295991213793604e+04 1.429369999999999939e-19
2.929753982820156671e+04 2.147199999999999878e-19
3.012532878030549182e+04 3.183699999999999861e-19
3.096859042310294899e+04 4.668400000000000135e-19
3.184279744728746664e+04 6.795900000000000947e-19
3.274021350751228601e+04 9.824099999999999980e-19
3.366083860377739620e+04 1.416540000000000052e-18
3.460467273608280811e+04 2.044599999999999890e-18
3.557945224977528414e+04 2.968500000000000036e-18
3.657744079950805462e+04 4.357299999999999918e-18
3.760637473062788195e+04 6.501300000000000219e-18
3.866625404313478793e+04 9.916799999999999494e-18
3.975707873702874349e+04 1.549499999999999959e-17
4.087111246696300077e+04 2.463199999999999651e-17
4.202382792363108456e+04 3.911199999999999957e-17
4.320748876168622519e+04 6.065200000000000668e-17
4.442209498112843721e+04 9.051400000000001002e-17
4.567538292730447574e+04 1.295789999999999851e-16
4.695961625486757839e+04 1.784499999999999957e-16
4.828253130916450027e+04 2.372899999999999569e-16
4.963639174484850082e+04 3.060799999999999367e-16
5.103667025261308299e+04 3.845800000000000290e-16
5.246789414176472928e+04 4.719700000000000547e-16
5.394553610299696447e+04 5.682199999999999917e-16
5.546185979096303345e+04 6.724599999999999855e-16
5.702460155100970587e+04 7.842300000000000248e-16
5.862602503779019753e+04 9.027100000000000292e-16
6.027386659665127809e+04 1.027860000000000100e-15
6.197586257293972449e+04 1.158659999999999978e-15
6.371654027596200467e+04 1.295179999999999877e-15
6.551137239641163615e+04 1.437129999999999945e-15
6.735262258894185652e+04 1.583980000000000152e-15
6.924802719889945001e+04 1.736029999999999931e-15
7.118984988093763241e+04 1.891769999999999972e-15
7.319356332574994303e+04 2.052110000000000129e-15
7.525916753333636734e+04 2.218159999999999740e-15
7.736345346765663999e+04 2.387470000000000119e-15
7.952963016475101176e+04 2.561490000000000134e-15
8.177317031531306566e+04 2.738669999999999988e-15
8.409407391934275802e+04 2.920229999999999728e-15
8.649234097684010339e+04 3.103859999999999913e-15
8.889060803433746332e+04 3.291869999999999984e-15
9.136623854530249082e+04 3.483100000000000135e-15
9.399659596320279525e+04 3.677400000000000157e-15
9.662695338110312878e+04 3.874899999999999915e-15
9.933467425247111532e+04 4.075600000000000198e-15
1.021197585773067403e+05 4.278199999999999980e-15
1.049822063556100475e+05 4.483900000000000147e-15
1.079220175873809931e+05 4.691299999999999534e-15
1.110165557260872592e+05 4.902300000000000004e-15
1.141110938647935400e+05 5.114599999999999924e-15
1.172829954569674592e+05 5.330500000000000138e-15
1.206096239560766844e+05 5.546699999999999983e-15
1.240136159086535918e+05 5.764200000000000066e-15
1.274949713146981230e+05 5.984199999999999697e-15
1.310536901742103510e+05 6.206700000000000453e-15
1.347671359406578704e+05 6.429500000000000050e-15
1.385579451605730283e+05 6.653900000000000304e-15
1.424261178339558537e+05 6.880699999999999966e-15
1.464490174142739852e+05 7.106999999999999719e-15
1.506266439015274518e+05 7.334699999999999849e-15
1.548042703887809475e+05 7.564099999999999987e-15
1.592139872364373296e+05 7.793800000000001334e-15
1.637010675375614373e+05 8.024100000000000362e-15
1.682655112921531836e+05 8.254000000000000410e-15
1.729846819536802068e+05 8.486300000000000655e-15
1.778585795221425942e+05 8.717299999999999872e-15
1.828872039975402586e+05 8.948899999999999928e-15
1.879931919264055905e+05 9.180900000000000543e-15
1.933312702156739251e+05 9.412700000000000878e-15
1.987467119584098982e+05 9.644099999999999076e-15
2.043168806080811482e+05 9.875099999999999872e-15
2.101191396181554010e+05 1.010570000000000011e-14
2.159987620816973213e+05 1.033689999999999961e-14
2.221104749056421861e+05 1.056690000000000058e-14
2.282995511830547475e+05 1.079560000000000053e-14
2.347207178208702244e+05 1.102399999999999927e-14
2.413739748190887040e+05 1.125199999999999903e-14
2.481819587242424604e+05 1.147780000000000045e-14
2.551446695363315521e+05 1.170449999999999919e-14
2.623394707088236464e+05 1.192779999999999948e-14
2.696889987882510177e+05 1.215089999999999950e-14
2.772706172280813917e+05 1.237280000000000099e-14
2.850843260283146519e+05 1.259349999999999924e-14
2.931301251889509731e+05 1.281099999999999932e-14
3.013306512565225712e+05 1.302840000000000005e-14
3.098406311379647814e+05 1.324270000000000040e-14
3.185053379263423849e+05 1.345670000000000111e-14
3.274794985285904841e+05 1.367159999999999914e-14
3.366857494912417023e+05 1.388050000000000141e-14
3.462014542677634163e+05 1.408020000000000030e-14
3.559492494046881329e+05 1.428779999999999997e-14
3.659291349020158523e+05 1.449539999999999963e-14
3.762184742132142419e+05 1.469179999999999943e-14
3.868172673382831854e+05 1.488820000000000239e-14
