1.547269069353132636e+03 0.000000000000000000e+00
1.590592603295020353e+03 0.000000000000000000e+00
1.635463406306261049e+03 0.000000000000000000e+00
1.681881478386855179e+03 0.000000000000000000e+00
1.729073185002125683e+03 0.000000000000000000e+00
1.777812160686749394e+03 0.000000000000000000e+00
1.827324770906049707e+03 0.000000000000000000e+00
1.879158284729379602e+03 0.000000000000000000e+00
1.931765433087386100e+03 1.567000000000000069e-27
1.985919850514745576e+03 1.973999999999999978e-26
2.041621537011458713e+03 1.254999999999999890e-25
2.099644127112200749e+03 3.064000000000000049e-25
2.158440351747620298e+03 6.811000000000000001e-25
2.219557479987068746e+03 1.422000000000000015e-24
2.281448242761193796e+03 2.842999999999999848e-24
2.345659909139349111e+03 5.502999999999999664e-24
2.412192479121533779e+03 1.036000000000000005e-23
2.479498683638395050e+03 1.908000000000000034e-23
2.549899426293962733e+03 2.660999999999999849e-23
2.621073803484206564e+03 5.476000000000000512e-23
2.694569084278480204e+03 1.026999999999999994e-22
2.771158903211460711e+03 1.825999999999999899e-22
2.848522356679117365e+03 3.116000000000000199e-22
2.928980348285479977e+03 5.227999999999999862e-22
3.010985608961196249e+03 8.648000000000000023e-22
3.096085407775618023e+03 1.416000000000000093e-21
3.183506110194070061e+03 2.279999999999999857e-21
3.272474081681875305e+03 3.627000000000000097e-21
3.364536591308386505e+03 5.699000000000000331e-21
3.459693639073604118e+03 8.863000000000000465e-21
3.556397955908175391e+03 1.360000000000000010e-20
3.656970445416128769e+03 2.061999999999999902e-20
3.759863838528112410e+03 3.093999999999999917e-20
3.865851769778802009e+03 4.591000000000000021e-20
3.974160604633521416e+03 6.741999999999999688e-20
4.086337612161623383e+03 9.800999999999999646e-20
4.200835523293755614e+03 1.410999999999999897e-19
4.319201607099270404e+03 2.011000000000000075e-19
4.440662229043490697e+03 2.840999999999999944e-19
4.565991023661094005e+03 3.976000000000000067e-19
4.694414356417404633e+03 5.516000000000000154e-19
4.825932227312420764e+03 7.586999999999999573e-19
4.962091905415495603e+03 1.035000000000000078e-18
5.101346121657277763e+03 1.400000000000000062e-18
5.245242145107119541e+03 1.879000000000000171e-18
5.393006341230344333e+03 2.503000000000000086e-18
5.544638710026950321e+03 3.308000000000000039e-18
5.700139251496941142e+03 4.341999999999999699e-18
5.861055234709666365e+03 5.658999999999999702e-18
6.025839390595774603e+03 7.325000000000000697e-18
6.195265353689942458e+03 9.417000000000000043e-18
6.369333123992170840e+03 1.202999999999999993e-17
6.548816336037133624e+03 1.526999999999999964e-17
6.732941355290156025e+03 1.926999999999999992e-17
6.922481816285915556e+03 2.417000000000000004e-17
7.117437719024410399e+03 3.015000000000000058e-17
7.317035428970963039e+03 3.740000000000000129e-17
7.523595849729606925e+03 4.612999999999999721e-17
7.734798077696309520e+03 5.661999999999999609e-17
7.952963016475101540e+03 6.914000000000000034e-17
8.177317031531305474e+03 8.400999999999999594e-17
8.409407391934275438e+03 1.016000000000000017e-16
8.641497752337245402e+03 1.224000000000000020e-16
8.889060803433747424e+03 1.466999999999999975e-16
9.136623854530247627e+03 1.751000000000000004e-16
9.391923250973515678e+03 2.082000000000000107e-16
9.654958992763546121e+03 2.465000000000000119e-16
9.925731079900344412e+03 2.909000000000000036e-16
1.021197585773067476e+04 3.419999999999999859e-16
1.049822063556100329e+04 4.006999999999999833e-16
1.079220175873809967e+04 4.678000000000000284e-16
1.109391922726196026e+04 5.446000000000000142e-16
1.140337304113258688e+04 6.320000000000000144e-16
1.172829954569674373e+04 7.312999999999999714e-16
1.206096239560766662e+04 8.438999999999999669e-16
1.239362524551859315e+04 9.713000000000000255e-16
1.274176078612304809e+04 1.114999999999999974e-15
1.310536901742103328e+04 1.277000000000000043e-15
1.346897724871902028e+04 1.459000000000000042e-15
1.384805817071053752e+04 1.664000000000000020e-15
1.424261178339558683e+04 1.894000000000000011e-15
1.464490174142740034e+04 2.149999999999999832e-15
1.505492804480597988e+04 2.436999999999999959e-15
1.548042703887808966e+04 2.757000000000000032e-15
1.591366237829696911e+04 3.114000000000000113e-15
1.636237040840937880e+04 3.511000000000000056e-15
1.681881478386855088e+04 3.952000000000000320e-15
1.729073185002125683e+04 4.441000000000000180e-15
1.777812160686749485e+04 4.982000000000000096e-15
1.828098405440726128e+04 5.579999999999999952e-15
1.879158284729379375e+04 6.239999999999999633e-15
1.932539067622062794e+04 6.966999999999999810e-15
1.986693485049422088e+04 7.765000000000000550e-15
2.042395171546134952e+04 8.639000000000000158e-15
2.100417761646877261e+04 9.595000000000000704e-15
2.159213986282296537e+04 1.062999999999999958e-14
2.220331114521745258e+04 1.176000000000000019e-14
2.282221877295870581e+04 1.298000000000000029e-14
2.346433543674025350e+04 1.429999999999999965e-14
2.412966113656210291e+04 1.571000000000000008e-14
2.480272318173071471e+04 1.722000000000000135e-14
2.550673060828639063e+04 1.883000000000000029e-14
2.621847438018882895e+04 2.052999999999999873e-14
2.696116353347833501e+04 2.233000000000000116e-14
2.771932537746137314e+04 2.421999999999999992e-14
2.849295991213793604e+04 2.620999999999999952e-14
2.929753982820156671e+04 2.828000000000000041e-14
3.012532878030549182e+04 3.044999999999999899e-14
3.096859042310294899e+04 3.271000000000000022e-14
3.184279744728746664e+04 3.507000000000000228e-14
3.274021350751228601e+04 3.751000000000000248e-14
3.366083860377739620e+04 4.003000000000000083e-14
3.460467273608280811e+04 4.265000000000000002e-14
3.557945224977528414e+04 4.534999999999999735e-14
3.657744079950805462e+04 4.812999999999999914e-14
3.760637473062788195e+04 5.098999999999999907e-14
3.866625404313478793e+04 5.391000000000000076e-14
3.975707873702874349e+04 5.688000000000000603e-14
4.087111246696300077e+04 5.988000000000000587e-14
4.202382792363108456e+04 6.288000000000000571e-14
4.320748876168622519e+04 6.588000000000000555e-14
4.442209498112843721e+04 6.887000000000000088e-14
4.567538292730447574e+04 7.185000000000000434e-14
4.695961625486757839e+04 7.482000000000000330e-14
4.828253130916450027e+04 7.777999999999999775e-14
4.963639174484850082e+04 8.071000000000000395e-14
5.103667025261308299e+04 8.360999999999999664e-14
5.246789414176472928e+04 8.648000000000000107e-14
5.394553610299696447e+04 8.931000000000000012e-14
5.546185979096303345e+04 9.210999999999999829e-14
5.702460155100970587e+04 9.487999999999999557e-14
5.862602503779019753e+04 9.759999999999999559e-14
6.027386659665127809e+04 1.002999999999999992e-13
6.197586257293972449e+04 1.030000000000000029e-13
6.371654027596200467e+04 1.055999999999999994e-13
6.551137239641163615e+04 1.081999999999999959e-13
6.735262258894185652e+04 1.108000000000000050e-13
6.924802719889945001e+04 1.132999999999999943e-13
7.118984988093763241e+04 1.157999999999999963e-13
7.319356332574994303e+04 1.183000000000000109e-13
7.525916753333636734e+04 1.207000000000000057e-13
7.736345346765663999e+04 1.231000000000000005e-13
7.952963016475101176e+04 1.254999999999999954e-13
8.177317031531306566e+04 1.278999999999999902e-13
8.409407391934275802e+04 1.301999999999999905e-13
8.649234097684010339e+04 1.324999999999999908e-13
8.889060803433746332e+04 1.347999999999999911e-13
9.136623854530249082e+04 1.369999999999999968e-13
9.399659596320279525e+04 1.392000000000000026e-13
9.662695338110312878e+04 1.412999999999999886e-13
9.933467425247111532e+04 1.434999999999999944e-13
1.021197585773067403e+05 1.456000000000000056e-13
1.049822063556100475e+05 1.475999999999999971e-13
1.079220175873809931e+05 1.497000000000000084e-13
1.110165557260872592e+05 1.516999999999999998e-13
1.141110938647935400e+05 1.536999999999999913e-13
1.172829954569674592e+05 1.555999999999999883e-13
1.206096239560766844e+05 1.575000000000000105e-13
1.240136159086535918e+05 1.594000000000000074e-13
1.274949713146981230e+05 1.613000000000000044e-13
1.310536901742103510e+05 1.631000000000000068e-13
1.347671359406578704e+05 1.649000000000000092e-13
1.385579451605730283e+05 1.665999999999999919e-13
1.424261178339558537e+05 1.683999999999999943e-13
1.464490174142739852e+05 1.701000000000000022e-13
1.506266439015274518e+05 1.716999999999999903e-13
1.548042703887809475e+05 1.733999999999999982e-13
1.592139872364373296e+05 1.750000000000000116e-13
1.637010675375614373e+05 1.765999999999999998e-13
1.682655112921531836e+05 1.780999999999999934e-13
1.729846819536802068e+05 1.796000000000000122e-13
1.778585795221425942e+05 1.811000000000000058e-13
1.828872039975402586e+05 1.825999999999999994e-13
1.879931919264055905e+05 1.839999999999999985e-13
1.933312702156739251e+05 1.853999999999999976e-13
1.987467119584098982e+05 1.867999999999999967e-13
2.043168806080811482e+05 1.881000000000000012e-13
2.101191396181554010e+05 1.894000000000000058e-13
2.159987620816973213e+05 1.907000000000000104e-13
2.221104749056421861e+05 1.918999999999999952e-13
2.282995511830547475e+05 1.931999999999999997e-13
2.347207178208702244e+05 1.942999999999999900e-13
2.413739748190887040e+05 1.955000000000000000e-13
2.481819587242424604e+05 1.965999999999999903e-13
2.551446695363315521e+05 1.977000000000000058e-13
2.623394707088236464e+05 1.987999999999999960e-13
2.696889987882510177e+05 1.997999999999999918e-13
2.772706172280813917e+05 2.007999999999999875e-13
2.850843260283146519e+05 2.018000000000000085e-13
2.931301251889509731e+05 2.028000000000000042e-13
3.013306512565225712e+05 2.037000000000000055e-13
3.098406311379647814e+05 2.046000000000000067e-13
3.185053379263423849e+05 2.053999999999999881e-13
3.274794985285904841e+05 2.062999999999999893e-13
3.366857494912417023e+05 2.070999999999999960e-13
3.462014542677634163e+05 2.079000000000000027e-13
3.559492494046881329e+05 2.085999999999999896e-13
3.659291349020158523e+05 2.093000000000000018e-13
3.762184742132142419e+05 2.099999999999999887e-13
3.868172673382831854e+05 2.107000000000000009e-13
