1.547269069353132636e+03 0.000000000000000000e+00
1.590592603295020353e+03 0.000000000000000000e+00
1.635463406306261049e+03 0.000000000000000000e+00
1.681881478386855179e+03 0.000000000000000000e+00
1.729073185002125683e+03 0.000000000000000000e+00
1.777812160686749394e+03 0.000000000000000000e+00
1.827324770906049707e+03 0.000000000000000000e+00
1.879158284729379602e+03 0.000000000000000000e+00
1.931765433087386100e+03 0.000000000000000000e+00
1.985919850514745576e+03 0.000000000000000000e+00
2.041621537011458713e+03 0.000000000000000000e+00
2.099644127112200749e+03 0.000000000000000000e+00
2.158440351747620298e+03 0.000000000000000000e+00
2.219557479987068746e+03 0.000000000000000000e+00
2.281448242761193796e+03 0.000000000000000000e+00
2.345659909139349111e+03 0.000000000000000000e+00
2.412192479121533779e+03 0.000000000000000000e+00
2.479498683638395050e+03 0.000000000000000000e+00
2.549899426293962733e+03 0.000000000000000000e+00
2.621073803484206564e+03 0.000000000000000000e+00
2.694569084278480204e+03 0.000000000000000000e+00
2.771158903211460711e+03 0.000000000000000000e+00
2.848522356679117365e+03 0.000000000000000000e+00
2.928980348285479977e+03 0.000000000000000000e+00
3.010985608961196249e+03 0.000000000000000000e+00
3.096085407775618023e+03 0.000000000000000000e+00
3.183506110194070061e+03 0.000000000000000000e+00
3.272474081681875305e+03 0.000000000000000000e+00
3.364536591308386505e+03 0.000000000000000000e+00
3.459693639073604118e+03 0.000000000000000000e+00
3.556397955908175391e+03 0.000000000000000000e+00
3.656970445416128769e+03 0.000000000000000000e+00
3.759863838528112410e+03 0.000000000000000000e+00
3.865851769778802009e+03 0.000000000000000000e+00
3.974160604633521416e+03 0.000000000000000000e+00
4.086337612161623383e+03 0.000000000000000000e+00
4.200835523293755614e+03 0.000000000000000000e+00
4.319201607099270404e+03 0.000000000000000000e+00
4.440662229043490697e+03 0.000000000000000000e+00
4.565991023661094005e+03 0.000000000000000000e+00
4.694414356417404633e+03 0.000000000000000000e+00
4.825932227312420764e+03 0.000000000000000000e+00
4.962091905415495603e+03 0.000000000000000000e+00
5.101346121657277763e+03 0.000000000000000000e+00
5.245242145107119541e+03 0.000000000000000000e+00
5.393006341230344333e+03 0.000000000000000000e+00
5.544638710026950321e+03 0.000000000000000000e+00
5.700139251496941142e+03 0.000000000000000000e+00
5.861055234709666365e+03 0.000000000000000000e+00
6.025839390595774603e+03 0.000000000000000000e+00
6.195265353689942458e+03 0.000000000000000000e+00
6.369333123992170840e+03 0.000000000000000000e+00
6.548816336037133624e+03 0.000000000000000000e+00
6.732941355290156025e+03 0.000000000000000000e+00
6.922481816285915556e+03 0.000000000000000000e+00
7.117437719024410399e+03 0.000000000000000000e+00
7.317035428970963039e+03 0.000000000000000000e+00
7.523595849729606925e+03 0.000000000000000000e+00
7.734798077696309520e+03 0.000000000000000000e+00
7.952963016475101540e+03 0.000000000000000000e+00
8.177317031531305474e+03 0.000000000000000000e+00
8.409407391934275438e+03 0.000000000000000000e+00
8.641497752337245402e+03 0.000000000000000000e+00
8.889060803433747424e+03 0.000000000000000000e+00
9.136623854530247627e+03 0.000000000000000000e+00
9.391923250973515678e+03 0.000000000000000000e+00
9.654958992763546121e+03 0.000000000000000000e+00
9.925731079900344412e+03 0.000000000000000000e+00
1.021197585773067476e+04 0.000000000000000000e+00
1.049822063556100329e+04 0.000000000000000000e+00
1.079220175873809967e+04 0.000000000000000000e+00
1.109391922726196026e+04 0.000000000000000000e+00
1.140337304113258688e+04 0.000000000000000000e+00
1.172829954569674373e+04 0.000000000000000000e+00
1.206096239560766662e+04 0.000000000000000000e+00
1.239362524551859315e+04 0.000000000000000000e+00
1.274176078612304809e+04 0.000000000000000000e+00
1.310536901742103328e+04 0.000000000000000000e+00
1.346897724871902028e+04 0.000000000000000000e+00
1.384805817071053752e+04 0.000000000000000000e+00
1.424261178339558683e+04 0.000000000000000000e+00
1.464490174142740034e+04 0.000000000000000000e+00
1.505492804480597988e+04 0.000000000000000000e+00
1.548042703887808966e+04 0.000000000000000000e+00
1.591366237829696911e+04 0.000000000000000000e+00
1.636237040840937880e+04 0.000000000000000000e+00
1.681881478386855088e+04 0.000000000000000000e+00
1.729073185002125683e+04 0.000000000000000000e+00
1.777812160686749485e+04 0.000000000000000000e+00
1.828098405440726128e+04 0.000000000000000000e+00
1.879158284729379375e+04 0.000000000000000000e+00
1.932539067622062794e+04 0.000000000000000000e+00
1.986693485049422088e+04 0.000000000000000000e+00
2.042395171546134952e+04 0.000000000000000000e+00
2.100417761646877261e+04 0.000000000000000000e+00
2.159213986282296537e+04 0.000000000000000000e+00
2.220331114521745258e+04 0.000000000000000000e+00
2.282221877295870581e+04 0.000000000000000000e+00
2.346433543674025350e+04 0.000000000000000000e+00
2.412966113656210291e+04 0.000000000000000000e+00
2.480272318173071471e+04 3.164999999999999919e-36
2.550673060828639063e+04 2.882999999999999901e-35
2.621847438018882895e+04 2.259000000000000211e-34
2.696116353347833501e+04 1.698999999999999960e-33
2.771932537746137314e+04 8.189999999999999384e-33
2.849295991213793604e+04 5.862999999999999583e-32
2.929753982820156671e+04 4.056999999999999658e-31
3.012532878030549182e+04 2.693000000000000028e-30
3.096859042310294899e+04 1.745000000000000005e-29
3.184279744728746664e+04 0.000000000000000000e+00
3.274021350751228601e+04 1.503999999999999901e-28
3.366083860377739620e+04 3.478999999999999735e-27
3.460467273608280811e+04 2.753999999999999779e-26
3.557945224977528414e+04 1.856000000000000026e-25
3.657744079950805462e+04 1.301999999999999987e-24
3.760637473062788195e+04 9.724999999999999832e-24
3.866625404313478793e+04 7.762999999999999730e-23
3.975707873702874349e+04 6.459999999999999783e-22
4.087111246696300077e+04 5.208000000000000101e-21
4.202382792363108456e+04 3.627999999999999709e-20
4.320748876168622519e+04 1.987000000000000000e-19
4.442209498112843721e+04 8.327000000000000065e-19
4.567538292730447574e+04 2.744000000000000190e-18
4.695961625486757839e+04 7.429999999999999753e-18
4.828253130916450027e+04 1.717999999999999949e-17
4.963639174484850082e+04 3.502000000000000009e-17
5.103667025261308299e+04 6.445000000000000450e-17
5.246789414176472928e+04 1.089999999999999962e-16
5.394553610299696447e+04 1.724000000000000009e-16
5.546185979096303345e+04 2.580000000000000015e-16
5.702460155100970587e+04 3.682999999999999893e-16
5.862602503779019753e+04 5.058999999999999967e-16
6.027386659665127809e+04 6.726999999999999658e-16
6.197586257293972449e+04 8.702000000000000196e-16
6.371654027596200467e+04 1.099999999999999928e-15
6.551137239641163615e+04 1.363000000000000060e-15
6.735262258894185652e+04 1.659999999999999955e-15
6.924802719889945001e+04 1.992000000000000025e-15
7.118984988093763241e+04 2.358999999999999875e-15
7.319356332574994303e+04 2.763000000000000129e-15
7.525916753333636734e+04 3.203999999999999998e-15
7.736345346765663999e+04 3.680999999999999663e-15
7.952963016475101176e+04 4.197999999999999978e-15
8.177317031531306566e+04 4.751000000000000090e-15
8.409407391934275802e+04 5.341999999999999635e-15
8.649234097684010339e+04 5.968999999999999765e-15
8.889060803433746332e+04 6.637000000000000365e-15
9.136623854530249082e+04 7.341999999999999790e-15
9.399659596320279525e+04 8.085999999999999258e-15
9.662695338110312878e+04 8.868999999999999557e-15
9.933467425247111532e+04 9.689999999999999290e-15
1.021197585773067403e+05 1.054999999999999985e-14
1.049822063556100475e+05 1.144999999999999949e-14
1.079220175873809931e+05 1.238000000000000001e-14
1.110165557260872592e+05 1.334999999999999960e-14
1.141110938647935400e+05 1.436000000000000142e-14
1.172829954569674592e+05 1.541000000000000073e-14
1.206096239560766844e+05 1.649999999999999911e-14
1.240136159086535918e+05 1.762000000000000153e-14
1.274949713146981230e+05 1.876999999999999853e-14
1.310536901742103510e+05 1.996999999999999909e-14
1.347671359406578704e+05 2.118999999999999920e-14
1.385579451605730283e+05 2.245999999999999972e-14
1.424261178339558537e+05 2.374999999999999977e-14
1.464490174142739852e+05 2.507999999999999890e-14
1.506266439015274518e+05 2.643999999999999891e-14
1.548042703887809475e+05 2.784000000000000115e-14
1.592139872364373296e+05 2.925999999999999977e-14
1.637010675375614373e+05 3.072000000000000062e-14
1.682655112921531836e+05 3.221000000000000235e-14
1.729846819536802068e+05 3.372000000000000046e-14
1.778585795221425942e+05 3.526999999999999764e-14
1.828872039975402586e+05 3.683999999999999751e-14
1.879931919264055905e+05 3.843999999999999827e-14
1.933312702156739251e+05 4.006000000000000172e-14
1.987467119584098982e+05 4.170999999999999973e-14
2.043168806080811482e+05 4.338999999999999863e-14
2.101191396181554010e+05 4.508000000000000204e-14
2.159987620816973213e+05 4.680000000000000001e-14
2.221104749056421861e+05 4.854000000000000067e-14
2.282995511830547475e+05 5.029999999999999772e-14
2.347207178208702244e+05 5.207999999999999745e-14
2.413739748190887040e+05 5.387999999999999988e-14
2.481819587242424604e+05 5.569000000000000050e-14
2.551446695363315521e+05 5.752000000000000381e-14
2.623394707088236464e+05 5.937000000000000350e-14
2.696889987882510177e+05 6.122999999999999507e-14
2.772706172280813917e+05 6.310000000000000376e-14
2.850843260283146519e+05 6.498000000000000433e-14
2.931301251889509731e+05 6.686999999999999678e-14
3.013306512565225712e+05 6.876999999999999374e-14
3.098406311379647814e+05 7.067999999999999519e-14
3.185053379263423849e+05 7.260000000000000114e-14
3.274794985285904841e+05 7.451999999999999448e-14
3.366857494912417023e+05 7.644000000000000043e-14
3.462014542677634163e+05 7.836999999999999827e-14
3.559492494046881329e+05 8.031000000000000060e-14
3.659291349020158523e+05 8.223999999999999844e-14
3.762184742132142419e+05 8.416999999999999627e-14
3.868172673382831854e+05 8.609999999999999411e-14
