1.547269069353132636e+03 0.000000000000000000e+00
1.590592603295020353e+03 0.000000000000000000e+00
1.635463406306261049e+03 0.000000000000000000e+00
1.681881478386855179e+03 0.000000000000000000e+00
1.729073185002125683e+03 0.000000000000000000e+00
1.777812160686749394e+03 0.000000000000000000e+00
1.827324770906049707e+03 0.000000000000000000e+00
1.879158284729379602e+03 0.000000000000000000e+00
1.931765433087386100e+03 0.000000000000000000e+00
1.985919850514745576e+03 0.000000000000000000e+00
2.041621537011458713e+03 0.000000000000000000e+00
2.099644127112200749e+03 0.000000000000000000e+00
2.158440351747620298e+03 0.000000000000000000e+00
2.219557479987068746e+03 0.000000000000000000e+00
2.281448242761193796e+03 0.000000000000000000e+00
2.345659909139349111e+03 0.000000000000000000e+00
2.412192479121533779e+03 0.000000000000000000e+00
2.479498683638395050e+03 0.000000000000000000e+00
2.549899426293962733e+03 0.000000000000000000e+00
2.621073803484206564e+03 0.000000000000000000e+00
2.694569084278480204e+03 0.000000000000000000e+00
2.771158903211460711e+03 0.000000000000000000e+00
2.848522356679117365e+03 0.000000000000000000e+00
2.928980348285479977e+03 0.000000000000000000e+00
3.010985608961196249e+03 0.000000000000000000e+00
3.096085407775618023e+03 0.000000000000000000e+00
3.183506110194070061e+03 0.000000000000000000e+00
3.272474081681875305e+03 0.000000000000000000e+00
3.364536591308386505e+03 0.000000000000000000e+00
3.459693639073604118e+03 0.000000000000000000e+00
3.556397955908175391e+03 0.000000000000000000e+00
3.656970445416128769e+03 0.000000000000000000e+00
3.759863838528112410e+03 0.000000000000000000e+00
3.865851769778802009e+03 0.000000000000000000e+00
3.974160604633521416e+03 0.000000000000000000e+00
4.086337612161623383e+03 0.000000000000000000e+00
4.200835523293755614e+03 0.000000000000000000e+00
4.319201607099270404e+03 0.000000000000000000e+00
4.440662229043490697e+03 0.000000000000000000e+00
4.565991023661094005e+03 0.000000000000000000e+00
4.694414356417404633e+03 0.000000000000000000e+00
4.825932227312420764e+03 0.000000000000000000e+00
4.962091905415495603e+03 0.000000000000000000e+00
5.101346121657277763e+03 0.000000000000000000e+00
5.245242145107119541e+03 0.000000000000000000e+00
5.393006341230344333e+03 0.000000000000000000e+00
5.544638710026950321e+03 0.000000000000000000e+00
5.700139251496941142e+03 0.000000000000000000e+00
5.861055234709666365e+03 0.000000000000000000e+00
6.025839390595774603e+03 0.000000000000000000e+00
6.195265353689942458e+03 0.000000000000000000e+00
6.369333123992170840e+03 0.000000000000000000e+00
6.548816336037133624e+03 0.000000000000000000e+00
6.732941355290156025e+03 0.000000000000000000e+00
6.922481816285915556e+03 0.000000000000000000e+00
7.117437719024410399e+03 0.000000000000000000e+00
7.317035428970963039e+03 0.000000000000000000e+00
7.523595849729606925e+03 0.000000000000000000e+00
7.734798077696309520e+03 0.000000000000000000e+00
7.952963016475101540e+03 0.000000000000000000e+00
8.177317031531305474e+03 0.000000000000000000e+00
8.409407391934275438e+03 0.000000000000000000e+00
8.641497752337245402e+03 0.000000000000000000e+00
8.889060803433747424e+03 0.000000000000000000e+00
9.136623854530247627e+03 0.000000000000000000e+00
9.391923250973515678e+03 0.000000000000000000e+00
9.654958992763546121e+03 4.781999999999999894e-32
9.925731079900344412e+03 0.000000000000000000e+00
1.021197585773067476e+04 0.000000000000000000e+00
1.049822063556100329e+04 0.000000000000000000e+00
1.079220175873809967e+04 0.000000000000000000e+00
1.109391922726196026e+04 0.000000000000000000e+00
1.140337304113258688e+04 0.000000000000000000e+00
1.172829954569674373e+04 3.876100000000000074e-29
1.206096239560766662e+04 1.305599999999999929e-28
1.239362524551859315e+04 2.927000000000000272e-28
1.274176078612304809e+04 6.419999999999999975e-28
1.310536901742103328e+04 1.390599999999999976e-27
1.346897724871902028e+04 2.977699999999999797e-27
1.384805817071053752e+04 6.307999999999999875e-27
1.424261178339558683e+04 1.293199999999999989e-26
1.464490174142740034e+04 2.750800000000000155e-26
1.505492804480597988e+04 5.663000000000000267e-26
1.548042703887808966e+04 1.155899999999999896e-25
1.591366237829696911e+04 2.341299999999999708e-25
1.636237040840937880e+04 4.705000000000000454e-25
1.681881478386855088e+04 9.393000000000000037e-25
1.729073185002125683e+04 1.865000000000000046e-24
1.777812160686749485e+04 3.673000000000000070e-24
1.828098405440726128e+04 7.183000000000000050e-24
1.879158284729379375e+04 1.394500000000000037e-23
1.932539067622062794e+04 2.686999999999999849e-23
1.986693485049422088e+04 5.130999999999999835e-23
2.042395171546134952e+04 9.720000000000000397e-23
2.100417761646877261e+04 1.819499999999999958e-22
2.159213986282296537e+04 3.364999999999999972e-22
2.220331114521745258e+04 6.138000000000000092e-22
2.282221877295870581e+04 1.103000000000000032e-21
2.346433543674025350e+04 1.949100000000000355e-21
2.412966113656210291e+04 3.383999999999999764e-21
2.480272318173071471e+04 5.763999999999999931e-21
2.550673060828639063e+04 9.633000000000001050e-21
2.621847438018882895e+04 1.578800000000000015e-20
2.696116353347833501e+04 2.538000000000000237e-20
2.771932537746137314e+04 4.010000000000000113e-20
2.849295991213793604e+04 6.227999999999999958e-20
2.929753982820156671e+04 9.525000000000000836e-20
3.012532878030549182e+04 1.437700000000000158e-19
3.096859042310294899e+04 2.146299999999999896e-19
3.184279744728746664e+04 3.182000000000000190e-19
3.274021350751228601e+04 4.687000000000000559e-19
3.366083860377739620e+04 6.889000000000000475e-19
3.460467273608280811e+04 1.014399999999999972e-18
3.557945224977528414e+04 1.504200000000000054e-18
3.657744079950805462e+04 2.257900000000000134e-18
3.760637473062788195e+04 3.451999999999999812e-18
3.866625404313478793e+04 5.407000000000000580e-18
3.975707873702874349e+04 8.694000000000000115e-18
4.087111246696300077e+04 1.424699999999999822e-17
4.202382792363108456e+04 2.332399999999999699e-17
4.320748876168622519e+04 3.725000000000000132e-17
4.442209498112843721e+04 5.713000000000000339e-17
4.567538292730447574e+04 8.388999999999999350e-17
4.695961625486757839e+04 1.182599999999999978e-16
4.828253130916450027e+04 1.607000000000000031e-16
4.963639174484850082e+04 2.115199999999999838e-16
5.103667025261308299e+04 2.707900000000000082e-16
5.246789414176472928e+04 3.382000000000000031e-16
5.394553610299696447e+04 4.138000000000000384e-16
5.546185979096303345e+04 4.970999999999999326e-16
5.702460155100970587e+04 5.878999999999999486e-16
5.862602503779019753e+04 6.854999999999999963e-16
6.027386659665127809e+04 7.900000000000000180e-16
6.197586257293972449e+04 9.006000000000000797e-16
6.371654027596200467e+04 1.017299999999999984e-15
6.551137239641163615e+04 1.139899999999999846e-15
6.735262258894185652e+04 1.267900000000000151e-15
6.924802719889945001e+04 1.401700000000000077e-15
7.118984988093763241e+04 1.539699999999999953e-15
7.319356332574994303e+04 1.682899999999999992e-15
7.525916753333636734e+04 1.832299999999999817e-15
7.736345346765663999e+04 1.985599999999999764e-15
7.952963016475101176e+04 2.144099999999999874e-15
8.177317031531306566e+04 2.306499999999999910e-15
8.409407391934275802e+04 2.473800000000000084e-15
8.649234097684010339e+04 2.643899999999999831e-15
8.889060803433746332e+04 2.818900000000000111e-15
9.136623854530249082e+04 2.997799999999999921e-15
9.399659596320279525e+04 3.180400000000000167e-15
9.662695338110312878e+04 3.366800000000000198e-15
9.933467425247111532e+04 3.557000000000000015e-15
1.021197585773067403e+05 3.749800000000000308e-15
1.049822063556100475e+05 3.946200000000000107e-15
1.079220175873809931e+05 4.145000000000000103e-15
1.110165557260872592e+05 4.348000000000000444e-15
1.141110938647935400e+05 4.553000000000000422e-15
1.172829954569674592e+05 4.762000000000000465e-15
1.206096239560766844e+05 4.971999999999999539e-15
1.240136159086535918e+05 5.184000000000000617e-15
1.274949713146981230e+05 5.398999999999999575e-15
1.310536901742103510e+05 5.616999999999999568e-15
1.347671359406578704e+05 5.836000000000000168e-15
1.385579451605730283e+05 6.057000000000000406e-15
1.424261178339558537e+05 6.281000000000000102e-15
1.464490174142739852e+05 6.504999999999999797e-15
1.506266439015274518e+05 6.730999999999999920e-15
1.548042703887809475e+05 6.958999999999999680e-15
1.592139872364373296e+05 7.188000000000000838e-15
1.637010675375614373e+05 7.418000000000000236e-15
1.682655112921531836e+05 7.648000000000001213e-15
1.729846819536802068e+05 7.881000000000000068e-15
1.778585795221425942e+05 8.113000000000000683e-15
1.828872039975402586e+05 8.345999999999999539e-15
1.879931919264055905e+05 8.579999999999999791e-15
1.933312702156739251e+05 8.814000000000000044e-15
1.987467119584098982e+05 9.048000000000000296e-15
2.043168806080811482e+05 9.282000000000000549e-15
2.101191396181554010e+05 9.515999999999999223e-15
2.159987620816973213e+05 9.750999999999999295e-15
2.221104749056421861e+05 9.985000000000001125e-15
2.282995511830547475e+05 1.021799999999999998e-14
2.347207178208702244e+05 1.045099999999999884e-14
2.413739748190887040e+05 1.068399999999999927e-14
2.481819587242424604e+05 1.091500000000000007e-14
2.551446695363315521e+05 1.114699999999999910e-14
2.623394707088236464e+05 1.137600000000000026e-14
2.696889987882510177e+05 1.160499999999999984e-14
2.772706172280813917e+05 1.183300000000000118e-14
2.850843260283146519e+05 1.205999999999999954e-14
2.931301251889509731e+05 1.228400000000000003e-14
3.013306512565225712e+05 1.250799999999999893e-14
3.098406311379647814e+05 1.272899999999999996e-14
3.185053379263423849e+05 1.295000000000000099e-14
3.274794985285904841e+05 1.317200000000000026e-14
3.366857494912417023e+05 1.338800000000000061e-14
3.462014542677634163e+05 1.359500000000000101e-14
3.559492494046881329e+05 1.380999999999999997e-14
3.659291349020158523e+05 1.402500000000000051e-14
3.762184742132142419e+05 1.422899999999999988e-14
3.868172673382831854e+05 1.443300000000000083e-14
