1.547269069353132636e+03 0.000000000000000000e+00
1.590592603295020353e+03 0.000000000000000000e+00
1.635463406306261049e+03 0.000000000000000000e+00
1.681881478386855179e+03 0.000000000000000000e+00
1.729073185002125683e+03 0.000000000000000000e+00
1.777812160686749394e+03 0.000000000000000000e+00
1.827324770906049707e+03 0.000000000000000000e+00
1.879158284729379602e+03 0.000000000000000000e+00
1.931765433087386100e+03 0.000000000000000000e+00
1.985919850514745576e+03 0.000000000000000000e+00
2.041621537011458713e+03 0.000000000000000000e+00
2.099644127112200749e+03 0.000000000000000000e+00
2.158440351747620298e+03 0.000000000000000000e+00
2.219557479987068746e+03 0.000000000000000000e+00
2.281448242761193796e+03 0.000000000000000000e+00
2.345659909139349111e+03 0.000000000000000000e+00
2.412192479121533779e+03 0.000000000000000000e+00
2.479498683638395050e+03 0.000000000000000000e+00
2.549899426293962733e+03 0.000000000000000000e+00
2.621073803484206564e+03 0.000000000000000000e+00
2.694569084278480204e+03 0.000000000000000000e+00
2.771158903211460711e+03 0.000000000000000000e+00
2.848522356679117365e+03 0.000000000000000000e+00
2.928980348285479977e+03 0.000000000000000000e+00
3.010985608961196249e+03 0.000000000000000000e+00
3.096085407775618023e+03 0.000000000000000000e+00
3.183506110194070061e+03 0.000000000000000000e+00
3.272474081681875305e+03 0.000000000000000000e+00
3.364536591308386505e+03 0.000000000000000000e+00
3.459693639073604118e+03 0.000000000000000000e+00
3.556397955908175391e+03 0.000000000000000000e+00
3.656970445416128769e+03 0.000000000000000000e+00
3.759863838528112410e+03 0.000000000000000000e+00
3.865851769778802009e+03 0.000000000000000000e+00
3.974160604633521416e+03 0.000000000000000000e+00
4.086337612161623383e+03 0.000000000000000000e+00
4.200835523293755614e+03 0.000000000000000000e+00
4.319201607099270404e+03 0.000000000000000000e+00
4.440662229043490697e+03 0.000000000000000000e+00
4.565991023661094005e+03 0.000000000000000000e+00
4.694414356417404633e+03 0.000000000000000000e+00
4.825932227312420764e+03 0.000000000000000000e+00
4.962091905415495603e+03 0.000000000000000000e+00
5.101346121657277763e+03 0.000000000000000000e+00
5.245242145107119541e+03 0.000000000000000000e+00
5.393006341230344333e+03 0.000000000000000000e+00
5.544638710026950321e+03 0.000000000000000000e+00
5.700139251496941142e+03 0.000000000000000000e+00
5.861055234709666365e+03 0.000000000000000000e+00
6.025839390595774603e+03 0.000000000000000000e+00
6.195265353689942458e+03 0.000000000000000000e+00
6.369333123992170840e+03 0.000000000000000000e+00
6.548816336037133624e+03 0.000000000000000000e+00
6.732941355290156025e+03 0.000000000000000000e+00
6.922481816285915556e+03 0.000000000000000000e+00
7.117437719024410399e+03 0.000000000000000000e+00
7.317035428970963039e+03 0.000000000000000000e+00
7.523595849729606925e+03 0.000000000000000000e+00
7.734798077696309520e+03 0.000000000000000000e+00
7.952963016475101540e+03 0.000000000000000000e+00
8.177317031531305474e+03 0.000000000000000000e+00
8.409407391934275438e+03 0.000000000000000000e+00
8.641497752337245402e+03 0.000000000000000000e+00
8.889060803433747424e+03 0.000000000000000000e+00
9.136623854530247627e+03 0.000000000000000000e+00
9.391923250973515678e+03 0.000000000000000000e+00
9.654958992763546121e+03 0.000000000000000000e+00
9.925731079900344412e+03 0.000000000000000000e+00
1.021197585773067476e+04 0.000000000000000000e+00
1.049822063556100329e+04 0.000000000000000000e+00
1.079220175873809967e+04 0.000000000000000000e+00
1.109391922726196026e+04 0.000000000000000000e+00
1.140337304113258688e+04 0.000000000000000000e+00
1.172829954569674373e+04 0.000000000000000000e+00
1.206096239560766662e+04 0.000000000000000000e+00
1.239362524551859315e+04 0.000000000000000000e+00
1.274176078612304809e+04 2.768999999999999890e-36
1.310536901742103328e+04 1.760420562400000034e-33
1.346897724871902028e+04 4.917760879999999325e-33
1.384805817071053752e+04 1.360823689999999822e-32
1.424261178339558683e+04 0.000000000000000000e+00
1.464490174142740034e+04 0.000000000000000000e+00
1.505492804480597988e+04 3.553999999999999883e-32
1.548042703887808966e+04 7.315492099999999381e-31
1.591366237829696911e+04 1.942201250000000236e-30
1.636237040840937880e+04 5.120191699999999073e-30
1.681881478386855088e+04 1.346509919999999564e-29
1.729073185002125683e+04 0.000000000000000000e+00
1.777812160686749485e+04 9.184887000000001588e-29
1.828098405440726128e+04 2.362326899999999932e-28
1.879158284729379375e+04 6.064715200000000546e-28
1.932539067622062794e+04 1.552429199999999979e-27
1.986693485049422088e+04 3.934241300000000499e-27
2.042395171546134952e+04 9.885283999999998186e-27
2.100417761646877261e+04 2.459650799999999586e-26
2.159213986282296537e+04 6.033266000000000961e-26
2.220331114521745258e+04 1.460333799999999981e-25
2.282221877295870581e+04 3.465575999999999672e-25
2.346433543674025350e+04 8.070494000000000459e-25
2.412966113656210291e+04 1.840290000000000088e-24
2.480272318173071471e+04 4.198689000000000893e-24
2.550673060828639063e+04 9.121200000000000256e-24
2.621847438018882895e+04 1.929038999999999963e-23
2.696116353347833501e+04 3.978669999999999893e-23
2.771932537746137314e+04 7.884439999999999827e-23
2.849295991213793604e+04 1.558049000000000082e-22
2.929753982820156671e+04 3.022589999999999441e-22
3.012532878030549182e+04 5.757549999999997266e-22
3.096859042310294899e+04 1.083079000000000076e-21
3.184279744728746664e+04 2.020339999999999673e-21
3.274021350751228601e+04 3.746049999999998416e-21
3.366083860377739620e+04 6.945159999999998252e-21
3.460467273608280811e+04 1.296469999999999939e-20
3.557945224977528414e+04 2.455610000000000251e-20
3.657744079950805462e+04 4.759839999999999723e-20
3.760637473062788195e+04 9.534299999999999844e-20
3.866625404313478793e+04 1.990170000000000163e-19
3.975707873702874349e+04 4.334420000000000468e-19
4.087111246696300077e+04 9.692700000000001203e-19
4.202382792363108456e+04 2.144339999999999947e-18
4.320748876168622519e+04 4.502500000000000501e-18
4.442209498112843721e+04 8.753100000000000055e-18
4.567538292730447574e+04 1.570789999999999944e-17
4.695961625486757839e+04 2.619200000000000053e-17
4.828253130916450027e+04 4.095500000000000433e-17
4.963639174484850082e+04 6.056599999999999650e-17
5.103667025261308299e+04 8.537899999999998920e-17
5.246789414176472928e+04 1.153850000000000004e-16
5.394553610299696447e+04 1.506709999999999835e-16
5.546185979096303345e+04 1.908289999999999943e-16
5.702460155100970587e+04 2.354799999999999827e-16
5.862602503779019753e+04 2.842200000000000114e-16
6.027386659665127809e+04 3.365999999999999869e-16
6.197586257293972449e+04 3.921799999999999947e-16
6.371654027596200467e+04 4.505899999999999913e-16
6.551137239641163615e+04 5.114600000000000318e-16
6.735262258894185652e+04 5.745000000000000661e-16
6.924802719889945001e+04 6.393900000000001207e-16
7.118984988093763241e+04 7.057699999999998306e-16
7.319356332574994303e+04 7.737700000000000481e-16
7.525916753333636734e+04 8.433000000000000163e-16
7.736345346765663999e+04 9.134100000000001833e-16
7.952963016475101176e+04 9.847199999999999556e-16
8.177317031531306566e+04 1.056709999999999968e-15
8.409407391934275802e+04 1.129259999999999934e-15
8.649234097684010339e+04 1.201990000000000033e-15
8.889060803433746332e+04 1.275159999999999997e-15
9.136623854530249082e+04 1.348789999999999973e-15
9.399659596320279525e+04 1.422269999999999739e-15
9.662695338110312878e+04 1.495700000000000224e-15
9.933467425247111532e+04 1.569150000000000067e-15
1.021197585773067403e+05 1.642130000000000121e-15
1.049822063556100475e+05 1.715079999999999856e-15
1.079220175873809931e+05 1.787339999999999970e-15
1.110165557260872592e+05 1.859160000000000020e-15
1.141110938647935400e+05 1.930430000000000092e-15
1.172829954569674592e+05 2.000849999999999765e-15
1.206096239560766844e+05 2.070519999999999968e-15
1.240136159086535918e+05 2.139430000000000135e-15
1.274949713146981230e+05 2.207279999999999847e-15
1.310536901742103510e+05 2.274379999999999695e-15
1.347671359406578704e+05 2.340209999999999820e-15
1.385579451605730283e+05 2.404980000000000279e-15
1.424261178339558537e+05 2.468590000000000143e-15
1.464490174142739852e+05 2.530929999999999890e-15
1.506266439015274518e+05 2.592099999999999660e-15
1.548042703887809475e+05 2.651909999999999738e-15
1.592139872364373296e+05 2.710339999999999782e-15
1.637010675375614373e+05 2.767399999999999964e-15
1.682655112921531836e+05 2.823100000000000060e-15
1.729846819536802068e+05 2.877100000000000149e-15
1.778585795221425942e+05 2.929799999999999605e-15
1.828872039975402586e+05 2.980700000000000097e-15
1.879931919264055905e+05 3.030499999999999841e-15
1.933312702156739251e+05 3.078300000000000342e-15
1.987467119584098982e+05 3.124600000000000325e-15
2.043168806080811482e+05 3.169199999999999906e-15
2.101191396181554010e+05 3.212200000000000013e-15
2.159987620816973213e+05 3.253399999999999973e-15
2.221104749056421861e+05 3.293400000000000228e-15
2.282995511830547475e+05 3.331100000000000032e-15
2.347207178208702244e+05 3.367399999999999853e-15
2.413739748190887040e+05 3.401899999999999920e-15
2.481819587242424604e+05 3.434699999999999980e-15
2.551446695363315521e+05 3.466100000000000056e-15
2.623394707088236464e+05 3.495399999999999961e-15
2.696889987882510177e+05 3.523300000000000276e-15
2.772706172280813917e+05 3.549300000000000304e-15
2.850843260283146519e+05 3.573500000000000184e-15
2.931301251889509731e+05 3.596200000000000336e-15
3.013306512565225712e+05 3.617500000000000111e-15
3.098406311379647814e+05 3.636799999999999458e-15
3.185053379263423849e+05 3.654599999999999076e-15
3.274794985285904841e+05 3.670799999999999616e-15
3.366857494912417023e+05 3.685300000000000147e-15
3.462014542677634163e+05 3.698200000000000022e-15
3.559492494046881329e+05 3.709999999999999937e-15
3.659291349020158523e+05 3.719300000000000305e-15
3.762184742132142419e+05 3.728099999999999975e-15
3.868172673382831854e+05 3.735000000000000146e-15
