1.547269069353132636e+03 0.000000000000000000e+00
1.590592603295020353e+03 0.000000000000000000e+00
1.635463406306261049e+03 0.000000000000000000e+00
1.681881478386855179e+03 0.000000000000000000e+00
1.729073185002125683e+03 0.000000000000000000e+00
1.777812160686749394e+03 0.000000000000000000e+00
1.827324770906049707e+03 0.000000000000000000e+00
1.879158284729379602e+03 0.000000000000000000e+00
1.931765433087386100e+03 0.000000000000000000e+00
1.985919850514745576e+03 0.000000000000000000e+00
2.041621537011458713e+03 0.000000000000000000e+00
2.099644127112200749e+03 0.000000000000000000e+00
2.158440351747620298e+03 0.000000000000000000e+00
2.219557479987068746e+03 0.000000000000000000e+00
2.281448242761193796e+03 0.000000000000000000e+00
2.345659909139349111e+03 0.000000000000000000e+00
2.412192479121533779e+03 0.000000000000000000e+00
2.479498683638395050e+03 0.000000000000000000e+00
2.549899426293962733e+03 0.000000000000000000e+00
2.621073803484206564e+03 0.000000000000000000e+00
2.694569084278480204e+03 0.000000000000000000e+00
2.771158903211460711e+03 0.000000000000000000e+00
2.848522356679117365e+03 0.000000000000000000e+00
2.928980348285479977e+03 0.000000000000000000e+00
3.010985608961196249e+03 0.000000000000000000e+00
3.096085407775618023e+03 0.000000000000000000e+00
3.183506110194070061e+03 0.000000000000000000e+00
3.272474081681875305e+03 0.000000000000000000e+00
3.364536591308386505e+03 0.000000000000000000e+00
3.459693639073604118e+03 0.000000000000000000e+00
3.556397955908175391e+03 0.000000000000000000e+00
3.656970445416128769e+03 0.000000000000000000e+00
3.759863838528112410e+03 0.000000000000000000e+00
3.865851769778802009e+03 0.000000000000000000e+00
3.974160604633521416e+03 0.000000000000000000e+00
4.086337612161623383e+03 0.000000000000000000e+00
4.200835523293755614e+03 0.000000000000000000e+00
4.319201607099270404e+03 0.000000000000000000e+00
4.440662229043490697e+03 0.000000000000000000e+00
4.565991023661094005e+03 0.000000000000000000e+00
4.694414356417404633e+03 0.000000000000000000e+00
4.825932227312420764e+03 0.000000000000000000e+00
4.962091905415495603e+03 0.000000000000000000e+00
5.101346121657277763e+03 0.000000000000000000e+00
5.245242145107119541e+03 0.000000000000000000e+00
5.393006341230344333e+03 0.000000000000000000e+00
5.544638710026950321e+03 0.000000000000000000e+00
5.700139251496941142e+03 0.000000000000000000e+00
5.861055234709666365e+03 0.000000000000000000e+00
6.025839390595774603e+03 0.000000000000000000e+00
6.195265353689942458e+03 0.000000000000000000e+00
6.369333123992170840e+03 0.000000000000000000e+00
6.548816336037133624e+03 0.000000000000000000e+00
6.732941355290156025e+03 0.000000000000000000e+00
6.922481816285915556e+03 0.000000000000000000e+00
7.117437719024410399e+03 0.000000000000000000e+00
7.317035428970963039e+03 0.000000000000000000e+00
7.523595849729606925e+03 0.000000000000000000e+00
7.734798077696309520e+03 0.000000000000000000e+00
7.952963016475101540e+03 0.000000000000000000e+00
8.177317031531305474e+03 0.000000000000000000e+00
8.409407391934275438e+03 0.000000000000000000e+00
8.641497752337245402e+03 0.000000000000000000e+00
8.889060803433747424e+03 0.000000000000000000e+00
9.136623854530247627e+03 0.000000000000000000e+00
9.391923250973515678e+03 0.000000000000000000e+00
9.654958992763546121e+03 2.986109999999999923e-31
9.925731079900344412e+03 0.000000000000000000e+00
1.021197585773067476e+04 0.000000000000000000e+00
1.049822063556100329e+04 0.000000000000000000e+00
1.079220175873809967e+04 0.000000000000000000e+00
1.109391922726196026e+04 0.000000000000000000e+00
1.140337304113258688e+04 3.593000000000000103e-30
1.172829954569674373e+04 1.579869999999999974e-28
1.206096239560766662e+04 3.780599999999999827e-28
1.239362524551859315e+04 8.229700000000000481e-28
1.274176078612304809e+04 1.768200000000000007e-27
1.310536901742103328e+04 3.751899999999999777e-27
1.346897724871902028e+04 7.867200000000000431e-27
1.384805817071053752e+04 1.632549999999999820e-26
1.424261178339558683e+04 3.353700000000000124e-26
1.464490174142740034e+04 6.814900000000001092e-26
1.505492804480597988e+04 1.372170000000000027e-25
1.548042703887808966e+04 2.739400000000000233e-25
1.591366237829696911e+04 5.425300000000000159e-25
1.636237040840937880e+04 1.065870000000000022e-24
1.681881478386855088e+04 2.078600000000000176e-24
1.729073185002125683e+04 4.027499999999999525e-24
1.777812160686749485e+04 7.739100000000000404e-24
1.828098405440726128e+04 1.476399999999999861e-23
1.879158284729379375e+04 2.795100000000000296e-23
1.932539067622062794e+04 5.246600000000000169e-23
1.986693485049422088e+04 9.758500000000000013e-23
2.042395171546134952e+04 1.798800000000000153e-22
2.100417761646877261e+04 3.274099999999999579e-22
2.159213986282296537e+04 5.888299999999999899e-22
2.220331114521745258e+04 1.043740000000000118e-21
2.282221877295870581e+04 1.822100000000000217e-21
2.346433543674025350e+04 3.126300000000000005e-21
2.412966113656210291e+04 5.266900000000000443e-21
2.480272318173071471e+04 8.699299999999999509e-21
2.550673060828639063e+04 1.410200000000000027e-20
2.621847438018882895e+04 2.242800000000000211e-20
2.696116353347833501e+04 3.497200000000000157e-20
2.771932537746137314e+04 5.358999999999999877e-20
2.849295991213793604e+04 8.065699999999999431e-20
2.929753982820156671e+04 1.194700000000000035e-19
3.012532878030549182e+04 1.745999999999999944e-19
3.096859042310294899e+04 2.522100000000000238e-19
3.184279744728746664e+04 3.613899999999999795e-19
3.274021350751228601e+04 5.137099999999999420e-19
3.366083860377739620e+04 7.276400000000000047e-19
3.460467273608280811e+04 1.030199999999999919e-18
3.557945224977528414e+04 1.464299999999999981e-18
3.657744079950805462e+04 2.099399999999999784e-18
3.760637473062788195e+04 3.049300000000000022e-18
3.866625404313478793e+04 4.509799999999999684e-18
3.975707873702874349e+04 6.801000000000000250e-18
4.087111246696300077e+04 1.038499999999999982e-17
4.202382792363108456e+04 1.578799999999999950e-17
4.320748876168622519e+04 2.340199999999999920e-17
4.442209498112843721e+04 3.338400000000000047e-17
4.567538292730447574e+04 4.568899999999999778e-17
4.695961625486757839e+04 6.018999999999999789e-17
4.828253130916450027e+04 7.659000000000000307e-17
4.963639174484850082e+04 9.456000000000000220e-17
5.103667025261308299e+04 1.137899999999999962e-16
5.246789414176472928e+04 1.337700000000000023e-16
5.394553610299696447e+04 1.544200000000000026e-16
5.546185979096303345e+04 1.753600000000000037e-16
5.702460155100970587e+04 1.963300000000000269e-16
5.862602503779019753e+04 2.172100000000000082e-16
6.027386659665127809e+04 2.378599999999999839e-16
6.197586257293972449e+04 2.580599999999999966e-16
6.371654027596200467e+04 2.778799999999999913e-16
6.551137239641163615e+04 2.972300000000000000e-16
6.735262258894185652e+04 3.160800000000000006e-16
6.924802719889945001e+04 3.343300000000000013e-16
7.118984988093763241e+04 3.520699999999999701e-16
7.319356332574994303e+04 3.692100000000000376e-16
7.525916753333636734e+04 3.858599999999999729e-16
7.736345346765663999e+04 4.018699999999999609e-16
7.952963016475101176e+04 4.173900000000000139e-16
8.177317031531306566e+04 4.321699999999999799e-16
8.409407391934275802e+04 4.464300000000000381e-16
8.649234097684010339e+04 4.599599999999999838e-16
8.889060803433746332e+04 4.729699999999999724e-16
9.136623854530249082e+04 4.853000000000000169e-16
9.399659596320279525e+04 4.969999999999999901e-16
9.662695338110312878e+04 5.081000000000000127e-16
9.933467425247111532e+04 5.185999999999999861e-16
1.021197585773067403e+05 5.283999999999999679e-16
1.049822063556100475e+05 5.377000000000000401e-16
1.079220175873809931e+05 5.463000000000000221e-16
1.110165557260872592e+05 5.542999999999999548e-16
1.141110938647935400e+05 5.615999999999999946e-16
1.172829954569674592e+05 5.685000000000000672e-16
1.206096239560766844e+05 5.747000000000000497e-16
1.240136159086535918e+05 5.802000000000000404e-16
1.274949713146981230e+05 5.851999999999999245e-16
1.310536901742103510e+05 5.896999999999999976e-16
1.347671359406578704e+05 5.934999999999999804e-16
1.385579451605730283e+05 5.968999999999999963e-16
1.424261178339558537e+05 5.997000000000000615e-16
1.464490174142739852e+05 6.020000000000000200e-16
1.506266439015274518e+05 6.037000000000000279e-16
1.548042703887809475e+05 6.051000000000000112e-16
1.592139872364373296e+05 6.058000000000001014e-16
1.637010675375614373e+05 6.060999999999999288e-16
1.682655112921531836e+05 6.059999999999999863e-16
1.729846819536802068e+05 6.052999999999999947e-16
1.778585795221425942e+05 6.042999999999999784e-16
1.828872039975402586e+05 6.028999999999999951e-16
1.879931919264055905e+05 6.009000000000000612e-16
1.933312702156739251e+05 5.986999999999999466e-16
1.987467119584098982e+05 5.961000000000000621e-16
2.043168806080811482e+05 5.931000000000000134e-16
2.101191396181554010e+05 5.896999999999999976e-16
2.159987620816973213e+05 5.859000000000000147e-16
2.221104749056421861e+05 5.818999999999999497e-16
2.282995511830547475e+05 5.775999999999999587e-16
2.347207178208702244e+05 5.729999999999999432e-16
2.413739748190887040e+05 5.679999999999999605e-16
2.481819587242424604e+05 5.627999999999999943e-16
2.551446695363315521e+05 5.574999999999999871e-16
2.623394707088236464e+05 5.518000000000000128e-16
2.696889987882510177e+05 5.458999999999999564e-16
2.772706172280813917e+05 5.398000000000000150e-16
2.850843260283146519e+05 5.334999999999999916e-16
2.931301251889509731e+05 5.269999999999999845e-16
3.013306512565225712e+05 5.203999999999999365e-16
3.098406311379647814e+05 5.137000000000000445e-16
3.185053379263423849e+05 5.067000000000000294e-16
3.274794985285904841e+05 4.996000000000000718e-16
3.366857494912417023e+05 4.925000000000000156e-16
3.462014542677634163e+05 4.852000000000000745e-16
3.559492494046881329e+05 4.777999999999999937e-16
3.659291349020158523e+05 4.704000000000000115e-16
3.762184742132142419e+05 4.627999999999999471e-16
3.868172673382831854e+05 4.551999999999999814e-16
