3.094538158020853189e+03 0.000000000000000000e+00
3.170354342892364002e+03 0.000000000000000000e+00
3.248491431382390601e+03 0.000000000000000000e+00
3.328175788951427421e+03 0.000000000000000000e+00
3.410181050138980027e+03 0.000000000000000000e+00
3.493733580405542853e+03 0.000000000000000000e+00
3.579607014290621919e+03 0.000000000000000000e+00
3.667027717254710751e+03 0.000000000000000000e+00
3.757542958376820934e+03 0.000000000000000000e+00
3.849605468577940883e+03 0.000000000000000000e+00
3.943988882397577527e+03 0.000000000000000000e+00
4.041466834375233702e+03 0.000000000000000000e+00
4.140492055431901463e+03 0.000000000000000000e+00
4.241838180107084554e+03 0.000000000000000000e+00
4.346278842940288087e+03 0.000000000000000000e+00
4.453040409392007859e+03 0.000000000000000000e+00
4.562122879462242963e+03 0.000000000000000000e+00
4.674299887690498508e+03 0.000000000000000000e+00
4.789571434076775404e+03 0.000000000000000000e+00
4.907163884081567630e+03 0.000000000000000000e+00
5.027077237704876097e+03 0.000000000000000000e+00
5.150858764025709206e+03 0.000000000000000000e+00
5.276961193965059465e+03 0.000000000000000000e+00
5.406931796601935275e+03 0.000000000000000000e+00
5.539996937396831527e+03 0.000000000000000000e+00
5.675382981810244928e+03 0.000000000000000000e+00
5.815410833460688082e+03 0.000000000000000000e+00
5.957759588729647476e+03 0.000000000000000000e+00
6.103976516696132421e+03 0.000000000000000000e+00
6.254061617360143828e+03 0.000000000000000000e+00
6.408014890721681695e+03 0.000000000000000000e+00
6.565062702241240004e+03 0.000000000000000000e+00
6.725978686458323864e+03 0.000000000000000000e+00
6.891536477912440205e+03 0.000000000000000000e+00
7.060962442064081188e+03 0.000000000000000000e+00
7.234256578913249541e+03 0.000000000000000000e+00
7.412192522999447647e+03 0.000000000000000000e+00
7.593996639783173123e+03 0.000000000000000000e+00
7.782763467422445501e+03 0.000000000000000000e+00
7.968435756903696529e+03 0.000000000000000000e+00
8.169580737175052491e+03 0.000000000000000000e+00
8.370725717446408453e+03 0.000000000000000000e+00
8.571870697717764415e+03 0.000000000000000000e+00
8.780752023384169661e+03 0.000000000000000000e+00
8.997369694445629648e+03 0.000000000000000000e+00
9.221723710902140738e+03 0.000000000000000000e+00
9.446077727358653647e+03 0.000000000000000000e+00
9.678168089210217659e+03 0.000000000000000000e+00
9.917994796456834592e+03 0.000000000000000000e+00
1.015782150370344971e+04 0.000000000000000000e+00
1.041312090174017067e+04 0.000000000000000000e+00
1.066842029977689162e+04 0.000000000000000000e+00
1.093145604320866369e+04 0.000000000000000000e+00
1.119449178664043575e+04 0.000000000000000000e+00
1.147300022086231365e+04 0.000000000000000000e+00
1.175150865508418792e+04 0.000000000000000000e+00
1.203775343470111875e+04 0.000000000000000000e+00
1.233947090510815178e+04 0.000000000000000000e+00
1.264118837551518300e+04 0.000000000000000000e+00
1.295064219131726895e+04 0.000000000000000000e+00
1.326783235251440783e+04 0.000000000000000000e+00
1.359275885910659599e+04 3.468150886720000049e-09
1.392542171109383889e+04 3.312779654080000085e-04
1.427355725387118400e+04 1.150831106880000022e-03
1.462169279664852911e+04 2.208921245439999896e-03
1.497756468482092896e+04 3.536201077759999929e-03
1.534890926378343102e+04 5.392827086400000212e-03
1.572799018814098417e+04 8.190111487999999704e-03
1.611480745789359389e+04 1.253207500480000083e-02
1.650936107304125107e+04 1.937322695359999791e-02
1.691165103358396300e+04 3.029739036479999967e-02
1.732941368491677713e+04 4.793624076800000189e-02
1.775491268164464418e+04 7.672207379200000898e-02
1.818814802376756415e+04 1.242367647039999967e-01
1.863685605668058633e+04 2.037290232639999976e-01
1.909330043498866144e+04 3.379625416959999851e-01
1.956521750408684238e+04 5.671652205440000927e-01
2.004487091858007625e+04 9.623380998400000719e-01
2.053226067846835940e+04 1.650668793280000157e+00
2.104285947454180132e+04 2.858710237759999995e+00
2.155345827061524324e+04 4.993559151359999504e+00
2.208726610287383664e+04 8.786303427200000016e+00
2.262881028052748661e+04 1.556121182720000107e+01
2.318582714897123878e+04 2.767173697599999826e+01
2.375058036281004388e+04 4.931531101120000216e+01
2.433854261283400774e+04 8.792325567999999691e+01
2.493424120825302089e+04 1.562745537600000034e+02
2.554541249446214351e+04 2.767173697599999969e+02
2.617205647146136471e+04 4.867094194559999778e+02
2.681417313925069175e+04 8.485196387199999890e+02
2.747176249783012463e+04 1.463380214399999886e+03
2.815256089259470900e+04 2.491961863040000026e+03
2.884109563275434994e+04 4.187796712319999642e+03
2.955283940909914600e+04 6.937506201599999258e+03
3.027231953083899134e+04 1.130958042240000032e+04
3.101500868876400273e+04 1.818084307519999857e+04
3.178090688287415833e+04 2.880992158719999861e+04
3.256227776777442341e+04 4.508174602880000020e+04
3.335912134346479434e+04 6.979661187199999404e+04
3.417917395534032403e+04 1.074349918719999987e+05
3.502243560340100521e+04 1.647055508799999952e+05
3.588116994225179224e+04 2.526890279680000094e+05
3.676311331728773075e+04 3.907164951039999723e+05
3.766052938311378239e+04 6.142583615999999456e+05
3.858889083052003843e+04 9.930510179200000130e+05
3.953272496871640033e+04 1.673552928319999948e+06
4.050750448849296663e+04 2.961086631359999999e+06
4.149775669905963878e+04 5.382589447039999999e+06
4.251895429120652261e+04 9.527026745600000024e+06
4.356336091953855794e+04 1.577800889599999972e+07
4.463871292945080495e+04 2.441978094400000200e+07
4.572953763015315053e+04 3.566311781760000437e+07
4.685904405783076800e+04 4.974288300800000131e+07
4.800402317629848403e+04 6.672532006399999559e+07
4.918768402174145740e+04 8.665860611200000346e+07
5.038681755797453661e+04 1.094222983359999955e+08
5.163236916657793336e+04 1.350766181440000236e+08
5.290112981136648159e+04 1.632602370879999995e+08
5.420083583773524151e+04 1.937924909440000057e+08
5.553148724568420585e+04 2.264927154880000055e+08
5.689308403521338187e+04 2.611802464959999919e+08
5.829336255171782250e+04 2.977346411520000100e+08
5.972458644980246027e+04 3.359150138240000010e+08
6.118675572946731700e+04 3.756611431039999723e+08
6.269534308150247671e+04 4.167923647680000067e+08
6.423487581511786266e+04 4.592484574079999924e+08
6.581309027570848411e+04 5.029691996160000563e+08
6.742225011787933181e+04 5.477739271679999828e+08
6.908556437781553541e+04 5.939637471040000916e+08
7.077982401933195069e+04 6.413579951999999285e+08
7.252050173321869806e+04 6.895351216000000238e+08
7.429986117408068094e+04 7.389166761599999666e+08
7.612563868731298135e+04 7.895026588799999952e+08
7.798236158212549344e+04 8.412930697599999905e+08
7.991644793088853476e+04 8.936856947200000286e+08
8.185053427965156152e+04 9.478849619199999571e+08
8.386198408236511750e+04 1.002686443200000048e+09
8.595079733902918815e+04 1.058692352639999986e+09
8.803961059569327335e+04 1.115300476160000086e+09
9.020578730630787322e+04 1.173715241919999838e+09
9.244932747087297321e+04 1.232732221759999990e+09
9.469286763543810230e+04 1.292351415680000067e+09
9.701377125395373150e+04 1.353175037759999990e+09
9.941203832641990448e+04 1.415203088000000000e+09
1.018876688528365776e+05 1.478435566399999857e+09
1.043632993792532652e+05 1.541668044800000191e+09
1.069162933596204675e+05 1.606707165440000057e+09
1.095466507939381991e+05 1.671746286080000162e+09
1.122543716822064453e+05 1.737989834879999876e+09
1.149620925704746915e+05 1.805437811839999914e+09
1.178245403666439815e+05 1.872885788799999952e+09
1.206869881628132716e+05 1.941538193920000076e+09
1.237041628668836056e+05 2.010792813120000124e+09
1.267213375709539250e+05 2.080649646399999857e+09
1.298158757289747882e+05 2.151108693759999752e+09
1.329877773409461661e+05 2.222169955199999809e+09
1.362370424068680441e+05 2.294435644800000191e+09
1.396410343806910096e+05 2.366701334400000095e+09
1.430450263545139169e+05 2.439569238079999924e+09
1.465263817822874116e+05 2.512437141759999752e+09
1.501624641179619066e+05 2.586509473599999905e+09
1.538759099075869308e+05 2.660581805439999580e+09
1.575893556972119550e+05 2.734654137280000210e+09
1.615348918486885086e+05 2.809930897279999733e+09
1.654804280001651205e+05 2.885207657280000210e+09
1.695033276055922324e+05 2.960484417280000210e+09
1.736809541189203737e+05 3.035761177279999733e+09
1.779359440861990442e+05 3.111640151359999657e+09
1.823456609613787732e+05 3.187519125440000057e+09
1.868327412905090023e+05 3.263398099519999981e+09
1.913971850735897606e+05 3.339879287679999828e+09
1.961163557645715773e+05 3.415758261759999752e+09
2.009128899095038651e+05 3.492239449920000076e+09
2.058641509623372403e+05 3.568118424000000000e+09
2.108927754691211449e+05 3.643997398079999924e+09
2.160761268838060496e+05 3.719876372159999847e+09
2.214142052063920419e+05 3.795153132160000324e+09
2.268296469829285343e+05 3.871032106240000248e+09
2.323998156673660560e+05 3.945706652159999847e+09
2.381247112597046362e+05 4.020381198079999924e+09
2.439269703059937456e+05 4.095055744000000000e+09
2.499613197141344135e+05 4.169128075840000153e+09
2.560730325762256107e+05 4.242598193599999905e+09
2.624168358001683373e+05 4.316068311359999657e+09
2.688380024780615931e+05 4.388936215039999962e+09
2.754138960638559074e+05 4.460599690560000420e+09
2.821445165575512801e+05 4.532263166079999924e+09
2.891072274130981532e+05 4.603324427520000458e+09
2.962246651765461429e+05 4.673181260800000191e+09
3.034968298478951328e+05 4.743038094079999924e+09
3.109237214271451812e+05 4.811690499199999809e+09
3.185827033682467882e+05 4.880342904320000648e+09
3.263964122172494535e+05 4.947188667199999809e+09
3.344422114281036775e+05 5.014034430079999924e+09
3.426427375468589598e+05 5.079675764800000191e+09
3.510753540274658008e+05 5.144714885440000534e+09
3.596626974159736419e+05 5.207947363840000153e+09
3.684821311663330998e+05 5.271179842239999771e+09
3.775336552785440581e+05 5.333810106560000420e+09
3.868172697526066331e+05 5.394031514559999466e+09
