1.547269079010426594e+03 0.000000000000000000e+00
1.590592613222718455e+03 0.000000000000000000e+00
1.635463416514020764e+03 0.000000000000000000e+00
1.681881488884333749e+03 0.000000000000000000e+00
1.729073195794151616e+03 0.000000000000000000e+00
1.777812171782980158e+03 0.000000000000000000e+00
1.827324782311313584e+03 0.000000000000000000e+00
1.879158296458163022e+03 0.000000000000000000e+00
1.931765445144517571e+03 0.000000000000000000e+00
1.985919862909882340e+03 0.000000000000000000e+00
2.041621549754258012e+03 0.000000000000000000e+00
2.099644140217148561e+03 0.000000000000000000e+00
2.158440365219545129e+03 0.000000000000000000e+00
2.218783859300951463e+03 0.000000000000000000e+00
2.281448257000874037e+03 0.000000000000000000e+00
2.345659923779806832e+03 0.000000000000000000e+00
2.411418859637749392e+03 0.000000000000000000e+00
2.479498699114208648e+03 0.000000000000000000e+00
2.549125807669677670e+03 0.000000000000000000e+00
2.621073819843662477e+03 0.000000000000000000e+00
2.694569101096657960e+03 0.000000000000000000e+00
2.770385285968168319e+03 0.000000000000000000e+00
2.848522374458195372e+03 0.000000000000000000e+00
2.928980366566737302e+03 0.000000000000000000e+00
3.010985627754289908e+03 0.000000000000000000e+00
3.096085427099863409e+03 0.000000000000000000e+00
3.183506130063952241e+03 0.000000000000000000e+00
3.272474102107051749e+03 0.000000000000000000e+00
3.364536612308172607e+03 0.000000000000000000e+00
3.459693660667313452e+03 0.000000000000000000e+00
3.556397978105465427e+03 0.000000000000000000e+00
3.656970468241142953e+03 0.000000000000000000e+00
3.759863861995336265e+03 0.000000000000000000e+00
3.865851793907550473e+03 0.000000000000000000e+00
3.974160629438280921e+03 0.000000000000000000e+00
4.086337637666536466e+03 0.000000000000000000e+00
4.200835549513308251e+03 0.000000000000000000e+00
4.319201634057605588e+03 0.000000000000000000e+00
4.440662256759923366e+03 0.000000000000000000e+00
4.565991052159768515e+03 0.000000000000000000e+00
4.694414385717634104e+03 0.000000000000000000e+00
4.825932257433520135e+03 0.000000000000000000e+00
4.962091936386437737e+03 0.000000000000000000e+00
5.101346153497375781e+03 0.000000000000000000e+00
5.245242177845346305e+03 0.000000000000000000e+00
5.393006374890842380e+03 0.000000000000000000e+00
5.544638744633863098e+03 0.000000000000000000e+00
5.700139287074411186e+03 0.000000000000000000e+00
5.861055271291495956e+03 0.000000000000000000e+00
6.025839428206106277e+03 0.000000000000000000e+00
6.195265392357747260e+03 0.000000000000000000e+00
6.369333163746420723e+03 0.000000000000000000e+00
6.548816376911629959e+03 0.000000000000000000e+00
6.732941397313870766e+03 0.000000000000000000e+00
6.922481859492648255e+03 0.000000000000000000e+00
7.117437763447962425e+03 0.000000000000000000e+00
7.317809109179811458e+03 0.000000000000000000e+00
7.523595896688198991e+03 0.000000000000000000e+00
7.734798125973122296e+03 0.000000000000000000e+00
7.952963066113592504e+03 0.000000000000000000e+00
8.177317082570103594e+03 0.000000000000000000e+00
8.409407444421667606e+03 0.000000000000000000e+00
8.641497806273231618e+03 0.000000000000000000e+00
8.889060858914899654e+03 0.000000000000000000e+00
9.136623911556569510e+03 0.000000000000000000e+00
9.391923309593288650e+03 0.000000000000000000e+00
9.654959053025060712e+03 0.000000000000000000e+00
9.925731141851885695e+03 0.000000000000000000e+00
1.021197592146881470e+04 0.000000000000000000e+00
1.049822070108574371e+04 0.000000000000000000e+00
1.079220182609772564e+04 0.000000000000000000e+00
1.109391929650475686e+04 0.000000000000000000e+00
1.140337311230684281e+04 0.000000000000000000e+00
1.172829961889903279e+04 0.000000000000000000e+00
1.206096247088627388e+04 0.000000000000000000e+00
1.239362532287351678e+04 0.000000000000000000e+00
1.274176086565086189e+04 0.000000000000000000e+00
1.310536909921831284e+04 0.000000000000000000e+00
1.346897733278576379e+04 0.000000000000000000e+00
1.384805825714331695e+04 0.000000000000000000e+00
1.424261187229097595e+04 0.000000000000000000e+00
1.464490183283368788e+04 0.000000000000000000e+00
1.505492813877144908e+04 0.000000000000000000e+00
1.548042713549931614e+04 0.000000000000000000e+00
1.591366247762223611e+04 0.000000000000000000e+00
1.636237051053526193e+04 0.000000000000000000e+00
1.681881488884333521e+04 0.000000000000000000e+00
1.729073195794151616e+04 0.000000000000000000e+00
1.777812171782979931e+04 0.000000000000000000e+00
1.828098416850818830e+04 0.000000000000000000e+00
1.879158296458163022e+04 0.000000000000000000e+00
1.932539079684022727e+04 0.000000000000000000e+00
1.986693497449387723e+04 0.000000000000000000e+00
2.042395184293762941e+04 0.000000000000000000e+00
2.100417774756654035e+04 0.000000000000000000e+00
2.159213999759050057e+04 0.000000000000000000e+00
2.220331128379961956e+04 0.000000000000000000e+00
2.282221891540379147e+04 1.182146239039999857e-06
2.346433558319311851e+04 0.000000000000000000e+00
2.412966128716760431e+04 1.456153645440000019e-04
2.480272333653713576e+04 5.762586531519999986e-03
2.550673076748688254e+04 6.088384348800000151e-02
2.621847454383167496e+04 4.857458769280000310e-01
2.696116370175667907e+04 3.109833509120000006e+00
2.771932555047179267e+04 1.651271007359999743e+01
2.850069643537205775e+04 7.178391833599999927e+01
2.929754001106242504e+04 2.645526453439999841e+02
3.012532896833300401e+04 8.406908556800000270e+02
3.096859061639368883e+04 2.346226055679999718e+03
3.184279764603457443e+04 5.858338570240000081e+03
3.274021371186062606e+04 1.332097544960000050e+04
3.366083881387182919e+04 2.805715398719999939e+04
3.460467295206819108e+04 5.569878025920000073e+04
3.557945247184475738e+04 1.062305637120000029e+05
3.657744102780648245e+04 1.980079895039999974e+05
3.760637496534841193e+04 3.671097031680000364e+05
3.866625428447056038e+04 6.961594764800000703e+05
3.975707898517291324e+04 1.401954378239999991e+06
4.087884906745546323e+04 3.043589960320000071e+06
4.202382818592318654e+04 6.618332739199999720e+06
4.320748903136615991e+04 1.286931488959999941e+07
4.442209525838934496e+04 2.213136744000000134e+07
4.567538321238778735e+04 3.471161957119999826e+07
4.695961654796644871e+04 5.093526688639999926e+07
4.828253161052035284e+04 7.094081862400001287e+07
4.963639205465448322e+04 9.484871759999999404e+07
5.103667057115892385e+04 1.224903438720000088e+08
5.246789446924356162e+04 1.534441475840000212e+08
5.394553643969851692e+04 1.876499073280000091e+08
5.546186013712873682e+04 2.247462946559999883e+08
5.702460190692927426e+04 2.644924239360000193e+08
5.862602540370506176e+04 3.066474095360000134e+08
6.027386697285116679e+04 3.509101444160000086e+08
6.197586295976262772e+04 3.970999643519999981e+08
6.371654067364936782e+04 4.450362051200000048e+08
6.551137280530145654e+04 4.946586453119999766e+08
6.735262300932385551e+04 5.457866207039999962e+08
6.924802763111164677e+04 5.986007955199999809e+08
7.120532301605983230e+04 6.528000627200000286e+08
7.320130012798328244e+04 7.082037580800000429e+08
7.525916800306714140e+04 7.654140956799999475e+08
7.736345395052133244e+04 8.244310755199999809e+08
7.952963066113591776e+04 8.840502694400000572e+08
8.177317082570104685e+04 9.454761056000000238e+08
8.409407444421667606e+04 1.008106369919999957e+09
8.649234151668283448e+04 1.072543276480000019e+09
8.889060858914900746e+04 1.138184611200000048e+09
9.136623911556569510e+04 1.205030374079999924e+09
9.399659654988341208e+04 1.273080565120000124e+09
9.662695398420114361e+04 1.342335184320000172e+09
9.933467487246937526e+04 1.413396445759999990e+09
1.021197592146881507e+05 1.485059921279999971e+09
1.049822070108574408e+05 1.557927824960000038e+09
1.079220182609772455e+05 1.632602370880000114e+09
1.110165564189980942e+05 1.707276916800000191e+09
1.141110945770189574e+05 1.783758104960000038e+09
1.172829961889903352e+05 1.861443721279999971e+09
1.206096247088627424e+05 1.939731551680000067e+09
1.240136166826856934e+05 2.018621596160000086e+09
1.274949721104591445e+05 2.098716068799999952e+09
1.310536909921831393e+05 2.180014969599999905e+09
1.347671367818081635e+05 2.261313870399999619e+09
1.385579460253836878e+05 2.343817199360000134e+09
1.424261187229097704e+05 2.426922742399999619e+09
1.464490183283368533e+05 2.510630499519999981e+09
1.506266448416650237e+05 2.594940470719999790e+09
1.548042713549931941e+05 2.679852656000000000e+09
1.592139882301728649e+05 2.765367055359999657e+09
1.637010685593031230e+05 2.850881454719999790e+09
1.682655123423838813e+05 2.936998068160000324e+09
1.729846830333656690e+05 3.023716895680000305e+09
1.778585806322485150e+05 3.110435723200000286e+09
1.828872051390324195e+05 3.197154550720000267e+09
1.879931930997668242e+05 3.283873378240000248e+09
1.933312714223527873e+05 3.371194419840000153e+09
1.987467131988892797e+05 3.457913247360000134e+09
2.043168818833268306e+05 3.545234288959999561e+09
2.101191409296159109e+05 3.631953116480000019e+09
2.159987634298555495e+05 3.718671944000000000e+09
2.221104762919467175e+05 3.804788557440000057e+09
2.282995526079884439e+05 3.891507384960000038e+09
2.347207192858816998e+05 3.977021784320000172e+09
2.413739763256265433e+05 4.062536183680000305e+09
2.481819602732723870e+05 4.146846154880000114e+09
2.551446711288193183e+05 4.231758340159999847e+09
2.623394723462177790e+05 4.314863883199999809e+09
2.696890004715173272e+05 4.398571640320000648e+09
2.772706189586684341e+05 4.480472755199999809e+09
2.850843278076710994e+05 4.562373870079999924e+09
2.931301270185253234e+05 4.643070556799999237e+09
3.013306531372806057e+05 4.723165029440000534e+09
3.098406330718378886e+05 4.801452859840000153e+09
3.185053399142962880e+05 4.879740690239999771e+09
3.274795005725567462e+05 4.956221878399999619e+09
3.366857515926688211e+05 5.032703066560000420e+09
3.462014564285829547e+05 5.107377612480000496e+09
3.559492516263485886e+05 5.180847730239999771e+09
3.659291371859658393e+05 5.253113419840000153e+09
3.762184765613852069e+05 5.324776895359999657e+09
3.868172697526066331e+05 5.394031514559999466e+09
