3.094538158020853189e+03 0.000000000000000000e+00
3.170354342892364002e+03 0.000000000000000000e+00
3.248491431382390601e+03 0.000000000000000000e+00
3.328175788951427421e+03 0.000000000000000000e+00
3.410181050138980027e+03 0.000000000000000000e+00
3.493733580405542853e+03 0.000000000000000000e+00
3.579607014290621919e+03 0.000000000000000000e+00
3.667027717254710751e+03 0.000000000000000000e+00
3.757542958376820934e+03 0.000000000000000000e+00
3.849605468577940883e+03 0.000000000000000000e+00
3.943988882397577527e+03 0.000000000000000000e+00
4.040693199835728592e+03 0.000000000000000000e+00
4.140492055431901463e+03 0.000000000000000000e+00
4.241838180107084554e+03 0.000000000000000000e+00
4.346278842940288087e+03 0.000000000000000000e+00
4.453040409392007859e+03 0.000000000000000000e+00
4.562122879462242963e+03 0.000000000000000000e+00
4.674299887690498508e+03 0.000000000000000000e+00
4.789571434076775404e+03 0.000000000000000000e+00
4.907163884081567630e+03 0.000000000000000000e+00
5.027077237704876097e+03 0.000000000000000000e+00
5.150858764025709206e+03 0.000000000000000000e+00
5.276961193965059465e+03 0.000000000000000000e+00
5.406931796601935275e+03 0.000000000000000000e+00
5.539996937396831527e+03 0.000000000000000000e+00
5.676156616349750038e+03 0.000000000000000000e+00
5.815410833460688082e+03 8.997078355199999988e-02
5.957759588729647476e+03 1.564552179840000001e-01
6.103976516696132421e+03 2.682863726399999926e-01
6.254061617360143828e+03 4.539489735039999863e-01
6.408014890721681695e+03 7.581875267200000046e-01
6.565062702241240004e+03 1.250196430079999921e+00
6.726752320997829884e+03 2.035483590400000153e+00
6.891536477912440205e+03 3.274840167039999805e+00
7.060962442064081188e+03 5.207345149760000069e+00
7.234256578913249541e+03 8.184089347200000475e+00
7.412192522999447647e+03 1.272478351040000000e+01
7.593996639783173123e+03 1.957195760000000107e+01
7.782763467422445501e+03 2.977346411519999947e+01
7.968435756903696529e+03 4.482279397439999968e+01
8.169580737175052491e+03 6.678554147199999136e+01
8.370725717446408453e+03 9.858244489599999838e+01
8.571870697717764415e+03 1.440496079360000010e+02
8.780752023384169661e+03 2.084865144960000123e+02
8.997369694445629648e+03 2.988788479039999970e+02
9.221723710902140738e+03 4.246813692160000073e+02
9.446077727358653647e+03 5.981792456640000637e+02
9.678168089210217659e+03 8.352709289599999920e+02
9.917994796456834592e+03 1.156251033600000028e+03
1.015782150370344971e+04 1.588038528959999894e+03
1.041312090174017067e+04 2.162550761280000188e+03
1.066842029977689162e+04 2.922544930240000213e+03
1.092371969781361076e+04 3.918607018560000142e+03
1.119449178664043575e+04 5.215776146879999942e+03
1.147300022086231365e+04 6.889329075200000261e+03
1.175150865508418792e+04 9.039233340799999496e+03
1.203775343470111875e+04 1.177328526400000010e+04
1.233947090510815178e+04 1.523601622400000088e+04
1.264118837551518300e+04 1.957797974080000131e+04
1.295064219131726895e+04 2.500392860159999691e+04
1.326783235251440783e+04 3.173065987519999908e+04
1.359275885910659599e+04 4.002314775679999730e+04
1.392542171109383889e+04 5.017647714559999440e+04
1.427355725387118400e+04 6.257004291199999716e+04
1.462169279664852911e+04 7.750495209600000817e+04
1.497756468482092896e+04 9.557137449600000400e+04
1.534890926378343102e+04 1.171908599680000043e+05
1.572799018814098417e+04 1.430258439999999828e+05
1.610707111249853915e+04 1.736183192639999907e+05
1.650936107304125107e+04 2.097511640640000114e+05
1.691165103358396300e+04 2.522072567039999994e+05
1.732941368491677713e+04 3.018899183039999916e+05
1.775491268164464418e+04 3.597626913920000079e+05
1.818814802376756415e+04 4.270300041280000005e+05
1.863685605668058633e+04 5.047156204479999724e+05
1.909330043498866144e+04 5.942648541439999826e+05
1.956521750408684238e+04 6.973639046399999643e+05
2.004487091858007625e+04 8.147956502399999881e+05
2.053226067846835940e+04 9.490893900799999246e+05
2.103512312914674840e+04 1.101449552320000017e+06
2.155345827061524324e+04 1.274284993280000053e+06
2.208726610287383664e+04 1.470004569279999938e+06
2.262881028052748661e+04 1.691017136639999924e+06
2.318582714897123878e+04 1.939731551680000033e+06
2.375058036281004388e+04 2.219158884800000116e+06
2.433854261283400774e+04 2.532912420479999855e+06
2.493424120825302089e+04 2.884003229119999800e+06
2.554541249446214351e+04 3.276646809279999696e+06
2.617205647146136471e+04 3.715660873600000050e+06
2.681417313925069175e+04 4.205863134720000438e+06
2.747176249783012463e+04 4.752071305279999971e+06
2.815256089259470900e+04 5.361511954239999875e+06
2.884109563275434994e+04 6.040207222400000319e+06
2.954510306370409307e+04 6.798996963199999183e+06
3.027231953083899134e+04 7.648118816000000574e+06
3.101500868876400273e+04 8.593594921599999070e+06
3.178090688287415833e+04 9.653491702399998903e+06
3.256227776777442341e+04 1.084587558079999872e+07
3.335912134346479434e+04 1.218279083840000071e+07
3.417917395534032403e+04 1.369434817920000106e+07
3.501469925800595229e+04 1.541065830719999969e+07
3.588116994225179224e+04 1.735580978559999913e+07
3.675537697189268511e+04 1.959002402240000293e+07
3.766052938311378239e+04 2.215545600320000201e+07
3.858889083052003843e+04 2.512437141760000214e+07
3.954046131411144597e+04 2.859914665920000151e+07
4.050750448849296663e+04 3.265806955840000138e+07
4.150549304445469170e+04 3.743964935359999537e+07
4.251895429120652261e+04 4.312455026879999787e+07
4.356336091953855794e+04 4.991150295040000230e+07
4.463871292945080495e+04 5.803537088960000128e+07
4.572953763015315053e+04 6.780930540799999237e+07
4.685904405783076800e+04 7.949225856000000238e+07
4.800402317629848403e+04 9.346362521599999070e+07
4.918768402174145740e+04 1.100245124159999937e+08
5.039455390336958953e+04 1.293555843840000033e+08
5.163236916657793336e+04 1.516375053440000117e+08
5.289339346597142867e+04 1.766896110719999969e+08
5.419309949234018859e+04 2.046323443840000033e+08
5.552375090028915292e+04 2.352248196479999721e+08
5.689308403521338187e+04 2.682261512319999933e+08
5.829336255171782250e+04 3.033954535040000081e+08
5.972458644980246027e+04 3.404918408320000172e+08
6.118675572946731700e+04 3.793948703999999762e+08
6.269534308150247671e+04 4.198636565759999752e+08
6.423487581511786266e+04 4.617777565439999700e+08
6.581309027570848411e+04 5.050769488960000277e+08
6.742225011787933181e+04 5.496407908159999847e+08
6.907782803242049704e+04 5.954090608960000277e+08
7.077982401933195069e+04 6.425624233600000143e+08
7.252050173321869806e+04 6.907395497599999905e+08
7.429986117408068094e+04 7.401211043200000525e+08
7.612563868731298135e+04 7.901048729600000381e+08
7.798236158212549344e+04 8.418952838400000334e+08
7.991644793088853476e+04 8.942879088000000715e+08
8.185053427965156152e+04 9.484871760000000000e+08
8.386198408236511750e+04 1.003288657280000091e+09
8.595079733902918815e+04 1.058692352639999986e+09
8.803961059569327335e+04 1.115902690240000010e+09
9.020578730630787322e+04 1.173715241919999838e+09
9.244932747087297321e+04 1.232732221759999990e+09
9.469286763543810230e+04 1.292953629759999990e+09
9.701377125395373150e+04 1.353777251839999914e+09
9.941203832641990448e+04 1.415805302080000162e+09
1.018876688528365776e+05 1.478435566399999857e+09
1.043632993792532652e+05 1.542270258880000114e+09
1.069162933596204675e+05 1.606707165440000057e+09
1.095466507939381991e+05 1.671746286080000162e+09
1.122543716822064453e+05 1.737989834879999876e+09
1.149620925704746915e+05 1.805437811839999914e+09
1.178245403666439815e+05 1.872885788799999952e+09
1.206869881628132716e+05 1.941538193920000076e+09
1.237041628668836056e+05 2.010792813120000124e+09
1.267213375709539250e+05 2.080649646399999857e+09
1.298158757289747882e+05 2.151108693759999752e+09
1.329877773409461661e+05 2.222169955199999809e+09
1.362370424068680441e+05 2.293833430720000267e+09
1.396410343806910096e+05 2.366701334400000095e+09
1.430450263545139169e+05 2.439569238079999924e+09
1.465263817822874116e+05 2.512437141759999752e+09
1.501624641179619066e+05 2.586509473599999905e+09
1.538759099075869308e+05 2.660581805439999580e+09
1.575893556972119550e+05 2.734654137280000210e+09
1.615348918486885086e+05 2.809930897279999733e+09
1.654804280001651205e+05 2.884605443200000286e+09
1.695033276055922324e+05 2.960484417280000210e+09
1.736809541189203737e+05 3.035761177279999733e+09
1.779359440861990442e+05 3.111640151359999657e+09
1.823456609613787732e+05 3.187519125440000057e+09
1.868327412905090023e+05 3.263398099519999981e+09
1.913971850735897606e+05 3.339879287679999828e+09
1.961163557645715773e+05 3.415758261759999752e+09
2.009128899095038651e+05 3.492239449920000076e+09
2.058641509623372403e+05 3.568118424000000000e+09
2.108927754691211449e+05 3.643997398079999924e+09
2.160761268838060496e+05 3.719876372159999847e+09
2.214142052063920419e+05 3.795153132160000324e+09
2.268296469829285343e+05 3.870429892159999847e+09
2.323998156673660560e+05 3.945706652159999847e+09
2.381247112597046362e+05 4.020381198079999924e+09
2.439269703059937456e+05 4.095055744000000000e+09
2.499613197141344135e+05 4.169128075840000153e+09
2.560730325762256107e+05 4.242598193599999905e+09
2.624168358001683373e+05 4.316068311359999657e+09
2.688380024780615931e+05 4.388936215039999962e+09
2.754138960638559074e+05 4.460599690560000420e+09
2.821445165575512801e+05 4.532263166079999924e+09
2.891072274130981532e+05 4.602722213440000534e+09
2.962246651765461429e+05 4.673181260800000191e+09
3.034968298478951328e+05 4.743038094079999924e+09
3.109237214271451812e+05 4.811690499199999809e+09
3.185827033682467882e+05 4.880342904320000648e+09
3.263964122172494535e+05 4.947188667199999809e+09
3.344422114281036775e+05 5.013432216000000000e+09
3.426427375468589598e+05 5.079675764800000191e+09
3.510753540274658008e+05 5.144714885440000534e+09
3.596626974159736419e+05 5.207947363840000153e+09
3.684821311663330998e+05 5.271179842239999771e+09
3.775336552785440581e+05 5.333810106560000420e+09
3.868172697526066331e+05 5.394031514559999466e+09
