3.094538158020853189e+03 0.000000000000000000e+00
3.147918941246712620e+03 0.000000000000000000e+00
3.202073359012077617e+03 0.000000000000000000e+00
3.257001411316947724e+03 0.000000000000000000e+00
3.313476732700828506e+03 0.000000000000000000e+00
3.370725688624213944e+03 0.000000000000000000e+00
3.428748279087104947e+03 0.000000000000000000e+00
3.487544504089501061e+03 0.000000000000000000e+00
3.547887998170907849e+03 0.000000000000000000e+00
3.609005126791820203e+03 0.000000000000000000e+00
3.671669524491742322e+03 0.000000000000000000e+00
3.734333922191664442e+03 0.000000000000000000e+00
3.799319223510102347e+03 0.000000000000000000e+00
3.864304524828540252e+03 0.000000000000000000e+00
3.930837095225988378e+03 0.000000000000000000e+00
3.998916934702447634e+03 0.000000000000000000e+00
4.003558741939478296e+03 0.000000000000000000e+00
4.032183219901171469e+03 0.000000000000000000e+00
1.374748576700763806e+04 1.516375053439999756e+05
1.374748576700763806e+04 1.520590552000000025e+05
1.373974942161258696e+04 1.511557340799999947e+05
4.034504123519686800e+03 0.000000000000000000e+00
3.846510930419919987e+03 0.000000000000000000e+00
3.928516191607473047e+03 0.000000000000000000e+00
4.019031432729582320e+03 0.000000000000000000e+00
1.425034821768602887e+04 2.169175116160000034e+05
4.027541412664139898e+03 0.000000000000000000e+00
4.039919565296223482e+03 0.000000000000000000e+00
1.318273255316883296e+04 9.846200208000000566e+04
4.033730488980181690e+03 0.000000000000000000e+00
1.332198677027977283e+04 1.099642910080000001e+05
1.317499620777378186e+04 9.779956659200000286e+04
1.496209199403082312e+04 3.450686678399999510e+05
4.027541412664139898e+03 0.000000000000000000e+00
3.995822396544426283e+03 0.000000000000000000e+00
1.500851006640113701e+04 3.555471928319999715e+05
1.534890926378343102e+04 4.380505217919999850e+05
4.013615990953046548e+03 0.000000000000000000e+00
1.522512773746259700e+04 4.064945039999999572e+05
1.319046889856388589e+04 9.906421615999999631e+04
1.378616749398290085e+04 1.564552179840000172e+05
1.571251749735088197e+04 5.389213801919999532e+05
1.320594158935398991e+04 1.004493085439999995e+05
1.394863074727899402e+04 1.758465113600000041e+05
4.018257798190077210e+03 0.000000000000000000e+00
1.322141428014409576e+04 1.017741795200000051e+05
1.630821609276989693e+04 7.467454591999999247e+05
1.320594158935398991e+04 1.000277586880000017e+05
1.328330504330451186e+04 1.067123349759999983e+05
1.321367793474904283e+04 1.006901941759999900e+05
4.035277758059191910e+03 0.000000000000000000e+00
1.449791127032769691e+04 2.561818696320000163e+05
1.322915062553914686e+04 1.020150651519999956e+05
1.317499620777378186e+04 9.792000940799999807e+04
1.381711287556310890e+04 1.601889452800000145e+05
1.317499620777378186e+04 9.798023081600001024e+04
1.323688697093419978e+04 1.025570578240000032e+05
1.397957612885920389e+04 1.793995744320000231e+05
4.032183219901171469e+03 0.000000000000000000e+00
1.362370424068680404e+04 1.384490169919999898e+05
4.040693199835728592e+03 0.000000000000000000e+00
3.206715166249108734e+03 0.000000000000000000e+00
3.899118079106274763e+03 0.000000000000000000e+00
3.991954223846900277e+03 0.000000000000000000e+00
3.243849624145359030e+03 0.000000000000000000e+00
3.945536151476587747e+03 0.000000000000000000e+00
3.611326030410335534e+03 0.000000000000000000e+00
3.273247736646556859e+03 0.000000000000000000e+00
3.654649564622627167e+03 0.000000000000000000e+00
3.902212617264295204e+03 0.000000000000000000e+00
3.932384364304998599e+03 0.000000000000000000e+00
3.367631150466193503e+03 0.000000000000000000e+00
3.773789283706430524e+03 0.000000000000000000e+00
1.319046889856388589e+04 9.882333052800000587e+04
4.005879645557994536e+03 0.000000000000000000e+00
3.860436352131014246e+03 0.000000000000000000e+00
3.941667978779061286e+03 0.000000000000000000e+00
1.322141428014409576e+04 1.017741795200000051e+05
4.037598661677708151e+03 0.000000000000000000e+00
3.627572355739944669e+03 0.000000000000000000e+00
1.324462331632925088e+04 1.035808217600000062e+05
4.040693199835728592e+03 0.000000000000000000e+00
1.342255926041544990e+04 1.188168379839999980e+05
1.367012231305711794e+04 1.436882794880000001e+05
3.959461573187681552e+03 0.000000000000000000e+00
1.322915062553914686e+04 1.021355079680000053e+05
1.345350464199565977e+04 1.220687940159999998e+05
1.368559500384722196e+04 1.454347003199999745e+05
1.392542171109383889e+04 1.728354409600000072e+05
1.416524841834045401e+04 2.045721229760000133e+05
1.440507512558707094e+04 2.417287317120000080e+05
1.465263817822873898e+04 2.847870384320000303e+05
1.490793757626545994e+04 3.345901428479999886e+05
1.516323697430217908e+04 3.920413660800000071e+05
1.542627271773395296e+04 4.581042506559999892e+05
1.569704480656077612e+04 5.338627819199999794e+05
1.596781689538760111e+04 6.202805023999999976e+05
1.623858898421442791e+04 7.196458255999999819e+05
1.651709741843630036e+04 8.322598585600000806e+05
1.680334219805323301e+04 9.599292435200000182e+05
1.709732332306521130e+04 1.104460622720000101e+06
1.739130444807719687e+04 1.267660638400000054e+06
1.768528557308917516e+04 1.451938146880000131e+06
1.799473938889125930e+04 1.659099790400000056e+06
1.830419320469334707e+04 1.891554425280000083e+06
1.862138336589048413e+04 2.151710907840000000e+06
1.893857352708762119e+04 2.442580308480000123e+06
1.926350003367981117e+04 2.766571483520000242e+06
1.959616288566705043e+04 3.126695503359999973e+06
1.993656208304934626e+04 3.526565652480000164e+06
2.028469762582669136e+04 3.969795215360000264e+06
2.063283316860403647e+04 4.459395262400000356e+06
2.098870505677643450e+04 4.999581292159999721e+06
2.134457694494883253e+04 5.594568803199999966e+06
2.171592152391133641e+04 6.250982150400000624e+06
2.208726610287383664e+04 6.967616905599999242e+06
2.247408337262644272e+04 7.750495209599999711e+06
2.286090064237905244e+04 8.611661344000000507e+06
2.325545425752670781e+04 9.551115308800000697e+06
2.365000787267437045e+04 1.057487924479999952e+07
2.406003417861213165e+04 1.168295315199999884e+07
2.447779682994494942e+04 1.289340345280000009e+07
2.489555948127776355e+04 1.420623014719999954e+07
2.532879482340068353e+04 1.562745537600000016e+07
2.576203016552360350e+04 1.716310128000000119e+07
2.621073819843662568e+04 1.881919000000000000e+07
2.665944623134965150e+04 2.060776581760000065e+07
2.711589060965772296e+04 2.253485087359999865e+07
2.758780767875590391e+04 2.461248944959999993e+07
2.805972474785408122e+04 2.684068154560000077e+07
2.854711450774236800e+04 2.923147144319999963e+07
2.903450426763065479e+04 3.179088128319999948e+07
2.953736671830904379e+04 3.453095534719999880e+07
3.004796551438248207e+04 3.746373791679999977e+07
3.056630065585097691e+04 4.060127327359999716e+07
3.109237214271452103e+04 4.394356141760000587e+07
3.162617997497311808e+04 4.750264663040000200e+07
3.217546049802181733e+04 5.129659533439999819e+07
3.273247736646557314e+04 5.533142967040000111e+07
3.328949423490932531e+04 5.961919391999999434e+07
3.386972013953823625e+04 6.419602092799999565e+07
3.444994604416714719e+04 6.901373356800000370e+07
3.504564463958616398e+04 7.413255324799999595e+07
3.564907958040022640e+04 7.955247996799999475e+07
3.626025086660934903e+04 8.527351372800000012e+07
3.688689484360856295e+04 9.135587593600000441e+07
3.752127516600283707e+04 9.773934518400000036e+07
3.817112817918722430e+04 1.045443642880000025e+08
3.882871753776665719e+04 1.116504904319999963e+08
3.950177958713618864e+04 1.191781664319999963e+08
4.018257798190077301e+04 1.270671708799999952e+08
4.087111272206041758e+04 1.354379465920000076e+08
4.157512015301016072e+04 1.441700507520000041e+08
4.229460027475000243e+04 1.533839261759999990e+08
4.302181674188491161e+04 1.630795728639999926e+08
4.376450589980991208e+04 1.731967694079999924e+08
4.451493140312996547e+04 1.838559586240000129e+08
4.528856594263518491e+04 1.949969191040000021e+08
4.606993682753544999e+04 2.067400936639999747e+08
4.685904405783076800e+04 2.189650394879999757e+08
4.767136032431123749e+04 2.317319779839999974e+08
4.849141293618676718e+04 2.451011305600000024e+08
4.932693823885240272e+04 2.590724972160000205e+08
5.017793623230812955e+04 2.736460779520000219e+08
5.104440691655396949e+04 2.888218727680000067e+08
5.191861394619486236e+04 3.046601030720000267e+08
5.281603001202090672e+04 3.211607688640000224e+08
5.372891876863706420e+04 3.383238701439999938e+08
5.464954387064826733e+04 3.561494069120000005e+08
5.559337800884462195e+04 3.746976005760000348e+08
5.655268483783108240e+04 3.939082297279999852e+08
5.752746435760765598e+04 4.139017371840000153e+08
5.851771656817432813e+04 4.345576801280000210e+08
5.953117781492615904e+04 4.559362799679999948e+08
6.055237540707304288e+04 4.780977581120000482e+08
6.159678203540507820e+04 5.009818931520000100e+08
6.265666135452721937e+04 5.245886850879999995e+08
6.373974970983452658e+04 5.489783553280000687e+08
6.483831075593192509e+04 5.740906824639999866e+08
6.596008083821447508e+04 5.999858879040000439e+08
6.709732361128715274e+04 6.263026431999999285e+08
6.825003907514990715e+04 6.540044908800001144e+08
6.942596357519783487e+04 6.823085526399999857e+08
7.062509711143092136e+04 7.112148284800000191e+08
7.183970333845409914e+04 7.401211043200000525e+08
7.307751860166243569e+04 7.708340224000000954e+08
7.433080655566089263e+04 8.015469404800000191e+08
7.561503989123953215e+04 8.334642867200000286e+08
7.692248226300334500e+04 8.659838470400000811e+08
7.821445194397705200e+04 8.991056214400000572e+08
7.960699411508643243e+04 9.334318240000000000e+08
8.099953628619582742e+04 9.677580265600000620e+08
8.239207845730520785e+04 1.003288657280000091e+09
8.378462062841460283e+04 1.039421502080000043e+09
8.525452625347449793e+04 1.075554346879999876e+09
8.672443187853440759e+04 1.112891619840000153e+09
8.819433750359431724e+04 1.150831106880000114e+09
8.974160658260474156e+04 1.189372808000000000e+09
9.128887566161516588e+04 1.228516723200000048e+09
9.283614474062559020e+04 1.268262852480000019e+09
