3.094538158020853189e+03 0.000000000000000000e+00
3.170354342892364002e+03 0.000000000000000000e+00
3.248491431382390601e+03 0.000000000000000000e+00
3.328175788951427421e+03 0.000000000000000000e+00
3.410181050138980027e+03 0.000000000000000000e+00
3.493733580405542853e+03 0.000000000000000000e+00
3.579607014290621919e+03 0.000000000000000000e+00
3.667801351794216316e+03 0.000000000000000000e+00
3.757542958376820934e+03 0.000000000000000000e+00
3.849605468577940883e+03 0.000000000000000000e+00
3.943988882397577527e+03 0.000000000000000000e+00
4.041466834375233702e+03 0.000000000000000000e+00
4.140492055431901463e+03 0.000000000000000000e+00
4.241838180107084554e+03 0.000000000000000000e+00
4.346278842940288087e+03 0.000000000000000000e+00
4.453040409392007859e+03 0.000000000000000000e+00
4.562122879462242963e+03 0.000000000000000000e+00
4.674299887690498508e+03 0.000000000000000000e+00
4.789571434076775404e+03 0.000000000000000000e+00
4.907163884081567630e+03 0.000000000000000000e+00
5.027077237704876097e+03 0.000000000000000000e+00
5.150858764025709206e+03 0.000000000000000000e+00
5.276961193965059465e+03 0.000000000000000000e+00
5.406931796601935275e+03 0.000000000000000000e+00
5.539996937396831527e+03 0.000000000000000000e+00
5.675382981810244928e+03 0.000000000000000000e+00
5.815410833460688082e+03 0.000000000000000000e+00
5.957759588729647476e+03 0.000000000000000000e+00
6.103976516696132421e+03 3.406725050559999859e-05
6.254061617360143828e+03 7.100104003200000634e-05
6.408014890721681695e+03 1.347755111039999800e-04
6.565062702241240004e+03 2.390789897599999959e-04
6.726752320997829884e+03 4.026403338879999921e-04
6.891536477912440205e+03 6.528000627200000218e-04
7.060962442064081188e+03 1.029786076800000153e-03
7.234256578913249541e+03 1.592254027519999929e-03
7.412192522999447647e+03 2.427524956480000152e-03
7.593996639783173123e+03 3.662666034560000013e-03
7.782763467422445501e+03 5.485568054719999927e-03
7.968435756903696529e+03 8.166022924800000679e-03
8.169580737175052491e+03 1.209245872639999955e-02
8.370725717446408453e+03 1.781349248640000035e-02
8.571870697717764415e+03 2.613006893119999841e-02
8.780752023384169661e+03 3.814423982719999939e-02
8.997369694445629648e+03 5.543982820479999990e-02
9.221723710902140738e+03 8.021491545599999939e-02
9.446077727358653647e+03 1.155648819520000009e-01
9.678168089210217659e+03 1.656690934080000122e-01
9.917994796456834592e+03 2.365496906239999975e-01
1.015782150370344971e+04 3.362763422719999840e-01
1.041312090174017067e+04 4.760502302399999830e-01
1.066842029977689162e+04 6.714686991999999632e-01
1.093145604320866369e+04 9.406583929599999783e-01
1.119449178664043575e+04 1.316439978880000083e+00
1.147300022086231365e+04 1.834344087679999902e+00
1.175150865508418792e+04 2.545558916160000074e+00
1.203775343470111875e+04 3.517532441279999755e+00
1.233947090510815178e+04 4.840596775039999855e+00
1.264118837551518300e+04 6.636399161599999985e+00
1.295064219131726895e+04 9.069344044799999338e+00
1.326783235251440783e+04 1.234538864000000125e+01
1.359275885910659599e+04 1.674757356479999970e+01
1.392542171109383889e+04 2.264324940799999908e+01
1.427355725387118400e+04 3.052623171519999801e+01
1.462169279664852911e+04 4.100475670720000210e+01
1.497756468482092896e+04 5.491590195520000606e+01
1.534890926378343102e+04 7.334967494400000021e+01
1.572799018814098417e+04 9.761890236800000764e+01
1.611480745789359389e+04 1.296566914240000017e+02
1.650936107304125107e+04 1.717514556159999870e+02
1.691165103358396300e+04 2.269142653440000004e+02
1.732941368491677713e+04 2.989992907200000332e+02
1.775491268164464418e+04 3.931855728320000480e+02
1.818814802376756415e+04 5.159168023360000461e+02
1.863685605668058633e+04 6.756841977599999609e+02
1.909330043498866144e+04 8.828458412800000588e+02
1.956521750408684238e+04 1.150831106879999879e+03
2.004487091858007625e+04 1.498308631039999909e+03
2.053226067846835940e+04 1.947560334720000128e+03
2.104285947454180132e+04 2.526890279679999821e+03
2.155345827061524324e+04 3.273635738880000190e+03
2.208726610287383664e+04 4.235371624639999936e+03
2.262881028052748661e+04 5.472921559039999920e+03
2.318582714897123878e+04 7.063971158400000604e+03
2.375058036281004388e+04 9.105476889600000504e+03
2.433854261283400774e+04 1.173113027839999995e+04
2.493424120825302089e+04 1.509750698559999910e+04
2.554541249446214351e+04 1.941538193920000049e+04
2.617205647146136471e+04 2.496177361599999858e+04
2.681417313925069175e+04 3.208596618239999952e+04
2.747176249783012463e+04 4.123359805760000017e+04
2.815256089259470900e+04 5.300086118079999869e+04
2.884109563275434994e+04 6.817063385600000038e+04
2.954510306370409307e+04 8.774259145599999465e+04
3.027231953083899134e+04 1.131560256320000044e+05
3.101500868876400273e+04 1.462175786240000161e+05
3.178090688287415833e+04 1.895167709759999998e+05
3.256227776777442341e+04 2.465464443520000204e+05
3.335912134346479434e+04 3.227867468799999915e+05
3.417917395534032403e+04 4.250426976640000357e+05
3.502243560340100521e+04 5.646961428160000360e+05
3.588116994225179224e+04 7.587897408000000287e+05
3.676311331728773075e+04 1.035206003520000027e+06
3.766052938311378239e+04 1.439291651199999964e+06
3.858889083052003843e+04 2.051141156479999889e+06
3.953272496871640033e+04 3.011070400000000373e+06
4.050750448849296663e+04 4.563578298239999451e+06
4.150549304445469170e+04 7.094081862399999984e+06
4.251895429120652261e+04 1.111084977600000054e+07
4.356336091953855794e+04 1.710287987200000137e+07
4.463871292945080495e+04 2.545558916160000116e+07
4.572953763015315053e+04 3.647008468480000645e+07
4.685904405783076800e+04 5.034509708799999952e+07
4.800402317629848403e+04 6.720709132800000906e+07
4.918768402174145740e+04 8.701993456000000238e+07
5.038681755797453661e+04 1.096631839679999948e+08
5.162463282118288043e+04 1.351970609600000083e+08
5.289339346597142867e+04 1.632602370879999995e+08
5.420083583773524151e+04 1.937924909440000057e+08
5.553148724568420585e+04 2.264324940800000131e+08
5.689308403521338187e+04 2.611200250879999995e+08
5.829336255171782250e+04 2.977948625600000024e+08
5.972458644980246027e+04 3.359752352319999933e+08
6.118675572946731700e+04 3.756611431039999723e+08
6.269534308150247671e+04 4.167923647680000067e+08
6.423487581511786266e+04 4.592484574079999924e+08
6.581309027570848411e+04 5.029691996160000563e+08
6.742225011787933181e+04 5.477739271679999828e+08
6.908556437781553541e+04 5.940239685119999647e+08
7.077982401933195069e+04 6.413579951999999285e+08
7.252050173321869806e+04 6.895351216000000238e+08
7.429986117408068094e+04 7.389166761599999666e+08
7.612563868731298135e+04 7.895026588799999952e+08
7.798236158212549344e+04 8.412930697599999905e+08
7.991644793088853476e+04 8.936856947200000286e+08
8.185053427965156152e+04 9.478849619199999571e+08
8.386198408236511750e+04 1.002686443200000048e+09
8.595079733902918815e+04 1.058692352639999986e+09
8.803961059569327335e+04 1.115300476160000086e+09
9.020578730630787322e+04 1.173715241919999838e+09
9.244932747087297321e+04 1.232732221759999990e+09
9.469286763543810230e+04 1.292351415680000067e+09
9.701377125395373150e+04 1.353175037759999990e+09
9.941203832641990448e+04 1.415203088000000000e+09
1.018876688528365776e+05 1.478435566399999857e+09
1.043632993792532652e+05 1.541668044800000191e+09
1.069162933596204675e+05 1.606707165440000057e+09
1.095466507939381991e+05 1.671746286080000162e+09
1.122543716822064453e+05 1.737989834879999876e+09
1.149620925704746915e+05 1.805437811839999914e+09
1.178245403666439815e+05 1.872885788799999952e+09
1.206869881628132716e+05 1.941538193920000076e+09
1.237041628668836056e+05 2.010792813120000124e+09
1.267213375709539250e+05 2.080649646399999857e+09
1.298158757289747882e+05 2.151108693759999752e+09
1.329877773409461661e+05 2.222169955199999809e+09
1.362370424068680441e+05 2.294435644800000191e+09
1.396410343806910096e+05 2.366701334400000095e+09
1.430450263545139169e+05 2.439569238079999924e+09
1.465263817822874116e+05 2.512437141759999752e+09
1.501624641179619066e+05 2.586509473599999905e+09
1.538759099075869308e+05 2.660581805439999580e+09
1.575893556972119550e+05 2.734654137280000210e+09
1.615348918486885086e+05 2.809930897279999733e+09
1.654804280001651205e+05 2.885207657280000210e+09
1.695033276055922324e+05 2.960484417280000210e+09
1.736809541189203737e+05 3.035761177279999733e+09
1.779359440861990442e+05 3.111640151359999657e+09
1.823456609613787732e+05 3.187519125440000057e+09
1.868327412905090023e+05 3.263398099519999981e+09
1.913971850735897606e+05 3.339879287679999828e+09
1.961163557645715773e+05 3.415758261759999752e+09
2.009128899095038651e+05 3.492239449920000076e+09
2.058641509623372403e+05 3.568118424000000000e+09
2.108927754691211449e+05 3.643997398079999924e+09
2.160761268838060496e+05 3.719876372159999847e+09
2.214142052063920419e+05 3.795153132160000324e+09
2.268296469829285343e+05 3.871032106240000248e+09
2.323998156673660560e+05 3.945706652159999847e+09
2.381247112597046362e+05 4.020381198079999924e+09
2.439269703059937456e+05 4.095055744000000000e+09
2.499613197141344135e+05 4.169128075840000153e+09
2.560730325762256107e+05 4.242598193599999905e+09
2.624168358001683373e+05 4.316068311359999657e+09
2.688380024780615931e+05 4.388936215039999962e+09
2.754138960638559074e+05 4.460599690560000420e+09
2.821445165575512801e+05 4.532263166079999924e+09
2.891072274130981532e+05 4.603324427520000458e+09
2.962246651765461429e+05 4.673181260800000191e+09
3.034968298478951328e+05 4.743038094079999924e+09
3.109237214271451812e+05 4.811690499199999809e+09
3.185827033682467882e+05 4.880342904320000648e+09
3.263964122172494535e+05 4.947188667199999809e+09
3.344422114281036775e+05 5.014034430079999924e+09
3.426427375468589598e+05 5.079675764800000191e+09
3.510753540274658008e+05 5.144714885440000534e+09
3.596626974159736419e+05 5.207947363840000153e+09
3.684821311663330998e+05 5.271179842239999771e+09
3.775336552785440581e+05 5.333810106560000420e+09
3.868172697526066331e+05 5.394031514559999466e+09
