3.094538158020853189e+03 0.000000000000000000e+00
3.170354342892364002e+03 0.000000000000000000e+00
3.248491431382390601e+03 0.000000000000000000e+00
3.328175788951427421e+03 0.000000000000000000e+00
3.409407415599474461e+03 0.000000000000000000e+00
3.493733580405542853e+03 0.000000000000000000e+00
3.579607014290621919e+03 0.000000000000000000e+00
3.667027717254710751e+03 0.000000000000000000e+00
3.757542958376820934e+03 0.000000000000000000e+00
3.849605468577940883e+03 0.000000000000000000e+00
3.944762516937082637e+03 0.000000000000000000e+00
4.040693199835728592e+03 0.000000000000000000e+00
4.140492055431901463e+03 0.000000000000000000e+00
4.241838180107084554e+03 0.000000000000000000e+00
4.346278842940288087e+03 0.000000000000000000e+00
4.453040409392007859e+03 0.000000000000000000e+00
4.562122879462242963e+03 0.000000000000000000e+00
4.674299887690498508e+03 0.000000000000000000e+00
4.789571434076775404e+03 0.000000000000000000e+00
4.907163884081567630e+03 0.000000000000000000e+00
5.027077237704876097e+03 0.000000000000000000e+00
5.150858764025709206e+03 8.611661343999999602e-05
5.276961193965059465e+03 2.560614268159999967e-04
5.406931796601935275e+03 6.660487724799999190e-04
5.539996937396831527e+03 1.575392033279999961e-03
5.675382981810244928e+03 3.453697748799999800e-03
5.815410833460688082e+03 7.124192566400000363e-03
5.957759588729647476e+03 1.396534451520000004e-02
6.103976516696132421e+03 2.624448960639999898e-02
6.254061617360143828e+03 4.755684589760000164e-02
6.408014890721681695e+03 8.346687148799999956e-02
6.565062702241240004e+03 1.425440727360000048e-01
6.726752320997829884e+03 2.377541187839999903e-01
6.891536477912440205e+03 3.883678601919999807e-01
7.060962442064081188e+03 6.232915728000000266e-01
7.234256578913249541e+03 9.846200207999999954e-01
7.412192522999447647e+03 1.538656974400000044e+00
7.593996639783173123e+03 2.360076979520000062e+00
7.782763467422445501e+03 3.586787060479999845e+00
7.968435756903696529e+03 5.398247013120000659e+00
8.169580737175052491e+03 8.051602249600000150e+00
8.370725717446408453e+03 1.189372808000000070e+01
8.571870697717764415e+03 1.741603119359999852e+01
8.780752023384169661e+03 2.526890279679999907e+01
8.997369694445629648e+03 3.635566400960000522e+01
9.221723710902140738e+03 5.185063228799999990e+01
9.446077727358653647e+03 7.334967494400000021e+01
9.678168089210217659e+03 1.029183862720000064e+02
9.917994796456834592e+03 1.432065082240000038e+02
1.015782150370344971e+04 1.977068824639999889e+02
1.041312090174017067e+04 2.709361145919999672e+02
1.066842029977689162e+04 3.684345741440000097e+02
1.093145604320866369e+04 4.973686086719999935e+02
1.119449178664043575e+04 6.666509865599999785e+02
1.147300022086231365e+04 8.870613398399999596e+02
1.175150865508418792e+04 1.172510813760000019e+03
1.203775343470111875e+04 1.538656974400000081e+03
1.233947090510815178e+04 2.007179528639999944e+03
1.264118837551518300e+04 2.600360397440000270e+03
1.295064219131726895e+04 3.348912498879999930e+03
1.326783235251440783e+04 4.285355393280000499e+03
1.359275885910659599e+04 5.451844066239999847e+03
1.392542171109383889e+04 6.895351216000000022e+03
1.427355725387118400e+04 8.671882751999999527e+03
1.462169279664852911e+04 1.084587558080000053e+04
1.497756468482092896e+04 1.349561753279999903e+04
1.534890926378343102e+04 1.669939643840000281e+04
1.572799018814098417e+04 2.056561083200000212e+04
1.610707111249853915e+04 2.519663710720000017e+04
1.650936107304125107e+04 3.073098450239999875e+04
1.691165103358396300e+04 3.730114011520000349e+04
1.732941368491677713e+04 4.508174602880000020e+04
1.775491268164464418e+04 5.424744432640000014e+04
1.818814802376756415e+04 6.503912064000000100e+04
1.863685605668058633e+04 7.762539491200000339e+04
1.909330043498866144e+04 9.225919705600000452e+04
1.956521750408684238e+04 1.093620769280000095e+05
2.004487091858007625e+04 1.291146987519999966e+05
2.053226067846835940e+04 1.519386123840000073e+05
2.103512312914674840e+04 1.781951462720000127e+05
2.155345827061524324e+04 2.084865144959999889e+05
2.208726610287383664e+04 2.431138240959999966e+05
2.262881028052748661e+04 2.828599533759999904e+05
2.318582714897123878e+04 3.282668950080000213e+05
2.375058036281004388e+04 3.801777487039999687e+05
2.433854261283400774e+04 4.393753927679999615e+05
2.493424120825302089e+04 5.070040339520000271e+05
2.554541249446214351e+04 5.840874361919999355e+05
2.617205647146136471e+04 6.720709132800000953e+05
2.681417313925069175e+04 7.726406646399999736e+05
2.747176249783012463e+04 8.882657680000000400e+05
2.814482454719965608e+04 1.020150651519999956e+06
2.884109563275434994e+04 1.172510813760000048e+06
2.954510306370409307e+04 1.347755111039999872e+06
3.027231953083899134e+04 1.551303470080000116e+06
3.101500868876400273e+04 1.787973603520000121e+06
3.178090688287415833e+04 2.064992080319999950e+06
3.256227776777442341e+04 2.391392111680000089e+06
3.335912134346479434e+04 2.781024621439999901e+06
3.417917395534032403e+04 3.246536105280000251e+06
3.502243560340100521e+04 3.809004055999999866e+06
3.588116994225179224e+04 4.497334749440000392e+06
3.676311331728773075e+04 5.350069886719999835e+06
3.766052938311378239e+04 6.419602092799999751e+06
3.858889083052003843e+04 7.786628054399999790e+06
3.954046131411144597e+04 9.557137449599999934e+06
4.050750448849296663e+04 1.189372808000000007e+07
4.150549304445469170e+04 1.500717487360000052e+07
4.251895429120652261e+04 1.921665129279999807e+07
4.356336091953855794e+04 2.490757434879999980e+07
4.463871292945080495e+04 3.254364888320000097e+07
4.572953763015315053e+04 4.257653545600000024e+07
4.685904405783076800e+04 5.540369535999999940e+07
4.800402317629848403e+04 7.124192566399998963e+07
4.918768402174145740e+04 9.027189059200000763e+07
5.039455390336958953e+04 1.122527045120000094e+08
5.162463282118288043e+04 1.371241460160000026e+08
5.289339346597142867e+04 1.648259936959999800e+08
5.419309949234018859e+04 1.949969191040000021e+08
5.553148724568420585e+04 2.273960366080000103e+08
5.689308403521338187e+04 2.619029033919999897e+08
5.829336255171782250e+04 2.982766338240000010e+08
5.972458644980246027e+04 3.363365636800000072e+08
6.118675572946731700e+04 3.759622501439999938e+08
6.269534308150247671e+04 4.170332504000000358e+08
6.423487581511786266e+04 4.594893430399999619e+08
6.581309027570848411e+04 5.031498638399999738e+08
6.742225011787933181e+04 5.478943699839999676e+08
6.908556437781553541e+04 5.940841899199999571e+08
7.077982401933195069e+04 6.413579951999999285e+08
7.252050173321869806e+04 6.895351216000000238e+08
7.429986117408068094e+04 7.389166761599999666e+08
7.612563868731298135e+04 7.895026588799999952e+08
7.798236158212549344e+04 8.412930697599999905e+08
7.991644793088853476e+04 8.936856947200000286e+08
8.185053427965156152e+04 9.478849619199999571e+08
8.386198408236511750e+04 1.002686443200000048e+09
8.595079733902918815e+04 1.058692352639999986e+09
8.803961059569327335e+04 1.115300476160000086e+09
9.020578730630787322e+04 1.173715241919999838e+09
9.244932747087297321e+04 1.232732221759999990e+09
9.469286763543810230e+04 1.292351415680000067e+09
9.701377125395373150e+04 1.353175037759999990e+09
9.941203832641990448e+04 1.415203088000000000e+09
1.018876688528365776e+05 1.478435566399999857e+09
1.043632993792532652e+05 1.541668044800000191e+09
1.069162933596204675e+05 1.606707165440000057e+09
1.095466507939381991e+05 1.671746286080000162e+09
1.122543716822064453e+05 1.737989834879999876e+09
1.149620925704746915e+05 1.805437811839999914e+09
1.178245403666439815e+05 1.872885788799999952e+09
1.206869881628132716e+05 1.941538193920000076e+09
1.237041628668836056e+05 2.010792813120000124e+09
1.267213375709539250e+05 2.080649646399999857e+09
1.298158757289747882e+05 2.151108693759999752e+09
1.329877773409461661e+05 2.222169955199999809e+09
1.362370424068680441e+05 2.294435644800000191e+09
1.396410343806910096e+05 2.366701334400000095e+09
1.430450263545139169e+05 2.439569238079999924e+09
1.465263817822874116e+05 2.512437141759999752e+09
1.501624641179619066e+05 2.586509473599999905e+09
1.538759099075869308e+05 2.660581805439999580e+09
1.575893556972119550e+05 2.734654137280000210e+09
1.615348918486885086e+05 2.809930897279999733e+09
1.654804280001651205e+05 2.884605443200000286e+09
1.695033276055922324e+05 2.960484417280000210e+09
1.736809541189203737e+05 3.035761177279999733e+09
1.779359440861990442e+05 3.111640151359999657e+09
1.823456609613787732e+05 3.187519125440000057e+09
1.868327412905090023e+05 3.263398099519999981e+09
1.913971850735897606e+05 3.339879287679999828e+09
1.961163557645715773e+05 3.415758261759999752e+09
2.009128899095038651e+05 3.492239449920000076e+09
2.058641509623372403e+05 3.568118424000000000e+09
2.108927754691211449e+05 3.643997398079999924e+09
2.160761268838060496e+05 3.719876372159999847e+09
2.214142052063920419e+05 3.795153132160000324e+09
2.268296469829285343e+05 3.871032106240000248e+09
2.323998156673660560e+05 3.945706652159999847e+09
2.381247112597046362e+05 4.020381198079999924e+09
2.439269703059937456e+05 4.095055744000000000e+09
2.499613197141344135e+05 4.169128075840000153e+09
2.560730325762256107e+05 4.242598193599999905e+09
2.624168358001683373e+05 4.316068311359999657e+09
2.688380024780615931e+05 4.388936215039999962e+09
2.754138960638559074e+05 4.460599690560000420e+09
2.821445165575512801e+05 4.532263166079999924e+09
2.891072274130981532e+05 4.603324427520000458e+09
2.962246651765461429e+05 4.673181260800000191e+09
3.034968298478951328e+05 4.743038094079999924e+09
3.109237214271451812e+05 4.811690499199999809e+09
3.185827033682467882e+05 4.880342904320000648e+09
3.263964122172494535e+05 4.947188667199999809e+09
3.344422114281036775e+05 5.014034430079999924e+09
3.426427375468589598e+05 5.079675764800000191e+09
3.510753540274658008e+05 5.144714885440000534e+09
3.596626974159736419e+05 5.207947363840000153e+09
3.684821311663330998e+05 5.271179842239999771e+09
3.775336552785440581e+05 5.333810106560000420e+09
3.868172697526066331e+05 5.394031514559999466e+09
