3.094538158020853189e+03 0.000000000000000000e+00
3.170354342892364002e+03 0.000000000000000000e+00
3.248491431382390601e+03 0.000000000000000000e+00
3.328175788951427421e+03 0.000000000000000000e+00
3.410181050138980027e+03 0.000000000000000000e+00
3.493733580405542853e+03 0.000000000000000000e+00
3.579607014290621919e+03 0.000000000000000000e+00
3.667027717254710751e+03 0.000000000000000000e+00
3.757542958376820934e+03 0.000000000000000000e+00
3.849605468577940883e+03 0.000000000000000000e+00
3.943988882397577527e+03 0.000000000000000000e+00
4.041466834375233702e+03 0.000000000000000000e+00
4.140492055431901463e+03 0.000000000000000000e+00
4.241838180107084554e+03 0.000000000000000000e+00
4.346278842940288087e+03 0.000000000000000000e+00
4.453040409392007859e+03 0.000000000000000000e+00
4.562122879462242963e+03 0.000000000000000000e+00
4.674299887690498508e+03 0.000000000000000000e+00
4.789571434076775404e+03 0.000000000000000000e+00
4.907163884081567630e+03 0.000000000000000000e+00
5.027077237704876097e+03 0.000000000000000000e+00
5.150858764025709206e+03 0.000000000000000000e+00
5.276961193965059465e+03 0.000000000000000000e+00
5.406931796601935275e+03 0.000000000000000000e+00
5.539996937396831527e+03 0.000000000000000000e+00
5.676156616349750038e+03 0.000000000000000000e+00
5.815410833460688082e+03 0.000000000000000000e+00
5.957759588729647476e+03 0.000000000000000000e+00
6.103976516696132421e+03 0.000000000000000000e+00
6.254061617360143828e+03 0.000000000000000000e+00
6.408014890721681695e+03 0.000000000000000000e+00
6.565062702241240004e+03 0.000000000000000000e+00
6.726752320997829884e+03 0.000000000000000000e+00
6.891536477912440205e+03 0.000000000000000000e+00
7.060962442064081188e+03 0.000000000000000000e+00
7.234256578913249541e+03 0.000000000000000000e+00
7.412192522999447647e+03 0.000000000000000000e+00
7.593996639783173123e+03 0.000000000000000000e+00
7.782763467422445501e+03 0.000000000000000000e+00
7.968435756903696529e+03 0.000000000000000000e+00
8.169580737175052491e+03 0.000000000000000000e+00
8.370725717446408453e+03 0.000000000000000000e+00
8.571870697717764415e+03 0.000000000000000000e+00
8.780752023384169661e+03 0.000000000000000000e+00
8.997369694445629648e+03 0.000000000000000000e+00
9.221723710902140738e+03 0.000000000000000000e+00
9.446077727358653647e+03 0.000000000000000000e+00
9.678168089210217659e+03 0.000000000000000000e+00
9.917994796456834592e+03 0.000000000000000000e+00
1.015782150370344971e+04 0.000000000000000000e+00
1.041312090174017067e+04 0.000000000000000000e+00
1.066842029977689162e+04 0.000000000000000000e+00
1.093145604320866369e+04 0.000000000000000000e+00
1.119449178664043575e+04 0.000000000000000000e+00
1.147300022086231365e+04 0.000000000000000000e+00
1.175150865508418792e+04 0.000000000000000000e+00
1.203775343470111875e+04 0.000000000000000000e+00
1.233947090510815178e+04 0.000000000000000000e+00
1.264118837551518300e+04 0.000000000000000000e+00
1.295064219131726895e+04 0.000000000000000000e+00
1.326783235251440783e+04 0.000000000000000000e+00
1.359275885910659599e+04 0.000000000000000000e+00
1.392542171109383889e+04 0.000000000000000000e+00
1.427355725387118400e+04 0.000000000000000000e+00
1.462169279664852911e+04 0.000000000000000000e+00
1.497756468482092896e+04 0.000000000000000000e+00
1.534890926378343102e+04 0.000000000000000000e+00
1.572799018814098417e+04 0.000000000000000000e+00
1.611480745789359389e+04 0.000000000000000000e+00
1.650936107304125107e+04 0.000000000000000000e+00
1.691165103358396300e+04 0.000000000000000000e+00
1.732941368491677713e+04 0.000000000000000000e+00
1.775491268164464418e+04 0.000000000000000000e+00
1.818814802376756415e+04 0.000000000000000000e+00
1.863685605668058633e+04 0.000000000000000000e+00
1.909330043498866144e+04 0.000000000000000000e+00
1.956521750408684238e+04 0.000000000000000000e+00
2.004487091858007625e+04 0.000000000000000000e+00
2.053226067846835940e+04 0.000000000000000000e+00
2.104285947454180132e+04 0.000000000000000000e+00
2.155345827061524324e+04 0.000000000000000000e+00
2.208726610287383664e+04 0.000000000000000000e+00
2.262881028052748661e+04 0.000000000000000000e+00
2.318582714897123878e+04 0.000000000000000000e+00
2.375058036281004388e+04 0.000000000000000000e+00
2.433854261283400774e+04 0.000000000000000000e+00
2.493424120825302089e+04 0.000000000000000000e+00
2.554541249446214351e+04 0.000000000000000000e+00
2.617205647146136471e+04 0.000000000000000000e+00
2.681417313925069175e+04 0.000000000000000000e+00
2.747176249783012463e+04 0.000000000000000000e+00
2.815256089259470900e+04 0.000000000000000000e+00
2.884109563275434994e+04 0.000000000000000000e+00
2.955283940909914600e+04 0.000000000000000000e+00
3.027231953083899134e+04 0.000000000000000000e+00
3.102274503415904837e+04 0.000000000000000000e+00
3.178090688287415833e+04 0.000000000000000000e+00
3.256227776777442341e+04 0.000000000000000000e+00
3.335912134346479434e+04 0.000000000000000000e+00
3.417917395534032403e+04 0.000000000000000000e+00
3.502243560340100521e+04 0.000000000000000000e+00
3.588116994225179224e+04 0.000000000000000000e+00
3.676311331728773075e+04 0.000000000000000000e+00
3.766052938311378239e+04 9.033211200000000046e-08
3.858889083052003843e+04 8.033535827199999972e-04
3.953272496871640033e+04 2.438967024000000122e-02
4.050750448849296663e+04 1.053272425919999922e+00
4.149775669905963878e+04 5.291655120960000147e+01
4.251895429120652261e+04 1.602491666879999912e+03
4.356336091953855794e+04 2.098113854720000018e+04
4.463871292945080495e+04 1.410987589440000011e+05
4.572953763015315053e+04 6.028162940799999051e+05
4.685904405783076800e+04 1.897576566080000019e+06
4.800402317629848403e+04 4.815303783679999411e+06
4.918768402174145740e+04 1.044239214719999954e+07
5.038681755797453661e+04 2.012599455360000208e+07
5.163236916657793336e+04 3.536803291839999706e+07
5.289339346597142867e+04 5.772824170880000293e+07
5.420083583773524151e+04 8.876635539199998975e+07
5.553148724568420585e+04 1.298975770560000092e+08
5.689308403521338187e+04 1.825310876480000019e+08
5.829336255171782250e+04 2.477508725119999945e+08
5.972458644980246027e+04 3.264602527680000067e+08
6.118675572946731700e+04 4.195023281280000210e+08
6.269534308150247671e+04 5.275997554879999757e+08
6.423487581511786266e+04 6.509934204800000191e+08
6.581309027570848411e+04 7.901048729600000381e+08
6.742225011787933181e+04 9.454761056000000238e+08
6.908556437781553541e+04 1.117107118400000095e+09
7.077982401933195069e+04 1.306202339519999981e+09
7.252050173321869806e+04 1.510955126720000029e+09
7.429986117408068094e+04 1.731967694080000162e+09
7.612563868731298135e+04 1.969842255680000067e+09
7.798236158212549344e+04 2.225181025600000381e+09
7.991644793088853476e+04 2.496779575679999828e+09
8.185053427965156152e+04 2.785240120000000000e+09
8.386198408236511750e+04 3.090562658559999943e+09
8.595079733902918815e+04 3.412144977280000210e+09
8.803961059569327335e+04 3.749987076159999847e+09
9.020578730630787322e+04 4.104691169280000210e+09
9.244932747087297321e+04 4.475052828479999542e+09
9.469286763543810230e+04 4.861072053760000229e+09
9.701377125395373150e+04 5.263351059199999809e+09
9.941203832641990448e+04 5.681287630720000267e+09
1.018876688528365776e+05 6.112472912000000000e+09
1.043632993792532652e+05 6.564133472000000000e+09
1.069162933596204675e+05 7.027838313600000381e+09
1.095466507939381991e+05 7.509609577599999428e+09
1.122543716822064453e+05 7.997402982399999619e+09
1.149620925704746915e+05 8.509284950400000572e+09
1.178245403666439815e+05 9.033211200000000000e+09
1.206869881628132716e+05 9.569181731199998856e+09
1.237041628668836056e+05 1.011719654400000000e+10
1.267213375709539250e+05 1.068327777919999886e+10
1.298158757289747882e+05 1.126140329600000000e+10
1.329877773409461661e+05 1.185759523519999886e+10
1.362370424068680441e+05 1.245980931520000076e+10
1.396410343806910096e+05 1.308008981760000038e+10
1.430450263545139169e+05 1.371241460160000038e+10
1.465263817822874116e+05 1.435678366719999886e+10
1.501624641179619066e+05 1.501921915519999886e+10
1.538759099075869308e+05 1.568767678400000000e+10
1.575893556972119550e+05 1.636817869439999962e+10
1.615348918486885086e+05 1.706674702719999886e+10
1.654804280001651205e+05 1.777133750079999924e+10
1.695033276055922324e+05 1.848797225600000000e+10
1.736809541189203737e+05 1.922267343359999847e+10
1.779359440861990442e+05 1.996339675200000000e+10
1.823456609613787732e+05 2.071616435200000000e+10
1.868327412905090023e+05 2.147495409280000305e+10
1.913971850735897606e+05 2.225181025600000000e+10
1.961163557645715773e+05 2.303468856000000000e+10
2.009128899095038651e+05 2.382961114560000229e+10
2.058641509623372403e+05 2.463055587200000000e+10
2.108927754691211449e+05 2.544354488000000000e+10
2.160761268838060496e+05 2.626857816960000229e+10
2.214142052063920419e+05 2.709963360000000000e+10
2.268296469829285343e+05 2.793671117120000076e+10
2.323998156673660560e+05 2.879185516479999924e+10
2.381247112597046362e+05 2.964699915840000153e+10
2.439269703059937456e+05 3.050816529280000305e+10
2.499613197141344135e+05 3.138137570879999924e+10
2.560730325762256107e+05 3.226060826559999847e+10
2.624168358001683373e+05 3.314586296320000076e+10
2.688380024780615931e+05 3.403713980160000229e+10
2.754138960638559074e+05 3.493443878079999542e+10
2.821445165575512801e+05 3.583775990080000305e+10
2.891072274130981532e+05 3.674710316159999847e+10
2.962246651765461429e+05 3.766246856320000458e+10
3.034968298478951328e+05 3.858385610559999847e+10
3.109237214271451812e+05 3.950524364800000000e+10
3.185827033682467882e+05 4.043265333120000458e+10
3.263964122172494535e+05 4.136608515519999695e+10
3.344422114281036775e+05 4.229951697919999695e+10
3.426427375468589598e+05 4.323897094400000000e+10
3.510753540274658008e+05 4.417842490880000305e+10
3.596626974159736419e+05 4.511185673280000305e+10
3.684821311663330998e+05 4.605733283840000153e+10
3.775336552785440581e+05 4.700280894400000000e+10
3.868172697526066331e+05 4.794828504960000610e+10
