3.094538158020853189e+03 0.000000000000000000e+00
3.170354342892364002e+03 0.000000000000000000e+00
3.248491431382390601e+03 0.000000000000000000e+00
3.328175788951427421e+03 0.000000000000000000e+00
3.410181050138980027e+03 0.000000000000000000e+00
3.493733580405542853e+03 0.000000000000000000e+00
3.579607014290621919e+03 0.000000000000000000e+00
3.667027717254710751e+03 0.000000000000000000e+00
3.757542958376820934e+03 0.000000000000000000e+00
3.849605468577940883e+03 0.000000000000000000e+00
3.943988882397577527e+03 0.000000000000000000e+00
4.040693199835728592e+03 0.000000000000000000e+00
4.140492055431901463e+03 0.000000000000000000e+00
4.241838180107084554e+03 0.000000000000000000e+00
4.346278842940288087e+03 0.000000000000000000e+00
4.453040409392007859e+03 0.000000000000000000e+00
4.562122879462242963e+03 0.000000000000000000e+00
4.674299887690498508e+03 0.000000000000000000e+00
4.789571434076775404e+03 0.000000000000000000e+00
4.907163884081567630e+03 0.000000000000000000e+00
5.027077237704876097e+03 0.000000000000000000e+00
5.150858764025709206e+03 0.000000000000000000e+00
5.276961193965059465e+03 0.000000000000000000e+00
5.406931796601935275e+03 0.000000000000000000e+00
5.539996937396831527e+03 0.000000000000000000e+00
5.676156616349750038e+03 0.000000000000000000e+00
5.815410833460688082e+03 0.000000000000000000e+00
5.957759588729647476e+03 0.000000000000000000e+00
6.103976516696132421e+03 0.000000000000000000e+00
6.254061617360143828e+03 0.000000000000000000e+00
6.408014890721681695e+03 0.000000000000000000e+00
6.565062702241240004e+03 0.000000000000000000e+00
6.726752320997829884e+03 0.000000000000000000e+00
6.891536477912440205e+03 0.000000000000000000e+00
7.060962442064081188e+03 0.000000000000000000e+00
7.234256578913249541e+03 0.000000000000000000e+00
7.412192522999447647e+03 0.000000000000000000e+00
7.593996639783173123e+03 0.000000000000000000e+00
7.782763467422445501e+03 0.000000000000000000e+00
7.968435756903696529e+03 0.000000000000000000e+00
8.169580737175052491e+03 0.000000000000000000e+00
8.370725717446408453e+03 0.000000000000000000e+00
8.571870697717764415e+03 0.000000000000000000e+00
8.780752023384169661e+03 0.000000000000000000e+00
8.997369694445629648e+03 1.162273174399999949e-02
9.221723710902140738e+03 1.942140407999999943e-02
9.446077727358653647e+03 3.208596618239999837e-02
9.678168089210217659e+03 5.238660281920000383e-02
9.917994796456834592e+03 8.455085683199999036e-02
1.015782150370344971e+04 1.349561753279999998e-01
1.041312090174017067e+04 2.131235629119999919e-01
1.066842029977689162e+04 3.329641648319999758e-01
1.092371969781361076e+04 5.148930384000000027e-01
1.119449178664043575e+04 7.882982307199999372e-01
1.147300022086231365e+04 1.194792734720000027e+00
1.175150865508418792e+04 1.723536696959999892e+00
1.203775343470111875e+04 2.623846746560000387e+00
1.233947090510815178e+04 3.906562736959999782e+00
1.264118837551518300e+04 5.729464757119999696e+00
1.295064219131726895e+04 8.310554304000000059e+00
1.326783235251440783e+04 1.193588306559999879e+01
1.359275885910659599e+04 1.699448133759999990e+01
1.392542171109383889e+04 2.400425322880000323e+01
1.427355725387118400e+04 3.363967850880000299e+01
1.462169279664852911e+04 4.678601187519999627e+01
1.497756468482092896e+04 6.461757078399999443e+01
1.534890926378343102e+04 8.858569116799999676e+01
1.572799018814098417e+04 1.205632588160000012e+02
1.610707111249853915e+04 1.630795728639999993e+02
1.650936107304125107e+04 2.190252608959999918e+02
1.691165103358396300e+04 2.924351572479999959e+02
1.732941368491677713e+04 3.880667531519999898e+02
1.775491268164464418e+04 5.120024108160000651e+02
1.818814802376756415e+04 6.714686992000000600e+02
1.863685605668058633e+04 8.762214864000000034e+02
1.909330043498866144e+04 1.137582397119999996e+03
1.956521750408684238e+04 1.469402355199999874e+03
2.004487091858007625e+04 1.888543354879999924e+03
2.053226067846835940e+04 2.416082888959999764e+03
2.103512312914674840e+04 3.077916162879999774e+03
2.155345827061524324e+04 3.904756094720000419e+03
2.208726610287383664e+04 4.935144385600000533e+03
2.262881028052748661e+04 6.214849305599999752e+03
2.318582714897123878e+04 7.798672335999999632e+03
2.375058036281004388e+04 9.755868096000000151e+03
2.433854261283400774e+04 1.217074655679999887e+04
2.493424120825302089e+04 1.513966197119999924e+04
2.554541249446214351e+04 1.879510143679999965e+04
2.617205647146136471e+04 2.328761847359999956e+04
2.681417313925069175e+04 2.880389944640000249e+04
2.747176249783012463e+04 3.558482998719999887e+04
2.815256089259470900e+04 4.391345071360000293e+04
2.884109563275434994e+04 5.418120077760000277e+04
2.954510306370409307e+04 6.684576287999999477e+04
3.027231953083899134e+04 8.250332895999999892e+04
3.101500868876400273e+04 1.020150651519999956e+05
3.178090688287415833e+04 1.262842925760000071e+05
3.256227776777442341e+04 1.567563250240000198e+05
3.335912134346479434e+04 1.952980261440000031e+05
3.417917395534032403e+04 2.443784736639999901e+05
3.501469925800595229e+04 3.073700664320000215e+05
3.588116994225179224e+04 3.892109599039999885e+05
3.675537697189268511e+04 4.965857303679999895e+05
3.766052938311378239e+04 6.395513529600000475e+05
3.858889083052003843e+04 8.316576444800000172e+05
3.954046131411144597e+04 1.096029625599999912e+06
4.050750448849296663e+04 1.462778000319999876e+06
4.150549304445469170e+04 1.979477680960000027e+06
4.251895429120652261e+04 2.721405427520000376e+06
4.356336091953855794e+04 3.801175272960000206e+06
4.463871292945080495e+04 5.394633728639999405e+06
4.572953763015315053e+04 7.768561632000000216e+06
4.685904405783076800e+04 1.132764684480000101e+07
4.800402317629848403e+04 1.666928573440000042e+07
4.918768402174145740e+04 2.460044516800000146e+07
5.039455390336958953e+04 3.621113263040000200e+07
5.163236916657793336e+04 5.282019695679999888e+07
5.289339346597142867e+04 7.581875267200000584e+07
5.419309949234018859e+04 1.070736634239999950e+08
5.552375090028915292e+04 1.479639994560000002e+08
5.689308403521338187e+04 1.999350745600000024e+08
5.829336255171782250e+04 2.642515383039999902e+08
5.972458644980246027e+04 3.419973760320000052e+08
6.118675572946731700e+04 4.340156874559999704e+08
6.269534308150247671e+04 5.409689080640000105e+08
6.423487581511786266e+04 6.636399161599999666e+08
6.581309027570848411e+04 8.015469404800000191e+08
6.742225011787933181e+04 9.563159590399999619e+08
6.907782803242049704e+04 1.126742543679999828e+09
7.077982401933195069e+04 1.314633336640000105e+09
7.252050173321869806e+04 1.519386123840000153e+09
7.429986117408068094e+04 1.739194263039999962e+09
7.612563868731298135e+04 1.977068824639999866e+09
7.798236158212549344e+04 2.231805380480000019e+09
7.991644793088853476e+04 2.502801716480000019e+09
8.185053427965156152e+04 2.791262260799999714e+09
8.386198408236511750e+04 3.095982585279999733e+09
8.595079733902918815e+04 3.416962689920000076e+09
8.803961059569327335e+04 3.754804788799999714e+09
9.020578730630787322e+04 4.108906667840000153e+09
9.244932747087297321e+04 4.478666112960000038e+09
9.469286763543810230e+04 4.864685338240000725e+09
9.701377125395373150e+04 5.266964343680000305e+09
9.941203832641990448e+04 5.684298701119999886e+09
1.018876688528365776e+05 6.118495052799999237e+09
1.043632993792532652e+05 6.564133472000000000e+09
1.069162933596204675e+05 7.027838313600000381e+09
1.095466507939381991e+05 7.509609577599999428e+09
1.122543716822064453e+05 8.003425123199999809e+09
1.149620925704746915e+05 8.509284950400000572e+09
1.178245403666439815e+05 9.033211200000000000e+09
1.206869881628132716e+05 9.569181731199998856e+09
1.237041628668836056e+05 1.012321868479999924e+10
1.267213375709539250e+05 1.068929992000000000e+10
1.298158757289747882e+05 1.126742543679999924e+10
1.329877773409461661e+05 1.185759523519999886e+10
1.362370424068680441e+05 1.246583145600000000e+10
1.396410343806910096e+05 1.308008981760000038e+10
1.430450263545139169e+05 1.371241460160000038e+10
1.465263817822874116e+05 1.436280580800000000e+10
1.501624641179619066e+05 1.501921915519999886e+10
1.538759099075869308e+05 1.568767678400000000e+10
1.575893556972119550e+05 1.636817869439999962e+10
1.615348918486885086e+05 1.706674702719999886e+10
1.654804280001651205e+05 1.777133750079999924e+10
1.695033276055922324e+05 1.848797225600000000e+10
1.736809541189203737e+05 1.922267343359999847e+10
1.779359440861990442e+05 1.996339675200000000e+10
1.823456609613787732e+05 2.071616435200000000e+10
1.868327412905090023e+05 2.147495409280000305e+10
1.913971850735897606e+05 2.225181025600000000e+10
1.961163557645715773e+05 2.303468856000000000e+10
2.009128899095038651e+05 2.382961114560000229e+10
2.058641509623372403e+05 2.463055587200000000e+10
2.108927754691211449e+05 2.544354488000000000e+10
2.160761268838060496e+05 2.626857816960000229e+10
2.214142052063920419e+05 2.709963360000000000e+10
2.268296469829285343e+05 2.793671117120000076e+10
2.323998156673660560e+05 2.879185516479999924e+10
2.381247112597046362e+05 2.964097701759999847e+10
2.439269703059937456e+05 3.050816529280000305e+10
2.499613197141344135e+05 3.138137570879999924e+10
2.560730325762256107e+05 3.226060826559999847e+10
2.624168358001683373e+05 3.314586296320000076e+10
2.688380024780615931e+05 3.403713980160000229e+10
2.754138960638559074e+05 3.493443878079999542e+10
2.821445165575512801e+05 3.583775990080000305e+10
2.891072274130981532e+05 3.674710316159999847e+10
2.962246651765461429e+05 3.766246856320000458e+10
3.034968298478951328e+05 3.858385610559999847e+10
3.109237214271451812e+05 3.950524364800000000e+10
3.185827033682467882e+05 4.043265333120000458e+10
3.263964122172494535e+05 4.136608515519999695e+10
3.344422114281036775e+05 4.229951697919999695e+10
3.426427375468589598e+05 4.323897094400000000e+10
3.510753540274658008e+05 4.417842490880000305e+10
3.596626974159736419e+05 4.511185673280000305e+10
3.684821311663330998e+05 4.605733283840000153e+10
3.775336552785440581e+05 4.700280894400000000e+10
3.868172697526066331e+05 4.794828504960000610e+10
