1.547269079010426594e+03 0.000000000000000000e+00
1.590592613222718455e+03 0.000000000000000000e+00
1.635463416514020764e+03 0.000000000000000000e+00
1.681881488884333749e+03 0.000000000000000000e+00
1.729073195794151616e+03 0.000000000000000000e+00
1.777812171782980158e+03 0.000000000000000000e+00
1.827324782311313584e+03 0.000000000000000000e+00
1.879158296458163022e+03 0.000000000000000000e+00
1.931765445144517571e+03 0.000000000000000000e+00
1.985919862909882340e+03 0.000000000000000000e+00
2.041621549754258012e+03 0.000000000000000000e+00
2.099644140217148561e+03 0.000000000000000000e+00
2.158440365219545129e+03 0.000000000000000000e+00
2.218783859300951463e+03 0.000000000000000000e+00
2.281448257000874037e+03 0.000000000000000000e+00
2.345659923779806832e+03 0.000000000000000000e+00
2.411418859637749392e+03 0.000000000000000000e+00
2.479498699114208648e+03 0.000000000000000000e+00
2.549125807669677670e+03 0.000000000000000000e+00
2.621073819843662477e+03 0.000000000000000000e+00
2.694569101096657960e+03 0.000000000000000000e+00
2.770385285968168319e+03 0.000000000000000000e+00
2.848522374458195372e+03 0.000000000000000000e+00
2.928980366566737302e+03 0.000000000000000000e+00
3.010985627754289908e+03 0.000000000000000000e+00
3.096085427099863409e+03 0.000000000000000000e+00
3.183506130063952241e+03 0.000000000000000000e+00
3.272474102107051749e+03 0.000000000000000000e+00
3.364536612308172607e+03 0.000000000000000000e+00
3.459693660667313452e+03 0.000000000000000000e+00
3.556397978105465427e+03 0.000000000000000000e+00
3.656970468241142953e+03 0.000000000000000000e+00
3.759863861995336265e+03 0.000000000000000000e+00
3.865851793907550473e+03 0.000000000000000000e+00
3.974160629438280921e+03 0.000000000000000000e+00
4.086337637666536466e+03 0.000000000000000000e+00
4.200835549513308251e+03 0.000000000000000000e+00
4.319201634057605588e+03 0.000000000000000000e+00
4.440662256759923366e+03 0.000000000000000000e+00
4.565991052159768515e+03 0.000000000000000000e+00
4.694414385717634104e+03 0.000000000000000000e+00
4.825932257433520135e+03 0.000000000000000000e+00
4.962091936386437737e+03 0.000000000000000000e+00
5.101346153497375781e+03 0.000000000000000000e+00
5.245242177845346305e+03 0.000000000000000000e+00
5.393006374890842380e+03 0.000000000000000000e+00
5.544638744633863098e+03 0.000000000000000000e+00
5.700139287074411186e+03 0.000000000000000000e+00
5.861055271291495956e+03 0.000000000000000000e+00
6.025839428206106277e+03 0.000000000000000000e+00
6.195265392357747260e+03 0.000000000000000000e+00
6.369333163746420723e+03 0.000000000000000000e+00
6.548816376911629959e+03 0.000000000000000000e+00
6.732941397313870766e+03 0.000000000000000000e+00
6.922481859492648255e+03 0.000000000000000000e+00
7.117437763447962425e+03 0.000000000000000000e+00
7.317809109179811458e+03 0.000000000000000000e+00
7.523595896688198991e+03 0.000000000000000000e+00
7.734798125973122296e+03 0.000000000000000000e+00
7.952963066113592504e+03 0.000000000000000000e+00
8.177317082570103594e+03 0.000000000000000000e+00
8.409407444421667606e+03 0.000000000000000000e+00
8.641497806273231618e+03 0.000000000000000000e+00
8.889060858914899654e+03 0.000000000000000000e+00
9.136623911556569510e+03 0.000000000000000000e+00
9.391923309593288650e+03 0.000000000000000000e+00
9.654959053025060712e+03 0.000000000000000000e+00
9.925731141851885695e+03 0.000000000000000000e+00
1.021197592146881470e+04 0.000000000000000000e+00
1.049822070108574371e+04 0.000000000000000000e+00
1.079220182609772564e+04 0.000000000000000000e+00
1.109391929650475686e+04 0.000000000000000000e+00
1.140337311230684281e+04 0.000000000000000000e+00
1.172829961889903279e+04 0.000000000000000000e+00
1.206096247088627388e+04 0.000000000000000000e+00
1.239362532287351678e+04 0.000000000000000000e+00
1.274176086565086189e+04 0.000000000000000000e+00
1.310536909921831284e+04 0.000000000000000000e+00
1.346897733278576379e+04 0.000000000000000000e+00
1.384805825714331695e+04 0.000000000000000000e+00
1.424261187229097595e+04 0.000000000000000000e+00
1.464490183283368788e+04 0.000000000000000000e+00
1.505492813877144908e+04 0.000000000000000000e+00
1.548042713549931614e+04 0.000000000000000000e+00
1.591366247762223611e+04 0.000000000000000000e+00
1.636237051053526193e+04 0.000000000000000000e+00
1.681881488884333521e+04 0.000000000000000000e+00
1.729073195794151616e+04 0.000000000000000000e+00
1.777812171782979931e+04 0.000000000000000000e+00
1.828098416850818830e+04 0.000000000000000000e+00
1.879158296458163022e+04 0.000000000000000000e+00
1.932539079684022727e+04 0.000000000000000000e+00
1.986693497449387723e+04 0.000000000000000000e+00
2.042395184293762941e+04 0.000000000000000000e+00
2.100417774756654035e+04 0.000000000000000000e+00
2.159213999759050057e+04 0.000000000000000000e+00
2.220331128379961956e+04 0.000000000000000000e+00
2.282221891540379147e+04 0.000000000000000000e+00
2.346433558319311851e+04 0.000000000000000000e+00
2.412966128716760431e+04 0.000000000000000000e+00
2.480272333653713576e+04 0.000000000000000000e+00
2.550673076748688254e+04 0.000000000000000000e+00
2.621847454383167496e+04 0.000000000000000000e+00
2.696116370175667907e+04 0.000000000000000000e+00
2.771932555047179267e+04 0.000000000000000000e+00
2.850069643537205775e+04 0.000000000000000000e+00
2.929754001106242504e+04 0.000000000000000000e+00
3.012532896833300401e+04 0.000000000000000000e+00
3.096859061639368883e+04 0.000000000000000000e+00
3.184279764603457443e+04 0.000000000000000000e+00
3.274021371186062606e+04 0.000000000000000000e+00
3.366083881387182919e+04 0.000000000000000000e+00
3.460467295206819108e+04 0.000000000000000000e+00
3.557945247184475738e+04 0.000000000000000000e+00
3.657744102780648245e+04 0.000000000000000000e+00
3.760637496534841193e+04 0.000000000000000000e+00
3.866625428447056038e+04 1.068929992000000086e-03
3.975707898517291324e+04 5.578911237119999617e-02
4.087884906745546323e+04 4.613562066880000145e+00
4.202382818592318654e+04 3.424189258879999898e+02
4.320748903136615991e+04 9.496916041599999517e+03
4.442209525838934496e+04 1.009310798079999950e+05
4.567538321238778735e+04 5.621668436800000491e+05
4.695961654796644871e+04 2.078843004159999778e+06
4.828253161052035284e+04 5.839067719680000097e+06
4.963639205465448322e+04 1.353175037760000117e+07
5.103667057115892385e+04 2.731040852800000086e+07
5.246789446924356162e+04 4.929122244799999893e+07
5.394553643969851692e+04 8.202155769599999487e+07
5.546186013712873682e+04 1.276091635520000011e+08
5.702460190692927426e+04 1.881316785920000076e+08
5.862602540370506176e+04 2.652150808320000172e+08
6.027386697285116679e+04 3.602444626560000181e+08
6.197586295976262772e+04 4.743640308159999847e+08
6.371654067364936782e+04 6.082362208000000715e+08
6.551137280530145654e+04 7.630052393600000143e+08
6.735262300932385551e+04 9.382495366400001049e+08
6.924802763111164677e+04 1.135173540799999952e+09
7.120532301605983230e+04 1.354379465920000076e+09
7.320130012798328244e+04 1.594060669759999990e+09
7.525916800306714140e+04 1.856023794559999943e+09
7.736345395052133244e+04 2.140268840319999933e+09
7.952963066113591776e+04 2.446193592960000038e+09
8.177317082570104685e+04 2.773798052480000019e+09
8.409407444421667606e+04 3.123082218880000114e+09
8.649234151668283448e+04 3.494046092159999847e+09
8.889060858914900746e+04 3.886689672320000172e+09
9.136623911556569510e+04 4.300410745279999733e+09
9.399659654988341208e+04 4.735209311039999962e+09
9.662695398420114361e+04 5.190483155520000458e+09
9.933467487246937526e+04 5.666834492799999237e+09
1.021197592146881507e+05 6.160650038399999619e+09
1.049822070108574408e+05 6.678554147199999809e+09
1.079220182609772455e+05 7.214524678399999619e+09
1.110165564189980942e+05 7.768561632000000000e+09
1.141110945770189574e+05 8.346687148800000191e+09
1.172829961889903352e+05 8.942879088000000000e+09
1.206096247088627424e+05 9.551115308800001144e+09
1.240136166826856934e+05 1.018344009280000114e+10
1.274949721104591445e+05 1.083383129920000076e+10
1.310536909921831393e+05 1.150228892800000000e+10
1.347671367818081635e+05 1.218279083839999962e+10
1.385579460253836878e+05 1.288738131200000000e+10
1.424261187229097704e+05 1.361003820800000000e+10
1.464490183283368533e+05 1.434473938560000038e+10
1.506266448416650237e+05 1.509750698560000038e+10
1.548042713549931941e+05 1.586834100800000000e+10
1.592139882301728649e+05 1.665121931200000000e+10
1.637010685593031230e+05 1.745216403840000153e+10
1.682655123423838813e+05 1.827117518720000076e+10
1.729846830333656690e+05 1.910223061760000229e+10
1.778585806322485150e+05 1.994533032960000229e+10
1.828872051390324195e+05 2.080649646400000000e+10
1.879931930997668242e+05 2.167970688000000000e+10
1.933312714223527873e+05 2.257098371840000153e+10
1.987467131988892797e+05 2.347430483840000153e+10
2.043168818833268306e+05 2.438967024000000000e+10
2.101191409296159109e+05 2.531707992320000076e+10
2.159987634298555495e+05 2.625653388800000000e+10
2.221104762919467175e+05 2.720803213440000153e+10
2.282995526079884439e+05 2.817157466239999771e+10
2.347207192858816998e+05 2.914113933120000076e+10
2.413739763256265433e+05 3.012877042240000153e+10
2.481819602732723870e+05 3.112242365440000153e+10
2.551446711288193183e+05 3.212209902720000076e+10
2.623394723462177790e+05 3.313381868160000229e+10
2.696890004715173272e+05 3.415758261759999847e+10
2.772706189586684341e+05 3.518736869440000153e+10
2.850843278076710994e+05 3.622317691200000000e+10
2.931301270185253234e+05 3.726500727040000153e+10
3.013306531372806057e+05 3.831285976959999847e+10
3.098406330718378886e+05 3.936673440959999847e+10
3.185053399142962880e+05 4.043265333120000458e+10
3.274795005725567462e+05 4.149255011200000000e+10
3.366857515926688211e+05 4.256449117439999390e+10
3.462014564285829547e+05 4.363643223680000305e+10
3.559492516263485886e+05 4.470837329919999695e+10
3.659291371859658393e+05 4.578633650240000153e+10
3.762184765613852069e+05 4.687032184639999390e+10
3.868172697526066331e+05 4.794828504960000610e+10
