3.094538158020853189e+03 0.000000000000000000e+00
3.170354342892364002e+03 0.000000000000000000e+00
3.248491431382390601e+03 0.000000000000000000e+00
3.328175788951427421e+03 0.000000000000000000e+00
3.409407415599474461e+03 0.000000000000000000e+00
3.493733580405542853e+03 0.000000000000000000e+00
3.579607014290621919e+03 0.000000000000000000e+00
3.667027717254710751e+03 0.000000000000000000e+00
3.757542958376820934e+03 0.000000000000000000e+00
3.849605468577940883e+03 0.000000000000000000e+00
3.944762516937082637e+03 0.000000000000000000e+00
4.040693199835728592e+03 0.000000000000000000e+00
4.140492055431901463e+03 0.000000000000000000e+00
4.241838180107084554e+03 0.000000000000000000e+00
4.346278842940288087e+03 0.000000000000000000e+00
4.453040409392007859e+03 0.000000000000000000e+00
4.562122879462242963e+03 0.000000000000000000e+00
4.674299887690498508e+03 0.000000000000000000e+00
4.789571434076775404e+03 0.000000000000000000e+00
4.907163884081567630e+03 0.000000000000000000e+00
5.027077237704876097e+03 0.000000000000000000e+00
5.150858764025709206e+03 0.000000000000000000e+00
5.276961193965059465e+03 0.000000000000000000e+00
5.406931796601935275e+03 0.000000000000000000e+00
5.539996937396831527e+03 0.000000000000000000e+00
5.675382981810244928e+03 0.000000000000000000e+00
5.815410833460688082e+03 0.000000000000000000e+00
5.957759588729647476e+03 0.000000000000000000e+00
6.103976516696132421e+03 0.000000000000000000e+00
6.254061617360143828e+03 0.000000000000000000e+00
6.408014890721681695e+03 0.000000000000000000e+00
6.565062702241240004e+03 0.000000000000000000e+00
6.726752320997829884e+03 0.000000000000000000e+00
6.891536477912440205e+03 0.000000000000000000e+00
7.060962442064081188e+03 0.000000000000000000e+00
7.234256578913249541e+03 0.000000000000000000e+00
7.412192522999447647e+03 0.000000000000000000e+00
7.593996639783173123e+03 0.000000000000000000e+00
7.782763467422445501e+03 0.000000000000000000e+00
7.968435756903696529e+03 0.000000000000000000e+00
8.169580737175052491e+03 0.000000000000000000e+00
8.370725717446408453e+03 0.000000000000000000e+00
8.571870697717764415e+03 0.000000000000000000e+00
8.780752023384169661e+03 0.000000000000000000e+00
8.997369694445629648e+03 0.000000000000000000e+00
9.221723710902140738e+03 0.000000000000000000e+00
9.446077727358653647e+03 0.000000000000000000e+00
9.678168089210217659e+03 0.000000000000000000e+00
9.917994796456834592e+03 0.000000000000000000e+00
1.015782150370344971e+04 0.000000000000000000e+00
1.041312090174017067e+04 0.000000000000000000e+00
1.066842029977689162e+04 0.000000000000000000e+00
1.093145604320866369e+04 0.000000000000000000e+00
1.119449178664043575e+04 0.000000000000000000e+00
1.147300022086231365e+04 0.000000000000000000e+00
1.175150865508418792e+04 7.648118815999999950e-07
1.203775343470111875e+04 4.239587123200000586e-06
1.233947090510815178e+04 9.280118972799999844e-06
1.264118837551518300e+04 1.657895362239999914e-05
1.295064219131726895e+04 2.765969269439999905e-05
1.326783235251440783e+04 4.503356890240000233e-05
1.359275885910659599e+04 7.238613241600000718e-05
1.392542171109383889e+04 1.154444391359999984e-04
1.427355725387118400e+04 1.824708662400000112e-04
1.462169279664852911e+04 2.861721308160000243e-04
1.497756468482092896e+04 4.452168693440000137e-04
1.534890926378343102e+04 6.877284793600000170e-04
1.572799018814098417e+04 0.000000000000000000e+00
1.610707111249853915e+04 1.332097544959999838e-03
1.650936107304125107e+04 2.310695424960000112e-03
1.691165103358396300e+04 3.584980418240000122e-03
1.732941368491677713e+04 5.383191661120000603e-03
1.775491268164464418e+04 7.997402982399998833e-03
1.818814802376756415e+04 1.179135168640000134e-02
1.863685605668058633e+04 1.728956623679999902e-02
1.909330043498866144e+04 2.521470352960000078e-02
1.956521750408684238e+04 3.659654964160000135e-02
2.004487091858007625e+04 5.285632980160000216e-02
2.053226067846835940e+04 7.605963830400000458e-02
2.103512312914674840e+04 1.089405270719999985e-01
2.155345827061524324e+04 1.556121182719999996e-01
2.208726610287383664e+04 2.215545600319999975e-01
2.262881028052748661e+04 3.146568567999999955e-01
2.318582714897123878e+04 4.459395262399999948e-01
2.375058036281004388e+04 6.311203558400000357e-01
2.433854261283400774e+04 8.930834806399999826e-01
2.493424120825302089e+04 1.263445139839999953e+00
2.554541249446214351e+04 1.789178031679999892e+00
2.617205647146136471e+04 2.539536775360000220e+00
2.681417313925069175e+04 3.596422485759999788e+00
2.747176249783012463e+04 5.143510457280000558e+00
2.814482454719965608e+04 7.395188902400000153e+00
2.884109563275434994e+04 1.070736634240000029e+01
2.954510306370409307e+04 1.564552179839999901e+01
3.027231953083899134e+04 2.310093210880000214e+01
3.101500868876400273e+04 3.456106605120000097e+01
3.178090688287415833e+04 5.250102349440000182e+01
3.256227776777442341e+04 8.117845798400000490e+01
3.335912134346479434e+04 1.285124846719999994e+02
3.417917395534032403e+04 2.081251860480000175e+02
3.502243560340100521e+04 3.467548672639999836e+02
3.588116994225179224e+04 5.968543746879998935e+02
3.676311331728773075e+04 1.066521135680000043e+03
3.766052938311378239e+04 1.987908678080000072e+03
3.858889083052003843e+04 3.881871959680000145e+03
3.954046131411144597e+04 7.973314419199999975e+03
4.050750448849296663e+04 1.727752195520000168e+04
4.150549304445469170e+04 3.937275655039999401e+04
4.251895429120652261e+04 9.358406803200001013e+04
4.356336091953855794e+04 2.282391363200000196e+05
4.463871292945080495e+04 5.569878025919999927e+05
4.572953763015315053e+04 1.321859905599999940e+06
4.685904405783076800e+04 2.973733127040000167e+06
4.800402317629848403e+04 6.244960009599999525e+06
4.918768402174145740e+04 1.217676869759999961e+07
5.039455390336958953e+04 2.207114603200000152e+07
5.162463282118288043e+04 3.736738366400000453e+07
5.289339346597142867e+04 5.976372529919999838e+07
5.419309949234018859e+04 9.075366185599999130e+07
5.553148724568420585e+04 1.318246621119999886e+08
5.689308403521338187e+04 1.843377298879999816e+08
5.829336255171782250e+04 2.494370719359999895e+08
5.972458644980246027e+04 3.280260093759999871e+08
6.118675572946731700e+04 4.208874205119999647e+08
6.269534308150247671e+04 5.288041836480000019e+08
6.423487581511786266e+04 6.521978486399999857e+08
6.581309027570848411e+04 7.913093011200000048e+08
6.742225011787933181e+04 9.460783196800000668e+08
6.908556437781553541e+04 1.118311546559999943e+09
7.077982401933195069e+04 1.306804553600000143e+09
7.252050173321869806e+04 1.511557340800000191e+09
7.429986117408068094e+04 1.732569908160000086e+09
7.612563868731298135e+04 1.971046683840000153e+09
7.798236158212549344e+04 2.225783239680000305e+09
7.991644793088853476e+04 2.497381789759999752e+09
8.185053427965156152e+04 2.785842334079999924e+09
8.386198408236511750e+04 3.091164872640000343e+09
8.595079733902918815e+04 3.412747191360000134e+09
8.803961059569327335e+04 3.750589290240000248e+09
9.020578730630787322e+04 4.105293383360000134e+09
9.244932747087297321e+04 4.475655042559999466e+09
9.469286763543810230e+04 4.861674267840000153e+09
9.701377125395373150e+04 5.263953273280000687e+09
9.941203832641990448e+04 5.681889844800000191e+09
1.018876688528365776e+05 6.112472912000000000e+09
1.043632993792532652e+05 6.564133472000000000e+09
1.069162933596204675e+05 7.027838313600000381e+09
1.095466507939381991e+05 7.509609577599999428e+09
1.122543716822064453e+05 8.003425123199999809e+09
1.149620925704746915e+05 8.509284950400000572e+09
1.178245403666439815e+05 9.033211200000000000e+09
1.206869881628132716e+05 9.569181731199998856e+09
1.237041628668836056e+05 1.011719654400000000e+10
1.267213375709539250e+05 1.068327777919999886e+10
1.298158757289747882e+05 1.126742543679999924e+10
1.329877773409461661e+05 1.185759523519999886e+10
1.362370424068680441e+05 1.246583145600000000e+10
1.396410343806910096e+05 1.308008981760000038e+10
1.430450263545139169e+05 1.371241460160000038e+10
1.465263817822874116e+05 1.435678366719999886e+10
1.501624641179619066e+05 1.501921915519999886e+10
1.538759099075869308e+05 1.568767678400000000e+10
1.575893556972119550e+05 1.636817869439999962e+10
1.615348918486885086e+05 1.706674702719999886e+10
1.654804280001651205e+05 1.777133750079999924e+10
1.695033276055922324e+05 1.848797225600000000e+10
1.736809541189203737e+05 1.922267343359999847e+10
1.779359440861990442e+05 1.996339675200000000e+10
1.823456609613787732e+05 2.071616435200000000e+10
1.868327412905090023e+05 2.147495409280000305e+10
1.913971850735897606e+05 2.225181025600000000e+10
1.961163557645715773e+05 2.303468856000000000e+10
2.009128899095038651e+05 2.382961114560000229e+10
2.058641509623372403e+05 2.463055587200000000e+10
2.108927754691211449e+05 2.544354488000000000e+10
2.160761268838060496e+05 2.626857816960000229e+10
2.214142052063920419e+05 2.709963360000000000e+10
2.268296469829285343e+05 2.793671117120000076e+10
2.323998156673660560e+05 2.879185516479999924e+10
2.381247112597046362e+05 2.964699915840000153e+10
2.439269703059937456e+05 3.050816529280000305e+10
2.499613197141344135e+05 3.138137570879999924e+10
2.560730325762256107e+05 3.226060826559999847e+10
2.624168358001683373e+05 3.314586296320000076e+10
2.688380024780615931e+05 3.403713980160000229e+10
2.754138960638559074e+05 3.493443878079999542e+10
2.821445165575512801e+05 3.583775990080000305e+10
2.891072274130981532e+05 3.674710316159999847e+10
2.962246651765461429e+05 3.766246856320000458e+10
3.034968298478951328e+05 3.858385610559999847e+10
3.109237214271451812e+05 3.950524364800000000e+10
3.185827033682467882e+05 4.043265333120000458e+10
3.263964122172494535e+05 4.136608515519999695e+10
3.344422114281036775e+05 4.229951697919999695e+10
3.426427375468589598e+05 4.323897094400000000e+10
3.510753540274658008e+05 4.417842490880000305e+10
3.596626974159736419e+05 4.511185673280000305e+10
3.684821311663330998e+05 4.605733283840000153e+10
3.775336552785440581e+05 4.700280894400000000e+10
3.868172697526066331e+05 4.794828504960000610e+10
