3.094538158020853189e+03 0.000000000000000000e+00
3.147918941246712620e+03 0.000000000000000000e+00
3.202073359012077617e+03 0.000000000000000000e+00
3.257001411316947724e+03 0.000000000000000000e+00
3.313476732700828506e+03 0.000000000000000000e+00
3.370725688624213944e+03 0.000000000000000000e+00
3.428748279087104947e+03 0.000000000000000000e+00
3.487544504089501061e+03 0.000000000000000000e+00
3.547887998170907849e+03 0.000000000000000000e+00
3.609005126791820203e+03 0.000000000000000000e+00
3.671669524491742322e+03 0.000000000000000000e+00
3.734333922191664442e+03 0.000000000000000000e+00
3.799319223510102347e+03 0.000000000000000000e+00
3.864304524828540252e+03 0.000000000000000000e+00
3.930837095225988378e+03 0.000000000000000000e+00
3.998916934702447634e+03 0.000000000000000000e+00
4.003558741939478296e+03 0.000000000000000000e+00
4.032183219901171469e+03 0.000000000000000000e+00
1.374748576700763806e+04 1.197201591039999948e+04
1.374748576700763806e+04 1.202019303679999939e+04
1.373974942161258696e+04 1.191781664319999982e+04
4.034504123519686800e+03 0.000000000000000000e+00
3.846510930419919987e+03 0.000000000000000000e+00
3.928516191607473047e+03 0.000000000000000000e+00
4.019031432729582320e+03 0.000000000000000000e+00
1.425034821768602887e+04 1.935516053120000288e+04
4.027541412664139898e+03 0.000000000000000000e+00
4.039919565296223482e+03 0.000000000000000000e+00
1.318273255316883296e+04 6.708664851199999248e+03
4.033730488980181690e+03 0.000000000000000000e+00
1.332198677027977283e+04 7.780605913600000349e+03
1.317499620777378186e+04 6.648443443200000729e+03
1.496209199403082312e+04 3.607262339200000133e+04
4.027541412664139898e+03 0.000000000000000000e+00
3.995822396544426283e+03 0.000000000000000000e+00
1.500851006640113701e+04 3.755407002880000073e+04
1.534890926378343102e+04 4.970072802239999874e+04
4.013615990953046548e+03 0.000000000000000000e+00
1.522512773746259700e+04 4.494925893120000546e+04
1.319046889856388589e+04 6.762864118400000734e+03
1.378616749398290085e+04 1.248389787840000099e+04
1.571251749735088197e+04 6.564133471999999892e+04
1.320594158935398991e+04 6.889329075200000261e+03
1.394863074727899402e+04 1.460369143999999869e+04
4.018257798190077210e+03 0.000000000000000000e+00
1.322141428014409576e+04 7.009771891200000027e+03
1.630821609276989693e+04 1.017741795200000051e+05
1.320594158935398991e+04 6.853196230399999877e+03
1.328330504330451186e+04 7.473476732799999809e+03
1.321367793474904283e+04 6.913417638400000214e+03
4.035277758059191910e+03 0.000000000000000000e+00
1.449791127032769691e+04 2.419093959360000008e+04
1.322915062553914686e+04 7.039882595199999741e+03
1.317499620777378186e+04 6.654465583999999581e+03
1.381711287556310890e+04 1.288135917120000158e+04
1.317499620777378186e+04 6.666509865600000012e+03
1.323688697093419978e+04 7.088059721600000557e+03
1.397957612885920389e+04 1.500115273280000110e+04
4.032183219901171469e+03 0.000000000000000000e+00
1.362370424068680404e+04 1.059294566720000148e+04
4.040693199835728592e+03 0.000000000000000000e+00
3.206715166249108734e+03 0.000000000000000000e+00
3.899118079106274763e+03 0.000000000000000000e+00
3.991954223846900277e+03 0.000000000000000000e+00
3.243849624145359030e+03 0.000000000000000000e+00
3.945536151476587747e+03 0.000000000000000000e+00
3.611326030410335534e+03 0.000000000000000000e+00
3.273247736646556859e+03 0.000000000000000000e+00
3.654649564622627167e+03 0.000000000000000000e+00
3.902212617264295204e+03 0.000000000000000000e+00
3.932384364304998599e+03 0.000000000000000000e+00
3.367631150466193503e+03 0.000000000000000000e+00
3.773789283706430524e+03 0.000000000000000000e+00
1.319046889856388589e+04 6.738775555199999872e+03
4.005879645557994536e+03 0.000000000000000000e+00
3.860436352131014246e+03 0.000000000000000000e+00
3.941667978779061286e+03 0.000000000000000000e+00
1.322141428014409576e+04 7.009771891200000027e+03
4.037598661677708151e+03 0.000000000000000000e+00
3.627572355739944669e+03 0.000000000000000000e+00
1.324462331632925088e+04 7.178391833600000609e+03
4.040693199835728592e+03 0.000000000000000000e+00
1.342255926041544990e+04 8.629727766399999382e+03
1.367012231305711794e+04 1.114096047999999973e+04
3.959461573187681552e+03 0.000000000000000000e+00
1.322915062553914686e+04 7.045904736000000412e+03
1.345350464199565977e+04 8.948901228799999444e+03
1.368559500384722196e+04 1.132162470400000166e+04
1.392542171109383889e+04 1.426645155519999935e+04
1.416524841834045401e+04 1.789178031679999913e+04
1.440507512558707094e+04 2.237827521279999928e+04
1.465263817822873898e+04 2.788251190400000269e+04
1.490793757626545994e+04 3.461526531840000098e+04
1.516323697430217908e+04 4.281742108800000278e+04
1.542627271773395296e+04 5.277804197120000026e+04
1.569704480656077612e+04 6.479823500799999601e+04
1.596781689538760111e+04 7.931159433599999466e+04
1.623858898421442791e+04 9.677580265599999984e+04
1.651709741843630036e+04 1.176726312319999997e+05
1.680334219805323301e+04 1.425440727360000019e+05
1.709732332306521130e+04 1.721730054719999898e+05
1.739130444807719687e+04 2.073423077440000197e+05
1.768528557308917516e+04 2.488950792640000000e+05
1.799473938889125930e+04 2.978550839679999626e+05
1.830419320469334707e+04 3.554267500160000054e+05
1.862138336589048413e+04 4.228145055680000223e+05
1.893857352708762119e+04 5.016443286400000216e+05
1.926350003367981117e+04 5.934217544319999870e+05
1.959616288566705043e+04 7.003749750400000485e+05
1.993656208304934626e+04 8.238288614400000079e+05
2.028469762582669136e+04 9.665535984000000171e+05
2.063283316860403647e+04 1.131560256320000160e+06
2.098870505677643450e+04 1.321257691520000109e+06
2.134457694494883253e+04 1.538656974399999948e+06
2.171592152391133641e+04 1.787973603520000121e+06
2.208726610287383664e+04 2.072218649280000012e+06
2.247408337262644272e+04 2.396812038399999961e+06
2.286090064237905244e+04 2.765367055360000115e+06
2.325545425752670781e+04 3.184508055040000007e+06
2.365000787267437045e+04 3.658450535999999847e+06
2.406003417861213165e+04 4.193818853119999636e+06
2.447779682994494942e+04 4.798441789439999498e+06
2.489555948127776355e+04 5.478943699839999899e+06
2.532879482340068353e+04 6.244960009599999525e+06
2.576203016552360350e+04 7.100104003200000152e+06
2.621073819843662568e+04 8.063646531200000085e+06
2.665944623134965150e+04 9.141609734400000423e+06
2.711589060965772296e+04 1.034001575359999947e+07
2.758780767875590391e+04 1.167693101119999960e+07
2.805972474785408122e+04 1.316439978879999928e+07
2.854711450774236800e+04 1.482048850879999995e+07
2.903450426763065479e+04 1.665724145280000009e+07
2.953736671830904379e+04 1.869874718400000036e+07
3.004796551438248207e+04 2.095102784320000187e+07
3.056630065585097691e+04 2.344419413439999893e+07
3.109237214271452103e+04 2.619631248000000045e+07
3.162617997497311808e+04 2.923147144319999963e+07
3.217546049802181733e+04 3.257978172800000012e+07
3.273247736646557314e+04 3.625930975679999590e+07
3.328949423490932531e+04 4.030618837439999729e+07
3.386972013953823625e+04 4.475655042559999973e+07
3.444994604416714719e+04 4.964050661439999938e+07
3.504564463958616398e+04 5.498816764479999989e+07
3.564907958040022640e+04 6.088384348800000548e+07
3.626025086660934903e+04 6.726731273600000143e+07
3.688689484360856295e+04 7.431321747200000286e+07
3.752127516600283707e+04 8.196133628800000250e+07
3.817112817918722430e+04 9.033211200000000000e+07
3.882871753776665719e+04 9.948576601600000262e+07
3.950177958713618864e+04 1.094825197439999878e+08
4.018257798190077301e+04 1.203825945920000076e+08
4.087111272206041758e+04 1.322462119680000097e+08
4.157512015301016072e+04 1.451335932800000012e+08
4.229460027475000243e+04 1.591651813439999819e+08
4.302181674188491161e+04 1.744614189760000110e+08
4.376450589980991208e+04 1.910825275839999914e+08
4.451493140312996547e+04 2.090887285760000050e+08
4.528856594263518491e+04 2.287209075839999914e+08
4.606993682753544999e+04 2.499790646079999804e+08
4.685904405783076800e+04 2.730438638720000386e+08
4.767136032431123749e+04 2.980357481920000315e+08
4.849141293618676718e+04 3.250751603840000033e+08
4.932693823885240272e+04 3.544029860799999833e+08
5.017793623230812955e+04 3.861396680960000157e+08
5.104440691655396949e+04 4.204658706560000181e+08
5.191861394619486236e+04 4.575622579840000272e+08
5.281603001202090672e+04 4.976094943040000200e+08
5.372891876863706420e+04 5.408484652479999065e+08
5.464954387064826733e+04 5.873996136319999695e+08
5.559337800884462195e+04 6.377447107200000286e+08
5.655268483783108240e+04 6.913417638399999142e+08
5.752746435760765598e+04 7.497565295999999046e+08
5.851771656817432813e+04 8.117845798400000334e+08
5.953117781492615904e+04 8.786303427200000286e+08
6.055237540707304288e+04 9.502938182400000095e+08
6.159678203540507820e+04 1.027377220479999900e+09
6.265666135452721937e+04 1.109278335359999895e+09
6.373974970983452658e+04 1.196599376960000038e+09
6.483831075593192509e+04 1.289942559360000134e+09
6.596008083821447508e+04 1.388705668480000019e+09
6.709732361128715274e+04 1.494093132480000019e+09
6.825003907514990715e+04 1.606104951360000134e+09
6.942596357519783487e+04 1.724138911040000200e+09
7.062509711143092136e+04 1.849399439680000067e+09
7.183970333845409914e+04 1.981284323199999809e+09
7.307751860166243569e+04 2.121600203839999914e+09
7.433080655566089263e+04 2.267336011200000286e+09
7.561503989123953215e+04 2.422105029760000229e+09
7.692248226300334500e+04 2.583498403199999809e+09
7.821445194397705200e+04 2.753924987840000153e+09
7.960699411508643243e+04 2.931578141440000057e+09
8.099953628619582742e+04 3.116457864000000000e+09
8.239207845730520785e+04 3.310370797760000229e+09
8.378462062841460283e+04 3.512112514559999943e+09
8.525452625347449793e+04 3.721080800319999695e+09
8.672443187853440759e+04 3.939082297280000210e+09
8.819433750359431724e+04 4.165514791360000134e+09
8.974160658260474156e+04 4.399776068479999542e+09
9.128887566161516588e+04 4.641263914560000420e+09
9.283614474062559020e+04 4.891784971840000153e+09
