9.538913872099279615e+03 6.341314262400000246e+01
9.538913872099279615e+03 6.341314262400000246e+01
9.538913872099279615e+03 6.341314262400000246e+01
9.538913872099279615e+03 6.341314262400000246e+01
9.538913872099279615e+03 6.341314262400000246e+01
9.538913872099279615e+03 6.341314262400000246e+01
9.538913872099279615e+03 6.341314262400000246e+01
9.538913872099279615e+03 6.341314262400000246e+01
9.538913872099279615e+03 6.341314262400000246e+01
9.538913872099279615e+03 6.341314262400000246e+01
9.538913872099279615e+03 6.341314262400000246e+01
9.538913872099279615e+03 6.341314262400000246e+01
9.538913872099279615e+03 6.341314262400000246e+01
9.538913872099279615e+03 6.341314262400000246e+01
9.538913872099279615e+03 6.341314262400000246e+01
9.538913872099279615e+03 6.341314262400000246e+01
9.538913872099279615e+03 6.341314262400000246e+01
9.538913872099279615e+03 6.341314262400000246e+01
9.538913872099279615e+03 6.341314262400000246e+01
9.538913872099279615e+03 6.341314262400000246e+01
9.538913872099279615e+03 6.341314262400000246e+01
9.538913872099279615e+03 6.341314262400000246e+01
9.538913872099279615e+03 6.341314262400000246e+01
9.538913872099279615e+03 6.341314262400000246e+01
9.538913872099279615e+03 6.341314262400000246e+01
9.538913872099279615e+03 6.341314262400000246e+01
9.538913872099279615e+03 6.341314262400000246e+01
9.538913872099279615e+03 6.341314262400000246e+01
9.538913872099279615e+03 6.341314262400000246e+01
9.538913872099279615e+03 6.341314262400000246e+01
9.538913872099279615e+03 6.341314262400000246e+01
9.538913872099279615e+03 6.341314262400000246e+01
9.538913872099279615e+03 6.341314262400000246e+01
9.538913872099279615e+03 6.341314262400000246e+01
9.538913872099279615e+03 6.341314262400000246e+01
9.538913872099279615e+03 6.341314262400000246e+01
9.538913872099279615e+03 6.341314262400000246e+01
9.538913872099279615e+03 6.341314262400000246e+01
9.538913872099279615e+03 6.341314262400000246e+01
9.538913872099279615e+03 6.341314262400000246e+01
9.538913872099279615e+03 6.341314262400000246e+01
9.538913872099279615e+03 6.341314262400000246e+01
9.538913872099279615e+03 6.341314262400000246e+01
9.538913872099279615e+03 6.341314262400000246e+01
9.538913872099279615e+03 6.341314262400000246e+01
9.538913872099279615e+03 6.341314262400000246e+01
9.538913872099279615e+03 6.341314262400000246e+01
9.678168089210217659e+03 6.449712796800000092e+01
9.917994796456834592e+03 6.654465584000000433e+01
1.015782150370344971e+04 6.895351216000000250e+01
1.041312090174017067e+04 7.172369692799999541e+01
1.066842029977689162e+04 7.485521014399999729e+01
1.093145604320866369e+04 7.840827321599999777e+01
1.119449178664043575e+04 8.232266473600000722e+01
1.147300022086231365e+04 8.671882751999999073e+01
1.175150865508418792e+04 9.153654016000000126e+01
1.203775343470111875e+04 9.689624547200000393e+01
1.233947090510815178e+04 1.027377220480000091e+02
1.264118837551518300e+04 1.091814127039999960e+02
1.295064219131726895e+04 1.162273174399999931e+02
1.326783235251440783e+04 1.261036283520000012e+02
1.359275885910659599e+04 1.347152896960000135e+02
1.392542171109383889e+04 1.442302721599999984e+02
1.427355725387118400e+04 1.546485757439999986e+02
1.462169279664852911e+04 1.660304218560000038e+02
1.497756468482092896e+04 1.784962533119999932e+02
1.534890926378343102e+04 1.921665129279999746e+02
1.572799018814098417e+04 2.071014221119999945e+02
1.610707111249853915e+04 2.234214236800000037e+02
1.650936107304125107e+04 2.411867390399999920e+02
1.691165103358396300e+04 2.606382538240000031e+02
1.732941368491677713e+04 2.818361894399999983e+02
1.775491268164464418e+04 3.049009887039999853e+02
1.818814802376756415e+04 3.299530944320000003e+02
1.863685605668058633e+04 3.571129494400000226e+02
1.909330043498866144e+04 3.865612179519999927e+02
1.956521750408684238e+04 4.183581213759999855e+02
2.004487091858007625e+04 4.526843239359999984e+02
2.053226067846835940e+04 4.896602684480000107e+02
2.104285947454180132e+04 5.293461763199999268e+02
2.155345827061524324e+04 5.719227117759999146e+02
2.208726610287383664e+04 6.172694319999999379e+02
2.262881028052748661e+04 6.654465583999999581e+02
2.318582714897123878e+04 7.172369692799999257e+02
2.375058036281004388e+04 7.714362364800000478e+02
2.433854261283400774e+04 8.292487881600000037e+02
2.493424120825302089e+04 8.894701961600000004e+02
2.554541249446214351e+04 9.533048886399999446e+02
2.617205647146136471e+04 1.019548437439999930e+03
2.681417313925069175e+04 1.089405270720000090e+03
2.747176249783012463e+04 1.161670960319999949e+03
2.815256089259470900e+04 1.236947720319999917e+03
2.884109563275434994e+04 1.314633336640000152e+03
2.955283940909914600e+04 1.394727809279999974e+03
3.027231953083899134e+04 1.477833352319999904e+03
3.101500868876400273e+04 1.562745537599999807e+03
3.178090688287415833e+04 1.650066579199999978e+03
3.256227776777442341e+04 1.739194263039999896e+03
3.335912134346479434e+04 1.831333017279999922e+03
3.417917395534032403e+04 1.924676199679999854e+03
3.502243560340100521e+04 2.019826024319999988e+03
3.588116994225179224e+04 2.116180277120000028e+03
3.676311331728773075e+04 2.214341172160000042e+03
3.766052938311378239e+04 2.313706495360000190e+03
3.858889083052003843e+04 2.414276246720000017e+03
3.953272496871640033e+04 2.516652640319999591e+03
4.050750448849296663e+04 2.638299884479999946e+03
4.149775669905963878e+04 3.027330180160000054e+03
4.251895429120652261e+04 6.485845641599999908e+03
4.356336091953855794e+04 3.319404008959999919e+04
4.463871292945080495e+04 1.694630421119999955e+05
4.572953763015315053e+04 6.558111331200000132e+05
4.685904405783076800e+04 1.978875466879999964e+06
4.800402317629848403e+04 4.923100104000000283e+06
4.918768402174145740e+04 1.057487924479999952e+07
5.038681755797453661e+04 2.027052593280000240e+07
5.163236916657793336e+04 3.551858643840000033e+07
5.289339346597142867e+04 5.787879522879999876e+07
5.420083583773524151e+04 8.888679820800000429e+07
5.553148724568420585e+04 1.300782412800000012e+08
5.689308403521338187e+04 1.826515304640000165e+08
5.829336255171782250e+04 2.478713153280000091e+08
5.972458644980246027e+04 3.265806955839999914e+08
6.118675572946731700e+04 4.196227709440000057e+08
6.269534308150247671e+04 5.276599768960000277e+08
6.423487581511786266e+04 6.509934204800000191e+08
6.581309027570848411e+04 7.901048729600000381e+08
6.742225011787933181e+04 9.454761056000000238e+08
6.908556437781553541e+04 1.117709332480000019e+09
7.077982401933195069e+04 1.306202339519999981e+09
7.252050173321869806e+04 1.511557340800000191e+09
7.429986117408068094e+04 1.731967694080000162e+09
7.612563868731298135e+04 1.969842255680000067e+09
7.798236158212549344e+04 2.225181025600000381e+09
7.991644793088853476e+04 2.496779575679999828e+09
8.185053427965156152e+04 2.785842334079999924e+09
8.386198408236511750e+04 3.090562658559999943e+09
8.595079733902918815e+04 3.412144977280000210e+09
8.803961059569327335e+04 3.749987076159999847e+09
9.020578730630787322e+04 4.104691169280000210e+09
9.244932747087297321e+04 4.475052828479999542e+09
9.469286763543810230e+04 4.861072053760000229e+09
9.701377125395373150e+04 5.263351059199999809e+09
9.941203832641990448e+04 5.681287630720000267e+09
1.018876688528365776e+05 6.112472912000000000e+09
1.043632993792532652e+05 6.564133472000000000e+09
1.069162933596204675e+05 7.027838313600000381e+09
1.095466507939381991e+05 7.509609577599999428e+09
1.122543716822064453e+05 7.997402982399999619e+09
1.149620925704746915e+05 8.509284950400000572e+09
1.178245403666439815e+05 9.033211200000000000e+09
1.206869881628132716e+05 9.569181731199998856e+09
1.237041628668836056e+05 1.011719654400000000e+10
1.267213375709539250e+05 1.068327777919999886e+10
1.298158757289747882e+05 1.126140329600000000e+10
1.329877773409461661e+05 1.185759523519999886e+10
1.362370424068680441e+05 1.245980931520000076e+10
1.396410343806910096e+05 1.308008981760000038e+10
1.430450263545139169e+05 1.371241460160000038e+10
1.465263817822874116e+05 1.435678366719999886e+10
1.501624641179619066e+05 1.501921915519999886e+10
1.538759099075869308e+05 1.568767678400000000e+10
1.575893556972119550e+05 1.636817869439999962e+10
1.615348918486885086e+05 1.706674702719999886e+10
1.654804280001651205e+05 1.777133750079999924e+10
1.695033276055922324e+05 1.848797225600000000e+10
1.736809541189203737e+05 1.922267343359999847e+10
1.779359440861990442e+05 1.996339675200000000e+10
1.823456609613787732e+05 2.071616435200000000e+10
1.868327412905090023e+05 2.147495409280000305e+10
1.913971850735897606e+05 2.225181025600000000e+10
1.961163557645715773e+05 2.303468856000000000e+10
2.009128899095038651e+05 2.382961114560000229e+10
2.058641509623372403e+05 2.463055587200000000e+10
2.108927754691211449e+05 2.544354488000000000e+10
2.160761268838060496e+05 2.626857816960000229e+10
2.214142052063920419e+05 2.709963360000000000e+10
2.268296469829285343e+05 2.793671117120000076e+10
2.323998156673660560e+05 2.879185516479999924e+10
2.381247112597046362e+05 2.964699915840000153e+10
2.439269703059937456e+05 3.050816529280000305e+10
2.499613197141344135e+05 3.138137570879999924e+10
2.560730325762256107e+05 3.226060826559999847e+10
2.624168358001683373e+05 3.314586296320000076e+10
2.688380024780615931e+05 3.403713980160000229e+10
2.754138960638559074e+05 3.493443878079999542e+10
2.821445165575512801e+05 3.583775990080000305e+10
2.891072274130981532e+05 3.674710316159999847e+10
2.962246651765461429e+05 3.766246856320000458e+10
3.034968298478951328e+05 3.858385610559999847e+10
3.109237214271451812e+05 3.950524364800000000e+10
3.185827033682467882e+05 4.043265333120000458e+10
3.263964122172494535e+05 4.136608515519999695e+10
3.344422114281036775e+05 4.229951697919999695e+10
3.426427375468589598e+05 4.323897094400000000e+10
3.510753540274658008e+05 4.417842490880000305e+10
3.596626974159736419e+05 4.511185673280000305e+10
3.684821311663330998e+05 4.605733283840000153e+10
3.775336552785440581e+05 4.700280894400000000e+10
3.868172697526066331e+05 4.794828504960000610e+10
