BOLSIG+ version: 03/2016
Collision input data:
--------------------------------------------------
Ar                                                              
crs-Biagi_v7.1+step.txt
--------------------------------------------------
Ar*                                                             
crs-Biagi_v7.1+step.txt
 
 
 
Angular frequency / N (m3/s)               0.000    
Cosine of E-B field angle                  0.000    
Gas temperature (K)                        3000.    
Excitation temperature (K)                 3000.    
Transition energy (eV)                     0.000    
Ionization degree                         0.1000E-02
Plasma density (1/m3)                     0.8000E+17
Ion charge parameter                       1.000    
Ion/neutral mass ratio                     1.000    
e-e momentum effects                       1.000    
Energy sharing                             1.000    
Growth model                               1.000    
Maxwellian mean energy (eV)                0.000    
# of grid points                           200.0    
Grid type                                  0.000    
Maximum energy                             200.0    
Precision                                 0.1000E-09
Convergence                               0.1000E-03
Maximum # of iterations                    5000.    
Mole fraction Ar                           1.000    
Mole fraction Ar*                         0.1000E-04
 
 
E/N (Td)    	Electric field / N (Td)                                         
0.1872	0.1872
0.2272	0.2272
0.2608	0.2608
0.2889	0.2889
0.3130	0.3130
0.3342	0.3342
0.3530	0.3530
0.3699	0.3699
0.3850	0.3850
0.3988	0.3988
0.4114	0.4114
0.4209	0.4209
0.4314	0.4314
0.4409	0.4409
0.4497	0.4497
0.4580	0.4580
0.4656	0.4656
0.4727	0.4727
0.4794	0.4794
0.4857	0.4857
0.4915	0.4915
0.4971	0.4971
0.5023	0.5023
0.5072	0.5072
0.5119	0.5119
0.5163	0.5163
0.5206	0.5206
0.5246	0.5246
0.5285	0.5285
0.5323	0.5323
0.5359	0.5359
0.5394	0.5394
0.5429	0.5429
0.5463	0.5463
0.5496	0.5496
0.5530	0.5530
0.5562	0.5562
0.5595	0.5595
0.5628	0.5628
0.5662	0.5662
0.5695	0.5695
0.5729	0.5729
0.5764	0.5764
0.5799	0.5799
0.5836	0.5836
0.5873	0.5873
0.5911	0.5911
0.5951	0.5951
0.5992	0.5992
0.6035	0.6035
0.6080	0.6080
0.6126	0.6126
0.6174	0.6174
0.6224	0.6224
0.6277	0.6277
0.6332	0.6332
0.6390	0.6390
0.6451	0.6451
0.6515	0.6515
0.6582	0.6582
0.6654	0.6654
0.6730	0.6730
0.6810	0.6810
0.6895	0.6895
0.6986	0.6986
0.7084	0.7084
0.7189	0.7189
0.7302	0.7302
0.7423	0.7423
0.7556	0.7556
0.7699	0.7699
0.7856	0.7856
0.8028	0.8028
0.8217	0.8217
0.8424	0.8424
0.8653	0.8653
0.8907	0.8907
0.9187	0.9187
0.9497	0.9497
0.9842	0.9842
1.022	1.022
1.065	1.065
1.111	1.111
1.163	1.163
1.220	1.220
1.283	1.283
1.352	1.352
1.428	1.428
1.511	1.511
1.602	1.602
1.700	1.700
1.808	1.808
1.924	1.924
2.050	2.050
2.186	2.186
2.333	2.333
2.490	2.490
2.660	2.660
2.841	2.841
3.036	3.036
3.243	3.243
3.465	3.465
3.701	3.701
3.953	3.953
4.220	4.220
4.504	4.504
4.805	4.805
5.124	5.124
5.462	5.462
5.820	5.820
6.198	6.198
6.597	6.597
7.019	7.019
7.464	7.464
7.933	7.933
8.427	8.427
8.947	8.947
9.495	9.495
10.07	10.07
10.68	10.68
11.31	11.31
11.98	11.98
12.69	12.69
13.43	13.43
14.21	14.21
15.02	15.02
15.88	15.88
16.78	16.78
17.72	17.72
18.72	18.72
19.76	19.76
20.85	20.85
22.00	22.00
23.21	23.21
24.48	24.48
25.81	25.81
27.22	27.22
28.69	28.69
30.24	30.24
31.88	31.88
33.60	33.60
35.41	35.41
37.33	37.33
39.34	39.34
41.48	41.48
43.73	43.73
46.11	46.11
48.63	48.63
51.31	51.31
54.14	54.14
57.15	57.15
60.34	60.34
63.74	63.74
67.36	67.36
71.22	71.22
75.34	75.34
79.73	79.73
84.43	84.43
89.46	89.46
94.84	94.84
100.6	100.6
106.8	106.8
113.4	113.4
120.5	120.5
128.1	128.1
136.2	136.2
144.9	144.9
154.2	154.2
164.1	164.1
174.6	174.6
185.7	185.7
197.4	197.4
209.8	209.8
222.8	222.8
236.4	236.4
250.6	250.6
265.3	265.3
280.6	280.6
296.3	296.3
312.6	312.6
329.2	329.2
346.4	346.4
363.8	363.8
381.7	381.7
399.9	399.9
418.5	418.5
437.4	437.4
456.6	456.6
476.0	476.0
495.8	495.8
515.7	515.7
536.0	536.0
556.5	556.5
577.2	577.2
598.0	598.0
619.2	619.2
640.5	640.5
662.1	662.1
683.9	683.9
705.9	705.9
 
 
E/N (Td)	Mean energy (eV)
0.1872	0.4000
0.2272	0.4069
0.2608	0.4139
0.2889	0.4210
0.3130	0.4283
0.3342	0.4357
0.3530	0.4432
0.3699	0.4508
0.3850	0.4586
0.3988	0.4665
0.4114	0.4746
0.4209	0.4827
0.4314	0.4911
0.4409	0.4995
0.4497	0.5081
0.4580	0.5169
0.4656	0.5258
0.4727	0.5348
0.4794	0.5441
0.4857	0.5534
0.4915	0.5630
0.4971	0.5727
0.5023	0.5826
0.5072	0.5926
0.5119	0.6028
0.5163	0.6132
0.5206	0.6238
0.5246	0.6345
0.5285	0.6455
0.5323	0.6566
0.5359	0.6679
0.5394	0.6795
0.5429	0.6912
0.5463	0.7031
0.5496	0.7152
0.5530	0.7275
0.5562	0.7401
0.5595	0.7528
0.5628	0.7658
0.5662	0.7790
0.5695	0.7924
0.5729	0.8061
0.5764	0.8201
0.5799	0.8341
0.5836	0.8485
0.5873	0.8631
0.5911	0.8780
0.5951	0.8932
0.5992	0.9086
0.6035	0.9242
0.6080	0.9401
0.6126	0.9563
0.6174	0.9728
0.6224	0.9896
0.6277	1.007
0.6332	1.024
0.6390	1.042
0.6451	1.060
0.6515	1.078
0.6582	1.096
0.6654	1.115
0.6730	1.135
0.6810	1.154
0.6895	1.174
0.6986	1.194
0.7084	1.215
0.7189	1.236
0.7302	1.257
0.7423	1.279
0.7556	1.301
0.7699	1.323
0.7856	1.346
0.8028	1.369
0.8217	1.393
0.8424	1.417
0.8653	1.441
0.8907	1.466
0.9187	1.491
0.9497	1.517
0.9842	1.543
1.022	1.570
1.065	1.597
1.111	1.624
1.163	1.652
1.220	1.681
1.283	1.710
1.352	1.739
1.428	1.769
1.511	1.800
1.602	1.831
1.700	1.862
1.808	1.895
1.924	1.927
2.050	1.960
2.186	1.994
2.333	2.029
2.490	2.064
2.660	2.099
2.841	2.135
3.036	2.172
3.243	2.210
3.465	2.248
3.701	2.286
3.953	2.326
4.220	2.366
4.504	2.407
4.805	2.448
5.124	2.490
5.462	2.533
5.820	2.577
6.198	2.622
6.597	2.667
7.019	2.713
7.464	2.759
7.933	2.807
8.427	2.855
8.947	2.905
9.495	2.955
10.07	3.006
10.68	3.057
11.31	3.110
11.98	3.164
12.69	3.218
13.43	3.274
14.21	3.330
15.02	3.388
15.88	3.446
16.78	3.505
17.72	3.566
18.72	3.627
19.76	3.690
20.85	3.753
22.00	3.818
23.21	3.884
24.48	3.951
25.81	4.019
27.22	4.088
28.69	4.159
30.24	4.230
31.88	4.303
33.60	4.378
35.41	4.453
37.33	4.530
39.34	4.608
41.48	4.687
43.73	4.768
46.11	4.850
48.63	4.934
51.31	5.019
54.14	5.106
57.15	5.194
60.34	5.283
63.74	5.374
67.36	5.467
71.22	5.561
75.34	5.657
79.73	5.754
84.43	5.854
89.46	5.954
94.84	6.057
100.6	6.161
106.8	6.268
113.4	6.376
120.5	6.486
128.1	6.597
136.2	6.711
144.9	6.827
154.2	6.945
164.1	7.064
174.6	7.186
185.7	7.310
197.4	7.436
209.8	7.564
222.8	7.695
236.4	7.827
250.6	7.962
265.3	8.099
280.6	8.239
296.3	8.381
312.6	8.526
329.2	8.673
346.4	8.822
363.8	8.973
381.7	9.128
399.9	9.286
418.5	9.446
437.4	9.609
456.6	9.775
476.0	9.944
495.8	10.12
515.7	10.29
536.0	10.47
556.5	10.65
577.2	10.83
598.0	11.02
619.2	11.21
640.5	11.40
662.1	11.60
683.9	11.80
705.9	12.00
 
 
E/N (Td)	Mobility *N (1/m/V/s)
0.1872	0.1710E+25
0.2272	0.1753E+25
0.2608	0.1784E+25
0.2889	0.1814E+25
0.3130	0.1845E+25
0.3342	0.1876E+25
0.3530	0.1907E+25
0.3699	0.1938E+25
0.3850	0.1970E+25
0.3988	0.2002E+25
0.4114	0.2033E+25
0.4209	0.2072E+25
0.4314	0.2104E+25
0.4409	0.2136E+25
0.4497	0.2168E+25
0.4580	0.2201E+25
0.4656	0.2233E+25
0.4727	0.2265E+25
0.4794	0.2297E+25
0.4857	0.2328E+25
0.4915	0.2360E+25
0.4971	0.2391E+25
0.5023	0.2422E+25
0.5072	0.2453E+25
0.5119	0.2484E+25
0.5163	0.2514E+25
0.5206	0.2544E+25
0.5246	0.2574E+25
0.5285	0.2604E+25
0.5323	0.2632E+25
0.5359	0.2661E+25
0.5394	0.2689E+25
0.5429	0.2717E+25
0.5463	0.2743E+25
0.5496	0.2770E+25
0.5530	0.2796E+25
0.5562	0.2821E+25
0.5595	0.2845E+25
0.5628	0.2869E+25
0.5662	0.2892E+25
0.5695	0.2914E+25
0.5729	0.2936E+25
0.5764	0.2957E+25
0.5799	0.2977E+25
0.5836	0.2996E+25
0.5873	0.3014E+25
0.5911	0.3031E+25
0.5951	0.3048E+25
0.5992	0.3063E+25
0.6035	0.3078E+25
0.6080	0.3091E+25
0.6126	0.3104E+25
0.6174	0.3116E+25
0.6224	0.3126E+25
0.6277	0.3136E+25
0.6332	0.3145E+25
0.6390	0.3152E+25
0.6451	0.3159E+25
0.6515	0.3165E+25
0.6582	0.3169E+25
0.6654	0.3173E+25
0.6730	0.3175E+25
0.6810	0.3177E+25
0.6895	0.3177E+25
0.6986	0.3177E+25
0.7084	0.3175E+25
0.7189	0.3173E+25
0.7302	0.3169E+25
0.7423	0.3165E+25
0.7556	0.3160E+25
0.7699	0.3153E+25
0.7856	0.3146E+25
0.8028	0.3138E+25
0.8217	0.3128E+25
0.8424	0.3118E+25
0.8653	0.3108E+25
0.8907	0.3096E+25
0.9187	0.3083E+25
0.9497	0.3070E+25
0.9842	0.3055E+25
1.022	0.3040E+25
1.065	0.3025E+25
1.111	0.3008E+25
1.163	0.2991E+25
1.220	0.2973E+25
1.283	0.2954E+25
1.352	0.2935E+25
1.428	0.2915E+25
1.511	0.2895E+25
1.602	0.2874E+25
1.700	0.2852E+25
1.808	0.2830E+25
1.924	0.2807E+25
2.050	0.2784E+25
2.186	0.2760E+25
2.333	0.2736E+25
2.490	0.2712E+25
2.660	0.2687E+25
2.841	0.2661E+25
3.036	0.2636E+25
3.243	0.2610E+25
3.465	0.2583E+25
3.701	0.2557E+25
3.953	0.2530E+25
4.220	0.2502E+25
4.504	0.2475E+25
4.805	0.2447E+25
5.124	0.2419E+25
5.462	0.2391E+25
5.820	0.2362E+25
6.198	0.2334E+25
6.597	0.2305E+25
7.019	0.2276E+25
7.464	0.2247E+25
7.933	0.2218E+25
8.427	0.2188E+25
8.947	0.2159E+25
9.495	0.2129E+25
10.07	0.2100E+25
10.68	0.2070E+25
11.31	0.2040E+25
11.98	0.2011E+25
12.69	0.1981E+25
13.43	0.1951E+25
14.21	0.1921E+25
15.02	0.1891E+25
15.88	0.1861E+25
16.78	0.1831E+25
17.72	0.1801E+25
18.72	0.1771E+25
19.76	0.1742E+25
20.85	0.1712E+25
22.00	0.1682E+25
23.21	0.1652E+25
24.48	0.1623E+25
25.81	0.1593E+25
27.22	0.1564E+25
28.69	0.1535E+25
30.24	0.1505E+25
31.88	0.1476E+25
33.60	0.1447E+25
35.41	0.1419E+25
37.33	0.1390E+25
39.34	0.1362E+25
41.48	0.1333E+25
43.73	0.1305E+25
46.11	0.1278E+25
48.63	0.1250E+25
51.31	0.1223E+25
54.14	0.1196E+25
57.15	0.1169E+25
60.34	0.1143E+25
63.74	0.1118E+25
67.36	0.1092E+25
71.22	0.1067E+25
75.34	0.1043E+25
79.73	0.1019E+25
84.43	0.9961E+24
89.46	0.9736E+24
94.84	0.9517E+24
100.6	0.9306E+24
106.8	0.9102E+24
113.4	0.8906E+24
120.5	0.8718E+24
128.1	0.8539E+24
136.2	0.8368E+24
144.9	0.8207E+24
154.2	0.8054E+24
164.1	0.7910E+24
174.6	0.7774E+24
185.7	0.7647E+24
197.4	0.7528E+24
209.8	0.7417E+24
222.8	0.7313E+24
236.4	0.7216E+24
250.6	0.7125E+24
265.3	0.7039E+24
280.6	0.6959E+24
296.3	0.6885E+24
312.6	0.6814E+24
329.2	0.6749E+24
346.4	0.6686E+24
363.8	0.6628E+24
381.7	0.6573E+24
399.9	0.6520E+24
418.5	0.6471E+24
437.4	0.6424E+24
456.6	0.6379E+24
476.0	0.6337E+24
495.8	0.6296E+24
515.7	0.6258E+24
536.0	0.6221E+24
556.5	0.6186E+24
577.2	0.6152E+24
598.0	0.6120E+24
619.2	0.6089E+24
640.5	0.6060E+24
662.1	0.6031E+24
683.9	0.6003E+24
705.9	0.5976E+24
 
 
E/N (Td)	Diffusion coefficient *N (1/m/s)
0.1872	0.4566E+24
0.2272	0.4767E+24
0.2608	0.4933E+24
0.2889	0.5103E+24
0.3130	0.5279E+24
0.3342	0.5460E+24
0.3530	0.5646E+24
0.3699	0.5837E+24
0.3850	0.6034E+24
0.3988	0.6236E+24
0.4114	0.6444E+24
0.4209	0.6680E+24
0.4314	0.6901E+24
0.4409	0.7126E+24
0.4497	0.7358E+24
0.4580	0.7596E+24
0.4656	0.7839E+24
0.4727	0.8089E+24
0.4794	0.8344E+24
0.4857	0.8604E+24
0.4915	0.8870E+24
0.4971	0.9143E+24
0.5023	0.9421E+24
0.5072	0.9705E+24
0.5119	0.9996E+24
0.5163	0.1029E+25
0.5206	0.1059E+25
0.5246	0.1090E+25
0.5285	0.1122E+25
0.5323	0.1154E+25
0.5359	0.1186E+25
0.5394	0.1219E+25
0.5429	0.1253E+25
0.5463	0.1287E+25
0.5496	0.1322E+25
0.5530	0.1357E+25
0.5562	0.1393E+25
0.5595	0.1429E+25
0.5628	0.1466E+25
0.5662	0.1503E+25
0.5695	0.1541E+25
0.5729	0.1579E+25
0.5764	0.1618E+25
0.5799	0.1657E+25
0.5836	0.1696E+25
0.5873	0.1736E+25
0.5911	0.1776E+25
0.5951	0.1816E+25
0.5992	0.1857E+25
0.6035	0.1898E+25
0.6080	0.1939E+25
0.6126	0.1980E+25
0.6174	0.2022E+25
0.6224	0.2064E+25
0.6277	0.2106E+25
0.6332	0.2148E+25
0.6390	0.2190E+25
0.6451	0.2233E+25
0.6515	0.2275E+25
0.6582	0.2318E+25
0.6654	0.2360E+25
0.6730	0.2403E+25
0.6810	0.2446E+25
0.6895	0.2488E+25
0.6986	0.2531E+25
0.7084	0.2573E+25
0.7189	0.2615E+25
0.7302	0.2657E+25
0.7423	0.2699E+25
0.7556	0.2741E+25
0.7699	0.2783E+25
0.7856	0.2824E+25
0.8028	0.2865E+25
0.8217	0.2906E+25
0.8424	0.2947E+25
0.8653	0.2987E+25
0.8907	0.3027E+25
0.9187	0.3067E+25
0.9497	0.3106E+25
0.9842	0.3145E+25
1.022	0.3183E+25
1.065	0.3221E+25
1.111	0.3259E+25
1.163	0.3296E+25
1.220	0.3333E+25
1.283	0.3370E+25
1.352	0.3405E+25
1.428	0.3441E+25
1.511	0.3476E+25
1.602	0.3510E+25
1.700	0.3544E+25
1.808	0.3578E+25
1.924	0.3610E+25
2.050	0.3643E+25
2.186	0.3675E+25
2.333	0.3706E+25
2.490	0.3737E+25
2.660	0.3767E+25
2.841	0.3796E+25
3.036	0.3825E+25
3.243	0.3854E+25
3.465	0.3882E+25
3.701	0.3909E+25
3.953	0.3936E+25
4.220	0.3962E+25
4.504	0.3988E+25
4.805	0.4013E+25
5.124	0.4037E+25
5.462	0.4061E+25
5.820	0.4085E+25
6.198	0.4108E+25
6.597	0.4130E+25
7.019	0.4152E+25
7.464	0.4173E+25
7.933	0.4194E+25
8.427	0.4214E+25
8.947	0.4234E+25
9.495	0.4253E+25
10.07	0.4272E+25
10.68	0.4290E+25
11.31	0.4308E+25
11.98	0.4326E+25
12.69	0.4342E+25
13.43	0.4359E+25
14.21	0.4375E+25
15.02	0.4390E+25
15.88	0.4405E+25
16.78	0.4420E+25
17.72	0.4434E+25
18.72	0.4448E+25
19.76	0.4461E+25
20.85	0.4474E+25
22.00	0.4486E+25
23.21	0.4498E+25
24.48	0.4510E+25
25.81	0.4521E+25
27.22	0.4532E+25
28.69	0.4543E+25
30.24	0.4553E+25
31.88	0.4563E+25
33.60	0.4572E+25
35.41	0.4581E+25
37.33	0.4590E+25
39.34	0.4598E+25
41.48	0.4607E+25
43.73	0.4614E+25
46.11	0.4622E+25
48.63	0.4629E+25
51.31	0.4636E+25
54.14	0.4642E+25
57.15	0.4648E+25
60.34	0.4654E+25
63.74	0.4660E+25
67.36	0.4665E+25
71.22	0.4670E+25
75.34	0.4675E+25
79.73	0.4680E+25
84.43	0.4685E+25
89.46	0.4689E+25
94.84	0.4694E+25
100.6	0.4698E+25
106.8	0.4702E+25
113.4	0.4707E+25
120.5	0.4711E+25
128.1	0.4716E+25
136.2	0.4722E+25
144.9	0.4727E+25
154.2	0.4734E+25
164.1	0.4740E+25
174.6	0.4748E+25
185.7	0.4756E+25
197.4	0.4766E+25
209.8	0.4776E+25
222.8	0.4787E+25
236.4	0.4800E+25
250.6	0.4813E+25
265.3	0.4828E+25
280.6	0.4844E+25
296.3	0.4861E+25
312.6	0.4879E+25
329.2	0.4899E+25
346.4	0.4919E+25
363.8	0.4941E+25
381.7	0.4965E+25
399.9	0.4989E+25
418.5	0.5015E+25
437.4	0.5043E+25
456.6	0.5071E+25
476.0	0.5101E+25
495.8	0.5132E+25
515.7	0.5165E+25
536.0	0.5199E+25
556.5	0.5234E+25
577.2	0.5271E+25
598.0	0.5309E+25
619.2	0.5348E+25
640.5	0.5390E+25
662.1	0.5433E+25
683.9	0.5476E+25
705.9	0.5521E+25
 
 
E/N (Td)	Energy mobility *N (1/m/V/s)
0.1872	0.3531E+25
0.2272	0.3621E+25
0.2608	0.3677E+25
0.2889	0.3734E+25
0.3130	0.3790E+25
0.3342	0.3847E+25
0.3530	0.3903E+25
0.3699	0.3960E+25
0.3850	0.4016E+25
0.3988	0.4073E+25
0.4114	0.4129E+25
0.4209	0.4200E+25
0.4314	0.4257E+25
0.4409	0.4312E+25
0.4497	0.4367E+25
0.4580	0.4422E+25
0.4656	0.4476E+25
0.4727	0.4529E+25
0.4794	0.4581E+25
0.4857	0.4632E+25
0.4915	0.4683E+25
0.4971	0.4732E+25
0.5023	0.4781E+25
0.5072	0.4828E+25
0.5119	0.4874E+25
0.5163	0.4919E+25
0.5206	0.4963E+25
0.5246	0.5006E+25
0.5285	0.5047E+25
0.5323	0.5087E+25
0.5359	0.5126E+25
0.5394	0.5163E+25
0.5429	0.5198E+25
0.5463	0.5231E+25
0.5496	0.5263E+25
0.5530	0.5293E+25
0.5562	0.5321E+25
0.5595	0.5348E+25
0.5628	0.5372E+25
0.5662	0.5395E+25
0.5695	0.5415E+25
0.5729	0.5434E+25
0.5764	0.5451E+25
0.5799	0.5465E+25
0.5836	0.5478E+25
0.5873	0.5488E+25
0.5911	0.5496E+25
0.5951	0.5502E+25
0.5992	0.5506E+25
0.6035	0.5507E+25
0.6080	0.5507E+25
0.6126	0.5504E+25
0.6174	0.5500E+25
0.6224	0.5493E+25
0.6277	0.5484E+25
0.6332	0.5473E+25
0.6390	0.5460E+25
0.6451	0.5445E+25
0.6515	0.5428E+25
0.6582	0.5409E+25
0.6654	0.5387E+25
0.6730	0.5364E+25
0.6810	0.5339E+25
0.6895	0.5313E+25
0.6986	0.5284E+25
0.7084	0.5254E+25
0.7189	0.5222E+25
0.7302	0.5188E+25
0.7423	0.5153E+25
0.7556	0.5116E+25
0.7699	0.5078E+25
0.7856	0.5038E+25
0.8028	0.4997E+25
0.8217	0.4955E+25
0.8424	0.4911E+25
0.8653	0.4866E+25
0.8907	0.4820E+25
0.9187	0.4773E+25
0.9497	0.4725E+25
0.9842	0.4676E+25
1.022	0.4626E+25
1.065	0.4575E+25
1.111	0.4524E+25
1.163	0.4471E+25
1.220	0.4419E+25
1.283	0.4365E+25
1.352	0.4311E+25
1.428	0.4257E+25
1.511	0.4202E+25
1.602	0.4146E+25
1.700	0.4091E+25
1.808	0.4035E+25
1.924	0.3979E+25
2.050	0.3923E+25
2.186	0.3867E+25
2.333	0.3810E+25
2.490	0.3754E+25
2.660	0.3698E+25
2.841	0.3642E+25
3.036	0.3585E+25
3.243	0.3530E+25
3.465	0.3474E+25
3.701	0.3418E+25
3.953	0.3363E+25
4.220	0.3308E+25
4.504	0.3254E+25
4.805	0.3200E+25
5.124	0.3146E+25
5.462	0.3092E+25
5.820	0.3039E+25
6.198	0.2987E+25
6.597	0.2935E+25
7.019	0.2884E+25
7.464	0.2833E+25
7.933	0.2782E+25
8.427	0.2733E+25
8.947	0.2684E+25
9.495	0.2635E+25
10.07	0.2587E+25
10.68	0.2540E+25
11.31	0.2493E+25
11.98	0.2447E+25
12.69	0.2402E+25
13.43	0.2357E+25
14.21	0.2313E+25
15.02	0.2270E+25
15.88	0.2227E+25
16.78	0.2185E+25
17.72	0.2144E+25
18.72	0.2103E+25
19.76	0.2063E+25
20.85	0.2024E+25
22.00	0.1986E+25
23.21	0.1948E+25
24.48	0.1911E+25
25.81	0.1874E+25
27.22	0.1839E+25
28.69	0.1804E+25
30.24	0.1769E+25
31.88	0.1736E+25
33.60	0.1703E+25
35.41	0.1671E+25
37.33	0.1640E+25
39.34	0.1609E+25
41.48	0.1579E+25
43.73	0.1550E+25
46.11	0.1521E+25
48.63	0.1493E+25
51.31	0.1466E+25
54.14	0.1440E+25
57.15	0.1414E+25
60.34	0.1389E+25
63.74	0.1365E+25
67.36	0.1341E+25
71.22	0.1318E+25
75.34	0.1297E+25
79.73	0.1275E+25
84.43	0.1255E+25
89.46	0.1235E+25
94.84	0.1217E+25
100.6	0.1199E+25
106.8	0.1181E+25
113.4	0.1165E+25
120.5	0.1150E+25
128.1	0.1135E+25
136.2	0.1121E+25
144.9	0.1108E+25
154.2	0.1096E+25
164.1	0.1085E+25
174.6	0.1075E+25
185.7	0.1065E+25
197.4	0.1056E+25
209.8	0.1048E+25
222.8	0.1040E+25
236.4	0.1033E+25
250.6	0.1026E+25
265.3	0.1020E+25
280.6	0.1015E+25
296.3	0.1010E+25
312.6	0.1005E+25
329.2	0.1001E+25
346.4	0.9964E+24
363.8	0.9926E+24
381.7	0.9889E+24
399.9	0.9855E+24
418.5	0.9823E+24
437.4	0.9792E+24
456.6	0.9763E+24
476.0	0.9735E+24
495.8	0.9708E+24
515.7	0.9683E+24
536.0	0.9659E+24
556.5	0.9635E+24
577.2	0.9611E+24
598.0	0.9590E+24
619.2	0.9568E+24
640.5	0.9549E+24
662.1	0.9528E+24
683.9	0.9506E+24
705.9	0.9485E+24
 
 
E/N (Td)	Energy diffusion coef. D*N (1/m/s)
0.1872	0.9417E+24
0.2272	0.9823E+24
0.2608	0.1015E+25
0.2889	0.1048E+25
0.3130	0.1082E+25
0.3342	0.1117E+25
0.3530	0.1153E+25
0.3699	0.1190E+25
0.3850	0.1228E+25
0.3988	0.1267E+25
0.4114	0.1306E+25
0.4209	0.1352E+25
0.4314	0.1394E+25
0.4409	0.1436E+25
0.4497	0.1479E+25
0.4580	0.1524E+25
0.4656	0.1569E+25
0.4727	0.1615E+25
0.4794	0.1662E+25
0.4857	0.1709E+25
0.4915	0.1758E+25
0.4971	0.1807E+25
0.5023	0.1857E+25
0.5072	0.1907E+25
0.5119	0.1959E+25
0.5163	0.2011E+25
0.5206	0.2064E+25
0.5246	0.2118E+25
0.5285	0.2172E+25
0.5323	0.2227E+25
0.5359	0.2282E+25
0.5394	0.2338E+25
0.5429	0.2395E+25
0.5463	0.2452E+25
0.5496	0.2509E+25
0.5530	0.2567E+25
0.5562	0.2625E+25
0.5595	0.2684E+25
0.5628	0.2743E+25
0.5662	0.2802E+25
0.5695	0.2861E+25
0.5729	0.2920E+25
0.5764	0.2980E+25
0.5799	0.3039E+25
0.5836	0.3098E+25
0.5873	0.3158E+25
0.5911	0.3217E+25
0.5951	0.3276E+25
0.5992	0.3335E+25
0.6035	0.3393E+25
0.6080	0.3451E+25
0.6126	0.3509E+25
0.6174	0.3567E+25
0.6224	0.3624E+25
0.6277	0.3680E+25
0.6332	0.3736E+25
0.6390	0.3792E+25
0.6451	0.3846E+25
0.6515	0.3900E+25
0.6582	0.3953E+25
0.6654	0.4006E+25
0.6730	0.4057E+25
0.6810	0.4108E+25
0.6895	0.4158E+25
0.6986	0.4207E+25
0.7084	0.4255E+25
0.7189	0.4302E+25
0.7302	0.4348E+25
0.7423	0.4393E+25
0.7556	0.4436E+25
0.7699	0.4479E+25
0.7856	0.4521E+25
0.8028	0.4561E+25
0.8217	0.4600E+25
0.8424	0.4638E+25
0.8653	0.4675E+25
0.8907	0.4711E+25
0.9187	0.4745E+25
0.9497	0.4778E+25
0.9842	0.4810E+25
1.022	0.4841E+25
1.065	0.4870E+25
1.111	0.4899E+25
1.163	0.4926E+25
1.220	0.4951E+25
1.283	0.4976E+25
1.352	0.4999E+25
1.428	0.5021E+25
1.511	0.5042E+25
1.602	0.5061E+25
1.700	0.5080E+25
1.808	0.5097E+25
1.924	0.5113E+25
2.050	0.5128E+25
2.186	0.5141E+25
2.333	0.5154E+25
2.490	0.5165E+25
2.660	0.5176E+25
2.841	0.5185E+25
3.036	0.5194E+25
3.243	0.5201E+25
3.465	0.5207E+25
3.701	0.5213E+25
3.953	0.5217E+25
4.220	0.5221E+25
4.504	0.5224E+25
4.805	0.5226E+25
5.124	0.5227E+25
5.462	0.5227E+25
5.820	0.5227E+25
6.198	0.5226E+25
6.597	0.5224E+25
7.019	0.5222E+25
7.464	0.5219E+25
7.933	0.5215E+25
8.427	0.5211E+25
8.947	0.5206E+25
9.495	0.5201E+25
10.07	0.5195E+25
10.68	0.5189E+25
11.31	0.5183E+25
11.98	0.5176E+25
12.69	0.5168E+25
13.43	0.5161E+25
14.21	0.5153E+25
15.02	0.5144E+25
15.88	0.5136E+25
16.78	0.5127E+25
17.72	0.5118E+25
18.72	0.5109E+25
19.76	0.5100E+25
20.85	0.5090E+25
22.00	0.5081E+25
23.21	0.5071E+25
24.48	0.5062E+25
25.81	0.5052E+25
27.22	0.5042E+25
28.69	0.5032E+25
30.24	0.5023E+25
31.88	0.5013E+25
33.60	0.5003E+25
35.41	0.4994E+25
37.33	0.4985E+25
39.34	0.4976E+25
41.48	0.4967E+25
43.73	0.4958E+25
46.11	0.4949E+25
48.63	0.4941E+25
51.31	0.4933E+25
54.14	0.4926E+25
57.15	0.4919E+25
60.34	0.4912E+25
63.74	0.4906E+25
67.36	0.4900E+25
71.22	0.4895E+25
75.34	0.4891E+25
79.73	0.4888E+25
84.43	0.4885E+25
89.46	0.4884E+25
94.84	0.4883E+25
100.6	0.4884E+25
106.8	0.4886E+25
113.4	0.4890E+25
120.5	0.4895E+25
128.1	0.4902E+25
136.2	0.4912E+25
144.9	0.4923E+25
154.2	0.4937E+25
164.1	0.4954E+25
174.6	0.4973E+25
185.7	0.4995E+25
197.4	0.5021E+25
209.8	0.5049E+25
222.8	0.5081E+25
236.4	0.5117E+25
250.6	0.5155E+25
265.3	0.5198E+25
280.6	0.5244E+25
296.3	0.5293E+25
312.6	0.5346E+25
329.2	0.5403E+25
346.4	0.5462E+25
363.8	0.5526E+25
381.7	0.5592E+25
399.9	0.5663E+25
418.5	0.5736E+25
437.4	0.5813E+25
456.6	0.5894E+25
476.0	0.5977E+25
495.8	0.6063E+25
515.7	0.6153E+25
536.0	0.6247E+25
556.5	0.6343E+25
577.2	0.6442E+25
598.0	0.6544E+25
619.2	0.6650E+25
640.5	0.6762E+25
662.1	0.6873E+25
683.9	0.6987E+25
705.9	0.7105E+25
 
 
E/N (Td)	Total collision freq. /N (m3/s)
0.1872	0.2362E-14
0.2272	0.2421E-14
0.2608	0.2482E-14
0.2889	0.2544E-14
0.3130	0.2609E-14
0.3342	0.2676E-14
0.3530	0.2745E-14
0.3699	0.2816E-14
0.3850	0.2890E-14
0.3988	0.2965E-14
0.4114	0.3043E-14
0.4209	0.3124E-14
0.4314	0.3207E-14
0.4409	0.3292E-14
0.4497	0.3380E-14
0.4580	0.3471E-14
0.4656	0.3564E-14
0.4727	0.3660E-14
0.4794	0.3759E-14
0.4857	0.3861E-14
0.4915	0.3966E-14
0.4971	0.4073E-14
0.5023	0.4184E-14
0.5072	0.4298E-14
0.5119	0.4415E-14
0.5163	0.4536E-14
0.5206	0.4660E-14
0.5246	0.4787E-14
0.5285	0.4918E-14
0.5323	0.5052E-14
0.5359	0.5190E-14
0.5394	0.5332E-14
0.5429	0.5478E-14
0.5463	0.5628E-14
0.5496	0.5782E-14
0.5530	0.5940E-14
0.5562	0.6103E-14
0.5595	0.6270E-14
0.5628	0.6441E-14
0.5662	0.6618E-14
0.5695	0.6799E-14
0.5729	0.6985E-14
0.5764	0.7177E-14
0.5799	0.7372E-14
0.5836	0.7573E-14
0.5873	0.7780E-14
0.5911	0.7993E-14
0.5951	0.8211E-14
0.5992	0.8436E-14
0.6035	0.8666E-14
0.6080	0.8903E-14
0.6126	0.9147E-14
0.6174	0.9397E-14
0.6224	0.9653E-14
0.6277	0.9917E-14
0.6332	0.1019E-13
0.6390	0.1047E-13
0.6451	0.1075E-13
0.6515	0.1105E-13
0.6582	0.1135E-13
0.6654	0.1166E-13
0.6730	0.1198E-13
0.6810	0.1231E-13
0.6895	0.1265E-13
0.6986	0.1299E-13
0.7084	0.1335E-13
0.7189	0.1371E-13
0.7302	0.1409E-13
0.7423	0.1448E-13
0.7556	0.1488E-13
0.7699	0.1528E-13
0.7856	0.1570E-13
0.8028	0.1614E-13
0.8217	0.1658E-13
0.8424	0.1704E-13
0.8653	0.1751E-13
0.8907	0.1799E-13
0.9187	0.1848E-13
0.9497	0.1899E-13
0.9842	0.1952E-13
1.022	0.2006E-13
1.065	0.2061E-13
1.111	0.2118E-13
1.163	0.2176E-13
1.220	0.2236E-13
1.283	0.2298E-13
1.352	0.2362E-13
1.428	0.2427E-13
1.511	0.2494E-13
1.602	0.2562E-13
1.700	0.2633E-13
1.808	0.2705E-13
1.924	0.2780E-13
2.050	0.2856E-13
2.186	0.2935E-13
2.333	0.3015E-13
2.490	0.3098E-13
2.660	0.3182E-13
2.841	0.3269E-13
3.036	0.3358E-13
3.243	0.3450E-13
3.465	0.3543E-13
3.701	0.3639E-13
3.953	0.3738E-13
4.220	0.3839E-13
4.504	0.3942E-13
4.805	0.4048E-13
5.124	0.4156E-13
5.462	0.4267E-13
5.820	0.4381E-13
6.198	0.4497E-13
6.597	0.4616E-13
7.019	0.4737E-13
7.464	0.4862E-13
7.933	0.4989E-13
8.427	0.5119E-13
8.947	0.5252E-13
9.495	0.5388E-13
10.07	0.5527E-13
10.68	0.5669E-13
11.31	0.5814E-13
11.98	0.5961E-13
12.69	0.6112E-13
13.43	0.6267E-13
14.21	0.6424E-13
15.02	0.6585E-13
15.88	0.6748E-13
16.78	0.6915E-13
17.72	0.7086E-13
18.72	0.7260E-13
19.76	0.7437E-13
20.85	0.7617E-13
22.00	0.7801E-13
23.21	0.7988E-13
24.48	0.8179E-13
25.81	0.8374E-13
27.22	0.8572E-13
28.69	0.8773E-13
30.24	0.8978E-13
31.88	0.9187E-13
33.60	0.9399E-13
35.41	0.9615E-13
37.33	0.9835E-13
39.34	0.1006E-12
41.48	0.1029E-12
43.73	0.1052E-12
46.11	0.1075E-12
48.63	0.1099E-12
51.31	0.1123E-12
54.14	0.1147E-12
57.15	0.1172E-12
60.34	0.1197E-12
63.74	0.1223E-12
67.36	0.1249E-12
71.22	0.1275E-12
75.34	0.1301E-12
79.73	0.1328E-12
84.43	0.1355E-12
89.46	0.1382E-12
94.84	0.1409E-12
100.6	0.1436E-12
106.8	0.1464E-12
113.4	0.1492E-12
120.5	0.1519E-12
128.1	0.1547E-12
136.2	0.1574E-12
144.9	0.1601E-12
154.2	0.1629E-12
164.1	0.1655E-12
174.6	0.1682E-12
185.7	0.1708E-12
197.4	0.1734E-12
209.8	0.1759E-12
222.8	0.1784E-12
236.4	0.1808E-12
250.6	0.1832E-12
265.3	0.1855E-12
280.6	0.1878E-12
296.3	0.1900E-12
312.6	0.1922E-12
329.2	0.1943E-12
346.4	0.1964E-12
363.8	0.1984E-12
381.7	0.2004E-12
399.9	0.2024E-12
418.5	0.2043E-12
437.4	0.2062E-12
456.6	0.2080E-12
476.0	0.2098E-12
495.8	0.2115E-12
515.7	0.2133E-12
536.0	0.2149E-12
556.5	0.2166E-12
577.2	0.2182E-12
598.0	0.2198E-12
619.2	0.2213E-12
640.5	0.2228E-12
662.1	0.2243E-12
683.9	0.2258E-12
705.9	0.2272E-12
 
 
E/N (Td)	Momentum frequency /N (m3/s)
0.1872	0.6386E-14
0.2272	0.6566E-14
0.2608	0.6735E-14
0.2889	0.6907E-14
0.3130	0.7083E-14
0.3342	0.7262E-14
0.3530	0.7445E-14
0.3699	0.7631E-14
0.3850	0.7821E-14
0.3988	0.8014E-14
0.4114	0.8210E-14
0.4209	0.8417E-14
0.4314	0.8621E-14
0.4409	0.8827E-14
0.4497	0.9039E-14
0.4580	0.9254E-14
0.4656	0.9473E-14
0.4727	0.9696E-14
0.4794	0.9922E-14
0.4857	0.1015E-13
0.4915	0.1039E-13
0.4971	0.1062E-13
0.5023	0.1087E-13
0.5072	0.1111E-13
0.5119	0.1136E-13
0.5163	0.1162E-13
0.5206	0.1188E-13
0.5246	0.1214E-13
0.5285	0.1241E-13
0.5323	0.1268E-13
0.5359	0.1296E-13
0.5394	0.1324E-13
0.5429	0.1352E-13
0.5463	0.1381E-13
0.5496	0.1411E-13
0.5530	0.1441E-13
0.5562	0.1471E-13
0.5595	0.1502E-13
0.5628	0.1534E-13
0.5662	0.1566E-13
0.5695	0.1598E-13
0.5729	0.1631E-13
0.5764	0.1665E-13
0.5799	0.1699E-13
0.5836	0.1733E-13
0.5873	0.1768E-13
0.5911	0.1804E-13
0.5951	0.1840E-13
0.5992	0.1877E-13
0.6035	0.1914E-13
0.6080	0.1952E-13
0.6126	0.1991E-13
0.6174	0.2030E-13
0.6224	0.2070E-13
0.6277	0.2110E-13
0.6332	0.2152E-13
0.6390	0.2193E-13
0.6451	0.2236E-13
0.6515	0.2279E-13
0.6582	0.2323E-13
0.6654	0.2367E-13
0.6730	0.2412E-13
0.6810	0.2458E-13
0.6895	0.2505E-13
0.6986	0.2552E-13
0.7084	0.2601E-13
0.7189	0.2650E-13
0.7302	0.2700E-13
0.7423	0.2750E-13
0.7556	0.2802E-13
0.7699	0.2854E-13
0.7856	0.2907E-13
0.8028	0.2962E-13
0.8217	0.3017E-13
0.8424	0.3073E-13
0.8653	0.3130E-13
0.8907	0.3188E-13
0.9187	0.3247E-13
0.9497	0.3307E-13
0.9842	0.3368E-13
1.022	0.3430E-13
1.065	0.3493E-13
1.111	0.3558E-13
1.163	0.3623E-13
1.220	0.3690E-13
1.283	0.3758E-13
1.352	0.3827E-13
1.428	0.3898E-13
1.511	0.3969E-13
1.602	0.4043E-13
1.700	0.4117E-13
1.808	0.4193E-13
1.924	0.4270E-13
2.050	0.4349E-13
2.186	0.4430E-13
2.333	0.4512E-13
2.490	0.4595E-13
2.660	0.4681E-13
2.841	0.4768E-13
3.036	0.4856E-13
3.243	0.4947E-13
3.465	0.5040E-13
3.701	0.5134E-13
3.953	0.5230E-13
4.220	0.5329E-13
4.504	0.5430E-13
4.805	0.5532E-13
5.124	0.5638E-13
5.462	0.5745E-13
5.820	0.5855E-13
6.198	0.5968E-13
6.597	0.6083E-13
7.019	0.6200E-13
7.464	0.6321E-13
7.933	0.6445E-13
8.427	0.6571E-13
8.947	0.6701E-13
9.495	0.6834E-13
10.07	0.6970E-13
10.68	0.7110E-13
11.31	0.7254E-13
11.98	0.7401E-13
12.69	0.7552E-13
13.43	0.7707E-13
14.21	0.7867E-13
15.02	0.8031E-13
15.88	0.8200E-13
16.78	0.8374E-13
17.72	0.8552E-13
18.72	0.8736E-13
19.76	0.8926E-13
20.85	0.9121E-13
22.00	0.9322E-13
23.21	0.9529E-13
24.48	0.9743E-13
25.81	0.9964E-13
27.22	0.1019E-12
28.69	0.1043E-12
30.24	0.1067E-12
31.88	0.1092E-12
33.60	0.1118E-12
35.41	0.1144E-12
37.33	0.1172E-12
39.34	0.1200E-12
41.48	0.1230E-12
43.73	0.1260E-12
46.11	0.1292E-12
48.63	0.1324E-12
51.31	0.1357E-12
54.14	0.1392E-12
57.15	0.1427E-12
60.34	0.1464E-12
63.74	0.1502E-12
67.36	0.1540E-12
71.22	0.1580E-12
75.34	0.1621E-12
79.73	0.1662E-12
84.43	0.1704E-12
89.46	0.1747E-12
94.84	0.1791E-12
100.6	0.1835E-12
106.8	0.1880E-12
113.4	0.1924E-12
120.5	0.1968E-12
128.1	0.2013E-12
136.2	0.2057E-12
144.9	0.2100E-12
154.2	0.2142E-12
164.1	0.2184E-12
174.6	0.2224E-12
185.7	0.2263E-12
197.4	0.2301E-12
209.8	0.2337E-12
222.8	0.2372E-12
236.4	0.2406E-12
250.6	0.2438E-12
265.3	0.2470E-12
280.6	0.2499E-12
296.3	0.2528E-12
312.6	0.2555E-12
329.2	0.2581E-12
346.4	0.2606E-12
363.8	0.2630E-12
381.7	0.2653E-12
399.9	0.2676E-12
418.5	0.2697E-12
437.4	0.2717E-12
456.6	0.2737E-12
476.0	0.2756E-12
495.8	0.2775E-12
515.7	0.2792E-12
536.0	0.2810E-12
556.5	0.2826E-12
577.2	0.2842E-12
598.0	0.2858E-12
619.2	0.2873E-12
640.5	0.2887E-12
662.1	0.2902E-12
683.9	0.2916E-12
705.9	0.2929E-12
 
 
E/N (Td)	e-i momentum frequency /N (m3/s)
0.1872	0.9656E-13
0.2272	0.9383E-13
0.2608	0.9196E-13
0.2889	0.9012E-13
0.3130	0.8833E-13
0.3342	0.8657E-13
0.3530	0.8485E-13
0.3699	0.8317E-13
0.3850	0.8153E-13
0.3988	0.7992E-13
0.4114	0.7835E-13
0.4209	0.7655E-13
0.4314	0.7503E-13
0.4409	0.7357E-13
0.4497	0.7213E-13
0.4580	0.7073E-13
0.4656	0.6936E-13
0.4727	0.6801E-13
0.4794	0.6671E-13
0.4857	0.6543E-13
0.4915	0.6419E-13
0.4971	0.6297E-13
0.5023	0.6178E-13
0.5072	0.6062E-13
0.5119	0.5948E-13
0.5163	0.5837E-13
0.5206	0.5728E-13
0.5246	0.5622E-13
0.5285	0.5518E-13
0.5323	0.5416E-13
0.5359	0.5317E-13
0.5394	0.5220E-13
0.5429	0.5125E-13
0.5463	0.5032E-13
0.5496	0.4941E-13
0.5530	0.4853E-13
0.5562	0.4766E-13
0.5595	0.4682E-13
0.5628	0.4599E-13
0.5662	0.4518E-13
0.5695	0.4439E-13
0.5729	0.4361E-13
0.5764	0.4285E-13
0.5799	0.4212E-13
0.5836	0.4139E-13
0.5873	0.4069E-13
0.5911	0.4000E-13
0.5951	0.3932E-13
0.5992	0.3866E-13
0.6035	0.3802E-13
0.6080	0.3738E-13
0.6126	0.3677E-13
0.6174	0.3616E-13
0.6224	0.3557E-13
0.6277	0.3499E-13
0.6332	0.3442E-13
0.6390	0.3387E-13
0.6451	0.3333E-13
0.6515	0.3280E-13
0.6582	0.3228E-13
0.6654	0.3177E-13
0.6730	0.3127E-13
0.6810	0.3079E-13
0.6895	0.3031E-13
0.6986	0.2985E-13
0.7084	0.2939E-13
0.7189	0.2894E-13
0.7302	0.2850E-13
0.7423	0.2808E-13
0.7556	0.2766E-13
0.7699	0.2724E-13
0.7856	0.2684E-13
0.8028	0.2645E-13
0.8217	0.2606E-13
0.8424	0.2568E-13
0.8653	0.2531E-13
0.8907	0.2494E-13
0.9187	0.2458E-13
0.9497	0.2423E-13
0.9842	0.2389E-13
1.022	0.2355E-13
1.065	0.2322E-13
1.111	0.2290E-13
1.163	0.2258E-13
1.220	0.2226E-13
1.283	0.2196E-13
1.352	0.2166E-13
1.428	0.2136E-13
1.511	0.2107E-13
1.602	0.2078E-13
1.700	0.2050E-13
1.808	0.2022E-13
1.924	0.1995E-13
2.050	0.1969E-13
2.186	0.1942E-13
2.333	0.1916E-13
2.490	0.1891E-13
2.660	0.1866E-13
2.841	0.1841E-13
3.036	0.1817E-13
3.243	0.1793E-13
3.465	0.1769E-13
3.701	0.1746E-13
3.953	0.1723E-13
4.220	0.1700E-13
4.504	0.1678E-13
4.805	0.1656E-13
5.124	0.1634E-13
5.462	0.1612E-13
5.820	0.1591E-13
6.198	0.1569E-13
6.597	0.1548E-13
7.019	0.1528E-13
7.464	0.1507E-13
7.933	0.1487E-13
8.427	0.1466E-13
8.947	0.1446E-13
9.495	0.1426E-13
10.07	0.1406E-13
10.68	0.1387E-13
11.31	0.1367E-13
11.98	0.1347E-13
12.69	0.1328E-13
13.43	0.1308E-13
14.21	0.1289E-13
15.02	0.1270E-13
15.88	0.1250E-13
16.78	0.1231E-13
17.72	0.1212E-13
18.72	0.1192E-13
19.76	0.1173E-13
20.85	0.1153E-13
22.00	0.1134E-13
23.21	0.1114E-13
24.48	0.1095E-13
25.81	0.1075E-13
27.22	0.1055E-13
28.69	0.1035E-13
30.24	0.1015E-13
31.88	0.9953E-14
33.60	0.9751E-14
35.41	0.9547E-14
37.33	0.9342E-14
39.34	0.9135E-14
41.48	0.8927E-14
43.73	0.8717E-14
46.11	0.8506E-14
48.63	0.8294E-14
51.31	0.8080E-14
54.14	0.7865E-14
57.15	0.7649E-14
60.34	0.7432E-14
63.74	0.7214E-14
67.36	0.6996E-14
71.22	0.6778E-14
75.34	0.6561E-14
79.73	0.6344E-14
84.43	0.6128E-14
89.46	0.5914E-14
94.84	0.5702E-14
100.6	0.5493E-14
106.8	0.5288E-14
113.4	0.5087E-14
120.5	0.4890E-14
128.1	0.4699E-14
136.2	0.4513E-14
144.9	0.4333E-14
154.2	0.4159E-14
164.1	0.3992E-14
174.6	0.3832E-14
185.7	0.3678E-14
197.4	0.3531E-14
209.8	0.3391E-14
222.8	0.3258E-14
236.4	0.3131E-14
250.6	0.3010E-14
265.3	0.2895E-14
280.6	0.2787E-14
296.3	0.2683E-14
312.6	0.2586E-14
329.2	0.2493E-14
346.4	0.2405E-14
363.8	0.2322E-14
381.7	0.2242E-14
399.9	0.2167E-14
418.5	0.2096E-14
437.4	0.2028E-14
456.6	0.1963E-14
476.0	0.1902E-14
495.8	0.1843E-14
515.7	0.1788E-14
536.0	0.1734E-14
556.5	0.1684E-14
577.2	0.1635E-14
598.0	0.1589E-14
619.2	0.1545E-14
640.5	0.1503E-14
662.1	0.1461E-14
683.9	0.1422E-14
705.9	0.1384E-14
 
 
E/N (Td)	Total ionization freq. /N (m3/s)
0.1872	0.6562E-25
0.2272	0.8659E-25
0.2608	0.1138E-24
0.2889	0.1488E-24
0.3130	0.1938E-24
0.3342	0.2513E-24
0.3530	0.3244E-24
0.3699	0.4172E-24
0.3850	0.5342E-24
0.3988	0.6814E-24
0.4114	0.8658E-24
0.4209	0.1096E-23
0.4314	0.1383E-23
0.4409	0.1733E-23
0.4497	0.2169E-23
0.4580	0.2705E-23
0.4656	0.3362E-23
0.4727	0.4163E-23
0.4794	0.5138E-23
0.4857	0.6319E-23
0.4915	0.7746E-23
0.4971	0.9464E-23
0.5023	0.1153E-22
0.5072	0.1400E-22
0.5119	0.1694E-22
0.5163	0.2044E-22
0.5206	0.2459E-22
0.5246	0.2950E-22
0.5285	0.3528E-22
0.5323	0.4207E-22
0.5359	0.5004E-22
0.5394	0.5935E-22
0.5429	0.7020E-22
0.5463	0.8281E-22
0.5496	0.9743E-22
0.5530	0.1143E-21
0.5562	0.1338E-21
0.5595	0.1563E-21
0.5628	0.1820E-21
0.5662	0.2115E-21
0.5695	0.2452E-21
0.5729	0.2836E-21
0.5764	0.3274E-21
0.5799	0.3767E-21
0.5836	0.4327E-21
0.5873	0.4959E-21
0.5911	0.5672E-21
0.5951	0.6474E-21
0.5992	0.7373E-21
0.6035	0.8381E-21
0.6080	0.9506E-21
0.6126	0.1076E-20
0.6174	0.1216E-20
0.6224	0.1371E-20
0.6277	0.1544E-20
0.6332	0.1735E-20
0.6390	0.1945E-20
0.6451	0.2178E-20
0.6515	0.2434E-20
0.6582	0.2715E-20
0.6654	0.3024E-20
0.6730	0.3363E-20
0.6810	0.3733E-20
0.6895	0.4138E-20
0.6986	0.4579E-20
0.7084	0.5059E-20
0.7189	0.5582E-20
0.7302	0.6150E-20
0.7423	0.6767E-20
0.7556	0.7435E-20
0.7699	0.8159E-20
0.7856	0.8942E-20
0.8028	0.9789E-20
0.8217	0.1070E-19
0.8424	0.1169E-19
0.8653	0.1276E-19
0.8907	0.1392E-19
0.9187	0.1516E-19
0.9497	0.1651E-19
0.9842	0.1797E-19
1.022	0.1954E-19
1.065	0.2125E-19
1.111	0.2311E-19
1.163	0.2513E-19
1.220	0.2732E-19
1.283	0.2972E-19
1.352	0.3235E-19
1.428	0.3524E-19
1.511	0.3841E-19
1.602	0.4192E-19
1.700	0.4580E-19
1.808	0.5011E-19
1.924	0.5491E-19
2.050	0.6028E-19
2.186	0.6629E-19
2.333	0.7304E-19
2.490	0.8065E-19
2.660	0.8923E-19
2.841	0.9893E-19
3.036	0.1099E-18
3.243	0.1224E-18
3.465	0.1365E-18
3.701	0.1526E-18
3.953	0.1709E-18
4.220	0.1916E-18
4.504	0.2153E-18
4.805	0.2422E-18
5.124	0.2727E-18
5.462	0.3075E-18
5.820	0.3469E-18
6.198	0.3917E-18
6.597	0.4426E-18
7.019	0.5002E-18
7.464	0.5654E-18
7.933	0.6393E-18
8.427	0.7227E-18
8.947	0.8169E-18
9.495	0.9232E-18
10.07	0.1043E-17
10.68	0.1178E-17
11.31	0.1329E-17
11.98	0.1500E-17
12.69	0.1691E-17
13.43	0.1905E-17
14.21	0.2145E-17
15.02	0.2413E-17
15.88	0.2714E-17
16.78	0.3049E-17
17.72	0.3424E-17
18.72	0.3843E-17
19.76	0.4310E-17
20.85	0.4830E-17
22.00	0.5409E-17
23.21	0.6055E-17
24.48	0.6774E-17
25.81	0.7574E-17
27.22	0.8465E-17
28.69	0.9457E-17
30.24	0.1056E-16
31.88	0.1179E-16
33.60	0.1316E-16
35.41	0.1469E-16
37.33	0.1640E-16
39.34	0.1830E-16
41.48	0.2042E-16
43.73	0.2280E-16
46.11	0.2546E-16
48.63	0.2844E-16
51.31	0.3178E-16
54.14	0.3554E-16
57.15	0.3977E-16
60.34	0.4455E-16
63.74	0.4994E-16
67.36	0.5605E-16
71.22	0.6297E-16
75.34	0.7085E-16
79.73	0.7983E-16
84.43	0.9009E-16
89.46	0.1018E-15
94.84	0.1153E-15
100.6	0.1307E-15
106.8	0.1485E-15
113.4	0.1690E-15
120.5	0.1926E-15
128.1	0.2198E-15
136.2	0.2512E-15
144.9	0.2874E-15
154.2	0.3289E-15
164.1	0.3766E-15
174.6	0.4311E-15
185.7	0.4932E-15
197.4	0.5636E-15
209.8	0.6432E-15
222.8	0.7325E-15
236.4	0.8324E-15
250.6	0.9434E-15
265.3	0.1066E-14
280.6	0.1201E-14
296.3	0.1348E-14
312.6	0.1508E-14
329.2	0.1682E-14
346.4	0.1868E-14
363.8	0.2068E-14
381.7	0.2282E-14
399.9	0.2511E-14
418.5	0.2753E-14
437.4	0.3010E-14
456.6	0.3280E-14
476.0	0.3564E-14
495.8	0.3863E-14
515.7	0.4174E-14
536.0	0.4502E-14
556.5	0.4843E-14
577.2	0.5197E-14
598.0	0.5563E-14
619.2	0.5945E-14
640.5	0.6341E-14
662.1	0.6750E-14
683.9	0.7173E-14
705.9	0.7609E-14
 
 
E/N (Td)	Townsend ioniz. coef. alpha/N (m2)
0.1872	0.2051E-27
0.2272	0.2174E-27
0.2608	0.2446E-27
0.2889	0.2839E-27
0.3130	0.3355E-27
0.3342	0.4007E-27
0.3530	0.4819E-27
0.3699	0.5819E-27
0.3850	0.7043E-27
0.3988	0.8537E-27
0.4114	0.1035E-26
0.4209	0.1257E-26
0.4314	0.1523E-26
0.4409	0.1841E-26
0.4497	0.2224E-26
0.4580	0.2684E-26
0.4656	0.3234E-26
0.4727	0.3888E-26
0.4794	0.4667E-26
0.4857	0.5588E-26
0.4915	0.6677E-26
0.4971	0.7962E-26
0.5023	0.9474E-26
0.5072	0.1125E-25
0.5119	0.1332E-25
0.5163	0.1574E-25
0.5206	0.1856E-25
0.5246	0.2184E-25
0.5285	0.2564E-25
0.5323	0.3003E-25
0.5359	0.3509E-25
0.5394	0.4091E-25
0.5429	0.4760E-25
0.5463	0.5525E-25
0.5496	0.6400E-25
0.5530	0.7396E-25
0.5562	0.8530E-25
0.5595	0.9816E-25
0.5628	0.1127E-24
0.5662	0.1292E-24
0.5695	0.1477E-24
0.5729	0.1686E-24
0.5764	0.1921E-24
0.5799	0.2182E-24
0.5836	0.2475E-24
0.5873	0.2802E-24
0.5911	0.3165E-24
0.5951	0.3569E-24
0.5992	0.4017E-24
0.6035	0.4512E-24
0.6080	0.5058E-24
0.6126	0.5660E-24
0.6174	0.6322E-24
0.6224	0.7047E-24
0.6277	0.7842E-24
0.6332	0.8711E-24
0.6390	0.9657E-24
0.6451	0.1069E-23
0.6515	0.1180E-23
0.6582	0.1302E-23
0.6654	0.1432E-23
0.6730	0.1574E-23
0.6810	0.1725E-23
0.6895	0.1888E-23
0.6986	0.2063E-23
0.7084	0.2249E-23
0.7189	0.2447E-23
0.7302	0.2658E-23
0.7423	0.2880E-23
0.7556	0.3114E-23
0.7699	0.3361E-23
0.7856	0.3618E-23
0.8028	0.3886E-23
0.8217	0.4164E-23
0.8424	0.4451E-23
0.8653	0.4746E-23
0.8907	0.5047E-23
0.9187	0.5353E-23
0.9497	0.5663E-23
0.9842	0.5974E-23
1.022	0.6287E-23
1.065	0.6600E-23
1.111	0.6912E-23
1.163	0.7223E-23
1.220	0.7532E-23
1.283	0.7842E-23
1.352	0.8152E-23
1.428	0.8464E-23
1.511	0.8782E-23
1.602	0.9107E-23
1.700	0.9444E-23
1.808	0.9796E-23
1.924	0.1017E-22
2.050	0.1056E-22
2.186	0.1099E-22
2.333	0.1144E-22
2.490	0.1194E-22
2.660	0.1249E-22
2.841	0.1308E-22
3.036	0.1374E-22
3.243	0.1446E-22
3.465	0.1525E-22
3.701	0.1613E-22
3.953	0.1709E-22
4.220	0.1815E-22
4.504	0.1931E-22
4.805	0.2060E-22
5.124	0.2200E-22
5.462	0.2355E-22
5.820	0.2523E-22
6.198	0.2708E-22
6.597	0.2910E-22
7.019	0.3131E-22
7.464	0.3372E-22
7.933	0.3634E-22
8.427	0.3919E-22
8.947	0.4229E-22
9.495	0.4566E-22
10.07	0.4932E-22
10.68	0.5328E-22
11.31	0.5758E-22
11.98	0.6223E-22
12.69	0.6727E-22
13.43	0.7271E-22
14.21	0.7860E-22
15.02	0.8496E-22
15.88	0.9183E-22
16.78	0.9925E-22
17.72	0.1073E-21
18.72	0.1159E-21
19.76	0.1252E-21
20.85	0.1353E-21
22.00	0.1462E-21
23.21	0.1579E-21
24.48	0.1705E-21
25.81	0.1842E-21
27.22	0.1989E-21
28.69	0.2148E-21
30.24	0.2320E-21
31.88	0.2506E-21
33.60	0.2707E-21
35.41	0.2925E-21
37.33	0.3160E-21
39.34	0.3416E-21
41.48	0.3693E-21
43.73	0.3994E-21
46.11	0.4321E-21
48.63	0.4677E-21
51.31	0.5065E-21
54.14	0.5489E-21
57.15	0.5951E-21
60.34	0.6457E-21
63.74	0.7010E-21
67.36	0.7618E-21
71.22	0.8284E-21
75.34	0.9017E-21
79.73	0.9823E-21
84.43	0.1071E-20
89.46	0.1169E-20
94.84	0.1277E-20
100.6	0.1396E-20
106.8	0.1528E-20
113.4	0.1673E-20
120.5	0.1834E-20
128.1	0.2010E-20
136.2	0.2204E-20
144.9	0.2416E-20
154.2	0.2649E-20
164.1	0.2902E-20
174.6	0.3176E-20
185.7	0.3473E-20
197.4	0.3792E-20
209.8	0.4133E-20
222.8	0.4496E-20
236.4	0.4880E-20
250.6	0.5284E-20
265.3	0.5708E-20
280.6	0.6149E-20
296.3	0.6607E-20
312.6	0.7080E-20
329.2	0.7568E-20
346.4	0.8068E-20
363.8	0.8576E-20
381.7	0.9098E-20
399.9	0.9628E-20
418.5	0.1017E-19
437.4	0.1071E-19
456.6	0.1126E-19
476.0	0.1182E-19
495.8	0.1238E-19
515.7	0.1293E-19
536.0	0.1350E-19
556.5	0.1407E-19
577.2	0.1464E-19
598.0	0.1520E-19
619.2	0.1577E-19
640.5	0.1634E-19
662.1	0.1690E-19
683.9	0.1747E-19
705.9	0.1804E-19
 
 
E/N (Td)	Power /N (eV m3/s)
0.1872	0.5990E-19
0.2272	0.9050E-19
0.2608	0.1213E-18
0.2889	0.1514E-18
0.3130	0.1808E-18
0.3342	0.2096E-18
0.3530	0.2377E-18
0.3699	0.2652E-18
0.3850	0.2921E-18
0.3988	0.3184E-18
0.4114	0.3441E-18
0.4209	0.3670E-18
0.4314	0.3915E-18
0.4409	0.4152E-18
0.4497	0.4386E-18
0.4580	0.4615E-18
0.4656	0.4840E-18
0.4727	0.5061E-18
0.4794	0.5278E-18
0.4857	0.5492E-18
0.4915	0.5702E-18
0.4971	0.5909E-18
0.5023	0.6112E-18
0.5072	0.6312E-18
0.5119	0.6509E-18
0.5163	0.6703E-18
0.5206	0.6895E-18
0.5246	0.7085E-18
0.5285	0.7273E-18
0.5323	0.7458E-18
0.5359	0.7642E-18
0.5394	0.7825E-18
0.5429	0.8007E-18
0.5463	0.8188E-18
0.5496	0.8368E-18
0.5530	0.8548E-18
0.5562	0.8728E-18
0.5595	0.8908E-18
0.5628	0.9088E-18
0.5662	0.9270E-18
0.5695	0.9453E-18
0.5729	0.9637E-18
0.5764	0.9823E-18
0.5799	0.1001E-17
0.5836	0.1020E-17
0.5873	0.1040E-17
0.5911	0.1059E-17
0.5951	0.1079E-17
0.5992	0.1100E-17
0.6035	0.1121E-17
0.6080	0.1143E-17
0.6126	0.1165E-17
0.6174	0.1188E-17
0.6224	0.1211E-17
0.6277	0.1236E-17
0.6332	0.1261E-17
0.6390	0.1287E-17
0.6451	0.1315E-17
0.6515	0.1343E-17
0.6582	0.1373E-17
0.6654	0.1405E-17
0.6730	0.1438E-17
0.6810	0.1473E-17
0.6895	0.1511E-17
0.6986	0.1551E-17
0.7084	0.1594E-17
0.7189	0.1640E-17
0.7302	0.1690E-17
0.7423	0.1744E-17
0.7556	0.1804E-17
0.7699	0.1869E-17
0.7856	0.1942E-17
0.8028	0.2022E-17
0.8217	0.2112E-17
0.8424	0.2213E-17
0.8653	0.2327E-17
0.8907	0.2456E-17
0.9187	0.2602E-17
0.9497	0.2769E-17
0.9842	0.2960E-17
1.022	0.3178E-17
1.065	0.3428E-17
1.111	0.3716E-17
1.163	0.4046E-17
1.220	0.4426E-17
1.283	0.4864E-17
1.352	0.5366E-17
1.428	0.5945E-17
1.511	0.6609E-17
1.602	0.7371E-17
1.700	0.8246E-17
1.808	0.9247E-17
1.924	0.1039E-16
2.050	0.1170E-16
2.186	0.1319E-16
2.333	0.1489E-16
2.490	0.1682E-16
2.660	0.1901E-16
2.841	0.2149E-16
3.036	0.2429E-16
3.243	0.2745E-16
3.465	0.3101E-16
3.701	0.3502E-16
3.953	0.3952E-16
4.220	0.4456E-16
4.504	0.5020E-16
4.805	0.5650E-16
5.124	0.6352E-16
5.462	0.7133E-16
5.820	0.8002E-16
6.198	0.8965E-16
6.597	0.1003E-15
7.019	0.1121E-15
7.464	0.1252E-15
7.933	0.1396E-15
8.427	0.1554E-15
8.947	0.1728E-15
9.495	0.1920E-15
10.07	0.2130E-15
10.68	0.2360E-15
11.31	0.2612E-15
11.98	0.2888E-15
12.69	0.3189E-15
13.43	0.3518E-15
14.21	0.3876E-15
15.02	0.4267E-15
15.88	0.4692E-15
16.78	0.5155E-15
17.72	0.5658E-15
18.72	0.6205E-15
19.76	0.6799E-15
20.85	0.7444E-15
22.00	0.8143E-15
23.21	0.8901E-15
24.48	0.9724E-15
25.81	0.1062E-14
27.22	0.1158E-14
28.69	0.1263E-14
30.24	0.1377E-14
31.88	0.1500E-14
33.60	0.1634E-14
35.41	0.1779E-14
37.33	0.1937E-14
39.34	0.2108E-14
41.48	0.2294E-14
43.73	0.2496E-14
46.11	0.2716E-14
48.63	0.2957E-14
51.31	0.3219E-14
54.14	0.3506E-14
57.15	0.3819E-14
60.34	0.4163E-14
63.74	0.4541E-14
67.36	0.4956E-14
71.22	0.5414E-14
75.34	0.5920E-14
79.73	0.6480E-14
84.43	0.7101E-14
89.46	0.7791E-14
94.84	0.8561E-14
100.6	0.9419E-14
106.8	0.1038E-13
113.4	0.1145E-13
120.5	0.1266E-13
128.1	0.1401E-13
136.2	0.1553E-13
144.9	0.1723E-13
154.2	0.1915E-13
164.1	0.2129E-13
174.6	0.2369E-13
185.7	0.2637E-13
197.4	0.2935E-13
209.8	0.3265E-13
222.8	0.3630E-13
236.4	0.4032E-13
250.6	0.4473E-13
265.3	0.4954E-13
280.6	0.5478E-13
296.3	0.6045E-13
312.6	0.6657E-13
329.2	0.7316E-13
346.4	0.8021E-13
363.8	0.8771E-13
381.7	0.9574E-13
399.9	0.1043E-12
418.5	0.1133E-12
437.4	0.1229E-12
456.6	0.1330E-12
476.0	0.1436E-12
495.8	0.1548E-12
515.7	0.1664E-12
536.0	0.1787E-12
556.5	0.1916E-12
577.2	0.2050E-12
598.0	0.2189E-12
619.2	0.2334E-12
640.5	0.2486E-12
662.1	0.2644E-12
683.9	0.2808E-12
705.9	0.2978E-12
 
 
E/N (Td)	Elastic power loss /N (eV m3/s)
0.1872	0.1532E-20
0.2272	0.2466E-20
0.2608	0.3470E-20
0.2889	0.4548E-20
0.3130	0.5702E-20
0.3342	0.6938E-20
0.3530	0.8258E-20
0.3699	0.9668E-20
0.3850	0.1117E-19
0.3988	0.1278E-19
0.4114	0.1449E-19
0.4209	0.1631E-19
0.4314	0.1825E-19
0.4409	0.2028E-19
0.4497	0.2247E-19
0.4580	0.2478E-19
0.4656	0.2724E-19
0.4727	0.2985E-19
0.4794	0.3262E-19
0.4857	0.3554E-19
0.4915	0.3864E-19
0.4971	0.4192E-19
0.5023	0.4538E-19
0.5072	0.4905E-19
0.5119	0.5292E-19
0.5163	0.5702E-19
0.5206	0.6134E-19
0.5246	0.6591E-19
0.5285	0.7073E-19
0.5323	0.7581E-19
0.5359	0.8118E-19
0.5394	0.8684E-19
0.5429	0.9280E-19
0.5463	0.9909E-19
0.5496	0.1057E-18
0.5530	0.1127E-18
0.5562	0.1201E-18
0.5595	0.1278E-18
0.5628	0.1360E-18
0.5662	0.1446E-18
0.5695	0.1536E-18
0.5729	0.1631E-18
0.5764	0.1732E-18
0.5799	0.1837E-18
0.5836	0.1948E-18
0.5873	0.2064E-18
0.5911	0.2187E-18
0.5951	0.2316E-18
0.5992	0.2452E-18
0.6035	0.2594E-18
0.6080	0.2745E-18
0.6126	0.2902E-18
0.6174	0.3068E-18
0.6224	0.3243E-18
0.6277	0.3426E-18
0.6332	0.3619E-18
0.6390	0.3821E-18
0.6451	0.4034E-18
0.6515	0.4257E-18
0.6582	0.4492E-18
0.6654	0.4739E-18
0.6730	0.4998E-18
0.6810	0.5271E-18
0.6895	0.5557E-18
0.6986	0.5857E-18
0.7084	0.6172E-18
0.7189	0.6504E-18
0.7302	0.6851E-18
0.7423	0.7216E-18
0.7556	0.7600E-18
0.7699	0.8002E-18
0.7856	0.8424E-18
0.8028	0.8867E-18
0.8217	0.9332E-18
0.8424	0.9819E-18
0.8653	0.1033E-17
0.8907	0.1087E-17
0.9187	0.1143E-17
0.9497	0.1202E-17
0.9842	0.1264E-17
1.022	0.1328E-17
1.065	0.1396E-17
1.111	0.1467E-17
1.163	0.1542E-17
1.220	0.1620E-17
1.283	0.1701E-17
1.352	0.1786E-17
1.428	0.1876E-17
1.511	0.1969E-17
1.602	0.2066E-17
1.700	0.2168E-17
1.808	0.2275E-17
1.924	0.2386E-17
2.050	0.2502E-17
2.186	0.2623E-17
2.333	0.2750E-17
2.490	0.2881E-17
2.660	0.3019E-17
2.841	0.3162E-17
3.036	0.3311E-17
3.243	0.3466E-17
3.465	0.3628E-17
3.701	0.3796E-17
3.953	0.3971E-17
4.220	0.4153E-17
4.504	0.4342E-17
4.805	0.4538E-17
5.124	0.4742E-17
5.462	0.4953E-17
5.820	0.5173E-17
6.198	0.5400E-17
6.597	0.5636E-17
7.019	0.5881E-17
7.464	0.6134E-17
7.933	0.6396E-17
8.427	0.6668E-17
8.947	0.6949E-17
9.495	0.7239E-17
10.07	0.7540E-17
10.68	0.7850E-17
11.31	0.8171E-17
11.98	0.8502E-17
12.69	0.8845E-17
13.43	0.9198E-17
14.21	0.9562E-17
15.02	0.9938E-17
15.88	0.1033E-16
16.78	0.1073E-16
17.72	0.1114E-16
18.72	0.1156E-16
19.76	0.1200E-16
20.85	0.1245E-16
22.00	0.1291E-16
23.21	0.1339E-16
24.48	0.1388E-16
25.81	0.1439E-16
27.22	0.1491E-16
28.69	0.1545E-16
30.24	0.1600E-16
31.88	0.1656E-16
33.60	0.1715E-16
35.41	0.1774E-16
37.33	0.1836E-16
39.34	0.1899E-16
41.48	0.1964E-16
43.73	0.2031E-16
46.11	0.2100E-16
48.63	0.2170E-16
51.31	0.2243E-16
54.14	0.2317E-16
57.15	0.2394E-16
60.34	0.2472E-16
63.74	0.2553E-16
67.36	0.2636E-16
71.22	0.2721E-16
75.34	0.2809E-16
79.73	0.2898E-16
84.43	0.2991E-16
89.46	0.3085E-16
94.84	0.3182E-16
100.6	0.3282E-16
106.8	0.3384E-16
113.4	0.3488E-16
120.5	0.3596E-16
128.1	0.3705E-16
136.2	0.3817E-16
144.9	0.3932E-16
154.2	0.4049E-16
164.1	0.4169E-16
174.6	0.4290E-16
185.7	0.4414E-16
197.4	0.4540E-16
209.8	0.4669E-16
222.8	0.4799E-16
236.4	0.4931E-16
250.6	0.5065E-16
265.3	0.5200E-16
280.6	0.5338E-16
296.3	0.5477E-16
312.6	0.5618E-16
329.2	0.5761E-16
346.4	0.5905E-16
363.8	0.6051E-16
381.7	0.6199E-16
399.9	0.6350E-16
418.5	0.6502E-16
437.4	0.6656E-16
456.6	0.6812E-16
476.0	0.6969E-16
495.8	0.7129E-16
515.7	0.7291E-16
536.0	0.7456E-16
556.5	0.7622E-16
577.2	0.7791E-16
598.0	0.7960E-16
619.2	0.8133E-16
640.5	0.8309E-16
662.1	0.8487E-16
683.9	0.8667E-16
705.9	0.8850E-16
 
 
E/N (Td)	Inelastic power loss /N (eV m3/s)
0.1872	0.2756E-24
0.2272	0.3637E-24
0.2608	0.4778E-24
0.2889	0.6249E-24
0.3130	0.8138E-24
0.3342	0.1055E-23
0.3530	0.1363E-23
0.3699	0.1752E-23
0.3850	0.2244E-23
0.3988	0.2862E-23
0.4114	0.3636E-23
0.4209	0.4603E-23
0.4314	0.5807E-23
0.4409	0.7280E-23
0.4497	0.9111E-23
0.4580	0.1136E-22
0.4656	0.1412E-22
0.4727	0.1748E-22
0.4794	0.2158E-22
0.4857	0.2654E-22
0.4915	0.3253E-22
0.4971	0.3975E-22
0.5023	0.4841E-22
0.5072	0.5878E-22
0.5119	0.7114E-22
0.5163	0.8585E-22
0.5206	0.1033E-21
0.5246	0.1239E-21
0.5285	0.1482E-21
0.5323	0.1767E-21
0.5359	0.2103E-21
0.5394	0.2494E-21
0.5429	0.2950E-21
0.5463	0.3481E-21
0.5496	0.4096E-21
0.5530	0.4809E-21
0.5562	0.5631E-21
0.5595	0.6579E-21
0.5628	0.7668E-21
0.5662	0.8918E-21
0.5695	0.1035E-20
0.5729	0.1199E-20
0.5764	0.1398E-20
0.5799	0.1614E-20
0.5836	0.1864E-20
0.5873	0.2150E-20
0.5911	0.2477E-20
0.5951	0.2853E-20
0.5992	0.3285E-20
0.6035	0.3782E-20
0.6080	0.4357E-20
0.6126	0.5023E-20
0.6174	0.5798E-20
0.6224	0.6703E-20
0.6277	0.7766E-20
0.6332	0.9052E-20
0.6390	0.1055E-19
0.6451	0.1233E-19
0.6515	0.1447E-19
0.6582	0.1704E-19
0.6654	0.2015E-19
0.6730	0.2391E-19
0.6810	0.2848E-19
0.6895	0.3405E-19
0.6986	0.4086E-19
0.7084	0.4917E-19
0.7189	0.5935E-19
0.7302	0.7180E-19
0.7423	0.8703E-19
0.7556	0.1057E-18
0.7699	0.1284E-18
0.7856	0.1561E-18
0.8028	0.1899E-18
0.8217	0.2310E-18
0.8424	0.2808E-18
0.8653	0.3411E-18
0.8907	0.4139E-18
0.9187	0.5015E-18
0.9497	0.6068E-18
0.9842	0.7329E-18
1.022	0.8836E-18
1.065	0.1063E-17
1.111	0.1276E-17
1.163	0.1529E-17
1.220	0.1827E-17
1.283	0.2179E-17
1.352	0.2592E-17
1.428	0.3076E-17
1.511	0.3641E-17
1.602	0.4300E-17
1.700	0.5065E-17
1.808	0.5951E-17
1.924	0.6976E-17
2.050	0.8157E-17
2.186	0.9514E-17
2.333	0.1107E-16
2.490	0.1285E-16
2.660	0.1489E-16
2.841	0.1720E-16
3.036	0.1983E-16
3.243	0.2281E-16
3.465	0.2617E-16
3.701	0.2997E-16
3.953	0.3425E-16
4.220	0.3906E-16
4.504	0.4444E-16
4.805	0.5047E-16
5.124	0.5721E-16
5.462	0.6471E-16
5.820	0.7306E-16
6.198	0.8234E-16
6.597	0.9263E-16
7.019	0.1040E-15
7.464	0.1166E-15
7.933	0.1305E-15
8.427	0.1458E-15
8.947	0.1626E-15
9.495	0.1811E-15
10.07	0.2014E-15
10.68	0.2237E-15
11.31	0.2481E-15
11.98	0.2747E-15
12.69	0.3038E-15
13.43	0.3355E-15
14.21	0.3701E-15
15.02	0.4078E-15
15.88	0.4487E-15
16.78	0.4933E-15
17.72	0.5417E-15
18.72	0.5942E-15
19.76	0.6512E-15
20.85	0.7130E-15
22.00	0.7799E-15
23.21	0.8525E-15
24.48	0.9310E-15
25.81	0.1016E-14
27.22	0.1108E-14
28.69	0.1208E-14
30.24	0.1315E-14
31.88	0.1432E-14
33.60	0.1558E-14
35.41	0.1695E-14
37.33	0.1843E-14
39.34	0.2004E-14
41.48	0.2178E-14
43.73	0.2366E-14
46.11	0.2571E-14
48.63	0.2794E-14
51.31	0.3036E-14
54.14	0.3300E-14
57.15	0.3588E-14
60.34	0.3903E-14
63.74	0.4246E-14
67.36	0.4623E-14
71.22	0.5036E-14
75.34	0.5491E-14
79.73	0.5991E-14
84.43	0.6543E-14
89.46	0.7154E-14
94.84	0.7830E-14
100.6	0.8580E-14
106.8	0.9413E-14
113.4	0.1034E-13
120.5	0.1137E-13
128.1	0.1252E-13
136.2	0.1380E-13
144.9	0.1523E-13
154.2	0.1682E-13
164.1	0.1859E-13
174.6	0.2055E-13
185.7	0.2272E-13
197.4	0.2511E-13
209.8	0.2774E-13
222.8	0.3062E-13
236.4	0.3376E-13
250.6	0.3717E-13
265.3	0.4086E-13
280.6	0.4483E-13
296.3	0.4910E-13
312.6	0.5366E-13
329.2	0.5851E-13
346.4	0.6367E-13
363.8	0.6909E-13
381.7	0.7484E-13
399.9	0.8090E-13
418.5	0.8726E-13
437.4	0.9391E-13
456.6	0.1009E-12
476.0	0.1081E-12
495.8	0.1156E-12
515.7	0.1234E-12
536.0	0.1315E-12
556.5	0.1399E-12
577.2	0.1486E-12
598.0	0.1575E-12
619.2	0.1667E-12
640.5	0.1762E-12
662.1	0.1860E-12
683.9	0.1960E-12
705.9	0.2064E-12
 
 
E/N (Td)	Growth power /N (eV m3/s)
0.1872	0.2625E-25
0.2272	0.3524E-25
0.2608	0.4709E-25
0.2889	0.6265E-25
0.3130	0.8300E-25
0.3342	0.1095E-24
0.3530	0.1438E-24
0.3699	0.1881E-24
0.3850	0.2450E-24
0.3988	0.3179E-24
0.4114	0.4109E-24
0.4209	0.5291E-24
0.4314	0.6791E-24
0.4409	0.8658E-24
0.4497	0.1102E-23
0.4580	0.1398E-23
0.4656	0.1768E-23
0.4727	0.2227E-23
0.4794	0.2796E-23
0.4857	0.3498E-23
0.4915	0.4361E-23
0.4971	0.5420E-23
0.5023	0.6716E-23
0.5072	0.8294E-23
0.5119	0.1021E-22
0.5163	0.1253E-22
0.5206	0.1534E-22
0.5246	0.1872E-22
0.5285	0.2277E-22
0.5323	0.2763E-22
0.5359	0.3343E-22
0.5394	0.4033E-22
0.5429	0.4852E-22
0.5463	0.5823E-22
0.5496	0.6969E-22
0.5530	0.8319E-22
0.5562	0.9906E-22
0.5595	0.1177E-21
0.5628	0.1394E-21
0.5662	0.1648E-21
0.5695	0.1943E-21
0.5729	0.2287E-21
0.5764	0.2685E-21
0.5799	0.3142E-21
0.5836	0.3672E-21
0.5873	0.4281E-21
0.5911	0.4981E-21
0.5951	0.5782E-21
0.5992	0.6699E-21
0.6035	0.7746E-21
0.6080	0.8938E-21
0.6126	0.1029E-20
0.6174	0.1183E-20
0.6224	0.1357E-20
0.6277	0.1554E-20
0.6332	0.1776E-20
0.6390	0.2027E-20
0.6451	0.2308E-20
0.6515	0.2624E-20
0.6582	0.2977E-20
0.6654	0.3373E-20
0.6730	0.3816E-20
0.6810	0.4309E-20
0.6895	0.4858E-20
0.6986	0.5469E-20
0.7084	0.6147E-20
0.7189	0.6899E-20
0.7302	0.7732E-20
0.7423	0.8654E-20
0.7556	0.9672E-20
0.7699	0.1080E-19
0.7856	0.1204E-19
0.8028	0.1340E-19
0.8217	0.1491E-19
0.8424	0.1657E-19
0.8653	0.1839E-19
0.8907	0.2040E-19
0.9187	0.2261E-19
0.9497	0.2505E-19
0.9842	0.2773E-19
1.022	0.3068E-19
1.065	0.3394E-19
1.111	0.3754E-19
1.163	0.4152E-19
1.220	0.4593E-19
1.283	0.5083E-19
1.352	0.5628E-19
1.428	0.6235E-19
1.511	0.6914E-19
1.602	0.7675E-19
1.700	0.8530E-19
1.808	0.9494E-19
1.924	0.1058E-18
2.050	0.1182E-18
2.186	0.1322E-18
2.333	0.1482E-18
2.490	0.1664E-18
2.660	0.1873E-18
2.841	0.2113E-18
3.036	0.2388E-18
3.243	0.2704E-18
3.465	0.3069E-18
3.701	0.3489E-18
3.953	0.3974E-18
4.220	0.4535E-18
4.504	0.5182E-18
4.805	0.5929E-18
5.124	0.6793E-18
5.462	0.7790E-18
5.820	0.8941E-18
6.198	0.1027E-17
6.597	0.1180E-17
7.019	0.1357E-17
7.464	0.1560E-17
7.933	0.1795E-17
8.427	0.2064E-17
8.947	0.2373E-17
9.495	0.2728E-17
10.07	0.3135E-17
10.68	0.3601E-17
11.31	0.4134E-17
11.98	0.4744E-17
12.69	0.5441E-17
13.43	0.6236E-17
14.21	0.7143E-17
15.02	0.8176E-17
15.88	0.9352E-17
16.78	0.1069E-16
17.72	0.1221E-16
18.72	0.1394E-16
19.76	0.1590E-16
20.85	0.1813E-16
22.00	0.2065E-16
23.21	0.2352E-16
24.48	0.2676E-16
25.81	0.3044E-16
27.22	0.3461E-16
28.69	0.3933E-16
30.24	0.4469E-16
31.88	0.5075E-16
33.60	0.5763E-16
35.41	0.6543E-16
37.33	0.7427E-16
39.34	0.8432E-16
41.48	0.9573E-16
43.73	0.1087E-15
46.11	0.1235E-15
48.63	0.1403E-15
51.31	0.1595E-15
54.14	0.1815E-15
57.15	0.2066E-15
60.34	0.2353E-15
63.74	0.2684E-15
67.36	0.3064E-15
71.22	0.3502E-15
75.34	0.4008E-15
79.73	0.4594E-15
84.43	0.5274E-15
89.46	0.6063E-15
94.84	0.6983E-15
100.6	0.8056E-15
106.8	0.9309E-15
113.4	0.1078E-14
120.5	0.1249E-14
128.1	0.1450E-14
136.2	0.1686E-14
144.9	0.1962E-14
154.2	0.2284E-14
164.1	0.2660E-14
174.6	0.3098E-14
185.7	0.3605E-14
197.4	0.4191E-14
209.8	0.4865E-14
222.8	0.5637E-14
236.4	0.6516E-14
250.6	0.7512E-14
265.3	0.8634E-14
280.6	0.9893E-14
296.3	0.1130E-13
312.6	0.1286E-13
329.2	0.1458E-13
346.4	0.1648E-13
363.8	0.1856E-13
381.7	0.2083E-13
399.9	0.2331E-13
418.5	0.2601E-13
437.4	0.2892E-13
456.6	0.3207E-13
476.0	0.3544E-13
495.8	0.3908E-13
515.7	0.4295E-13
536.0	0.4713E-13
556.5	0.5157E-13
577.2	0.5630E-13
598.0	0.6130E-13
619.2	0.6664E-13
640.5	0.7230E-13
662.1	0.7829E-13
683.9	0.8463E-13
705.9	0.9132E-13
 
 
E/N (Td)	e-i power loss /N (eV m3/s)
0.1872	0.5837E-19
0.2272	0.8803E-19
0.2608	0.1178E-18
0.2889	0.1468E-18
0.3130	0.1751E-18
0.3342	0.2026E-18
0.3530	0.2294E-18
0.3699	0.2555E-18
0.3850	0.2809E-18
0.3988	0.3056E-18
0.4114	0.3296E-18
0.4209	0.3507E-18
0.4314	0.3733E-18
0.4409	0.3949E-18
0.4497	0.4161E-18
0.4580	0.4367E-18
0.4656	0.4568E-18
0.4727	0.4762E-18
0.4794	0.4952E-18
0.4857	0.5136E-18
0.4915	0.5315E-18
0.4971	0.5489E-18
0.5023	0.5657E-18
0.5072	0.5821E-18
0.5119	0.5979E-18
0.5163	0.6132E-18
0.5206	0.6281E-18
0.5246	0.6425E-18
0.5285	0.6564E-18
0.5323	0.6698E-18
0.5359	0.6828E-18
0.5394	0.6954E-18
0.5429	0.7075E-18
0.5463	0.7193E-18
0.5496	0.7306E-18
0.5530	0.7415E-18
0.5562	0.7521E-18
0.5595	0.7622E-18
0.5628	0.7720E-18
0.5662	0.7814E-18
0.5695	0.7905E-18
0.5729	0.7992E-18
0.5764	0.8075E-18
0.5799	0.8155E-18
0.5836	0.8232E-18
0.5873	0.8306E-18
0.5911	0.8377E-18
0.5951	0.8444E-18
0.5992	0.8509E-18
0.6035	0.8571E-18
0.6080	0.8629E-18
0.6126	0.8685E-18
0.6174	0.8739E-18
0.6224	0.8790E-18
0.6277	0.8838E-18
0.6332	0.8883E-18
0.6390	0.8926E-18
0.6451	0.8966E-18
0.6515	0.9005E-18
0.6582	0.9041E-18
0.6654	0.9074E-18
0.6730	0.9106E-18
0.6810	0.9135E-18
0.6895	0.9163E-18
0.6986	0.9188E-18
0.7084	0.9211E-18
0.7189	0.9232E-18
0.7302	0.9252E-18
0.7423	0.9270E-18
0.7556	0.9285E-18
0.7699	0.9299E-18
0.7856	0.9312E-18
0.8028	0.9323E-18
0.8217	0.9332E-18
0.8424	0.9339E-18
0.8653	0.9345E-18
0.8907	0.9350E-18
0.9187	0.9353E-18
0.9497	0.9354E-18
0.9842	0.9354E-18
1.022	0.9353E-18
1.065	0.9351E-18
1.111	0.9347E-18
1.163	0.9342E-18
1.220	0.9336E-18
1.283	0.9329E-18
1.352	0.9320E-18
1.428	0.9310E-18
1.511	0.9300E-18
1.602	0.9288E-18
1.700	0.9275E-18
1.808	0.9261E-18
1.924	0.9246E-18
2.050	0.9231E-18
2.186	0.9214E-18
2.333	0.9196E-18
2.490	0.9178E-18
2.660	0.9158E-18
2.841	0.9138E-18
3.036	0.9117E-18
3.243	0.9095E-18
3.465	0.9073E-18
3.701	0.9049E-18
3.953	0.9025E-18
4.220	0.9000E-18
4.504	0.8975E-18
4.805	0.8948E-18
5.124	0.8921E-18
5.462	0.8894E-18
5.820	0.8865E-18
6.198	0.8836E-18
6.597	0.8806E-18
7.019	0.8776E-18
7.464	0.8745E-18
7.933	0.8713E-18
8.427	0.8681E-18
8.947	0.8648E-18
9.495	0.8615E-18
10.07	0.8580E-18
10.68	0.8546E-18
11.31	0.8510E-18
11.98	0.8475E-18
12.69	0.8438E-18
13.43	0.8401E-18
14.21	0.8363E-18
15.02	0.8325E-18
15.88	0.8286E-18
16.78	0.8247E-18
17.72	0.8207E-18
18.72	0.8167E-18
19.76	0.8126E-18
20.85	0.8084E-18
22.00	0.8042E-18
23.21	0.8000E-18
24.48	0.7956E-18
25.81	0.7913E-18
27.22	0.7868E-18
28.69	0.7823E-18
30.24	0.7778E-18
31.88	0.7732E-18
33.60	0.7686E-18
35.41	0.7639E-18
37.33	0.7592E-18
39.34	0.7545E-18
41.48	0.7497E-18
43.73	0.7448E-18
46.11	0.7399E-18
48.63	0.7350E-18
51.31	0.7301E-18
54.14	0.7252E-18
57.15	0.7202E-18
60.34	0.7152E-18
63.74	0.7101E-18
67.36	0.7051E-18
71.22	0.7001E-18
75.34	0.6950E-18
79.73	0.6900E-18
84.43	0.6850E-18
89.46	0.6800E-18
94.84	0.6751E-18
100.6	0.6702E-18
106.8	0.6653E-18
113.4	0.6605E-18
120.5	0.6558E-18
128.1	0.6511E-18
136.2	0.6465E-18
144.9	0.6420E-18
154.2	0.6375E-18
164.1	0.6332E-18
174.6	0.6289E-18
185.7	0.6247E-18
197.4	0.6207E-18
209.8	0.6167E-18
222.8	0.6128E-18
236.4	0.6090E-18
250.6	0.6052E-18
265.3	0.6016E-18
280.6	0.5980E-18
296.3	0.5945E-18
312.6	0.5911E-18
329.2	0.5877E-18
346.4	0.5843E-18
363.8	0.5811E-18
381.7	0.5779E-18
399.9	0.5747E-18
418.5	0.5715E-18
437.4	0.5685E-18
456.6	0.5654E-18
476.0	0.5624E-18
495.8	0.5594E-18
515.7	0.5564E-18
536.0	0.5535E-18
556.5	0.5506E-18
577.2	0.5478E-18
598.0	0.5449E-18
619.2	0.5421E-18
640.5	0.5395E-18
662.1	0.5367E-18
683.9	0.5339E-18
705.9	0.5312E-18
 
 
E/N (Td)	Coulomb logarithm
0.1872	8.928
0.2272	8.954
0.2608	8.979
0.2889	9.005
0.3130	9.031
0.3342	9.056
0.3530	9.082
0.3699	9.107
0.3850	9.133
0.3988	9.159
0.4114	9.184
0.4209	9.210
0.4314	9.236
0.4409	9.261
0.4497	9.287
0.4580	9.312
0.4656	9.338
0.4727	9.364
0.4794	9.389
0.4857	9.415
0.4915	9.441
0.4971	9.466
0.5023	9.492
0.5072	9.518
0.5119	9.543
0.5163	9.569
0.5206	9.595
0.5246	9.620
0.5285	9.646
0.5323	9.671
0.5359	9.697
0.5394	9.723
0.5429	9.748
0.5463	9.774
0.5496	9.800
0.5530	9.825
0.5562	9.851
0.5595	9.877
0.5628	9.902
0.5662	9.928
0.5695	9.954
0.5729	9.979
0.5764	10.00
0.5799	10.03
0.5836	10.06
0.5873	10.08
0.5911	10.11
0.5951	10.13
0.5992	10.16
0.6035	10.18
0.6080	10.21
0.6126	10.24
0.6174	10.26
0.6224	10.29
0.6277	10.31
0.6332	10.34
0.6390	10.36
0.6451	10.39
0.6515	10.41
0.6582	10.44
0.6654	10.47
0.6730	10.49
0.6810	10.52
0.6895	10.54
0.6986	10.57
0.7084	10.59
0.7189	10.62
0.7302	10.65
0.7423	10.67
0.7556	10.70
0.7699	10.72
0.7856	10.75
0.8028	10.77
0.8217	10.80
0.8424	10.83
0.8653	10.85
0.8907	10.88
0.9187	10.90
0.9497	10.93
0.9842	10.95
1.022	10.98
1.065	11.00
1.111	11.03
1.163	11.06
1.220	11.08
1.283	11.11
1.352	11.13
1.428	11.16
1.511	11.18
1.602	11.21
1.700	11.24
1.808	11.26
1.924	11.29
2.050	11.31
2.186	11.34
2.333	11.36
2.490	11.39
2.660	11.41
2.841	11.44
3.036	11.47
3.243	11.49
3.465	11.52
3.701	11.54
3.953	11.57
4.220	11.59
4.504	11.62
4.805	11.65
5.124	11.67
5.462	11.70
5.820	11.72
6.198	11.75
6.597	11.77
7.019	11.80
7.464	11.82
7.933	11.85
8.427	11.88
8.947	11.90
9.495	11.93
10.07	11.95
10.68	11.98
11.31	12.00
11.98	12.03
12.69	12.06
13.43	12.08
14.21	12.11
15.02	12.13
15.88	12.16
16.78	12.18
17.72	12.21
18.72	12.24
19.76	12.26
20.85	12.29
22.00	12.31
23.21	12.34
24.48	12.36
25.81	12.39
27.22	12.41
28.69	12.44
30.24	12.47
31.88	12.49
33.60	12.52
35.41	12.54
37.33	12.57
39.34	12.59
41.48	12.62
43.73	12.65
46.11	12.67
48.63	12.70
51.31	12.72
54.14	12.75
57.15	12.77
60.34	12.80
63.74	12.82
67.36	12.85
71.22	12.88
75.34	12.90
79.73	12.93
84.43	12.95
89.46	12.98
94.84	13.00
100.6	13.03
106.8	13.06
113.4	13.08
120.5	13.11
128.1	13.13
136.2	13.16
144.9	13.18
154.2	13.21
164.1	13.24
174.6	13.26
185.7	13.29
197.4	13.31
209.8	13.34
222.8	13.36
236.4	13.39
250.6	13.41
265.3	13.44
280.6	13.47
296.3	13.49
312.6	13.52
329.2	13.54
346.4	13.57
363.8	13.59
381.7	13.62
399.9	13.65
418.5	13.67
437.4	13.70
456.6	13.72
476.0	13.75
495.8	13.77
515.7	13.80
536.0	13.82
556.5	13.85
577.2	13.88
598.0	13.90
619.2	13.93
640.5	13.95
662.1	13.98
683.9	14.00
705.9	14.03
 
 
E/N (Td)	Maximum energy
0.1872	7.367
0.2272	8.929
0.2608	8.929
0.2889	8.929
0.3130	8.929
0.3342	8.929
0.3530	8.929
0.3699	8.929
0.3850	8.929
0.3988	8.929
0.4114	8.929
0.4209	9.728
0.4314	9.780
0.4409	9.827
0.4497	9.871
0.4580	9.911
0.4656	9.949
0.4727	9.984
0.4794	10.02
0.4857	10.05
0.4915	10.08
0.4971	10.10
0.5023	10.13
0.5072	10.15
0.5119	10.18
0.5163	10.20
0.5206	10.22
0.5246	10.24
0.5285	10.26
0.5323	10.28
0.5359	12.26
0.5394	12.28
0.5429	12.30
0.5463	12.32
0.5496	12.34
0.5530	12.36
0.5562	12.38
0.5595	12.40
0.5628	12.42
0.5662	12.43
0.5695	12.45
0.5729	12.47
0.5764	14.86
0.5799	14.88
0.5836	14.91
0.5873	14.93
0.5911	14.96
0.5951	14.99
0.5992	15.02
0.6035	15.04
0.6080	15.08
0.6126	15.11
0.6174	15.14
0.6224	15.17
0.6277	15.21
0.6332	18.11
0.6390	18.16
0.6451	18.21
0.6515	18.26
0.6582	18.32
0.6654	18.36
0.6730	18.40
0.6810	18.45
0.6895	18.96
0.6986	19.01
0.7084	19.06
0.7189	19.12
0.7302	19.18
0.7423	19.25
0.7556	19.33
0.7699	19.41
0.7856	19.50
0.8028	19.60
0.8217	19.71
0.8424	19.83
0.8653	19.91
0.8907	20.00
0.9187	20.12
0.9497	20.23
0.9842	20.34
1.022	20.50
1.065	20.60
1.111	20.77
1.163	20.89
1.220	21.06
1.283	21.24
1.352	21.41
1.428	21.60
1.511	21.73
1.602	22.12
1.700	22.31
1.808	22.46
1.924	22.65
2.050	22.88
2.186	23.05
2.333	23.26
2.490	23.50
2.660	23.66
2.841	23.92
3.036	24.27
3.243	24.55
3.465	24.74
3.701	24.98
3.953	25.28
4.220	25.63
4.504	25.68
4.805	26.14
5.124	26.41
5.462	26.69
5.820	26.93
6.198	27.18
6.597	27.66
7.019	27.93
7.464	28.22
7.933	28.51
8.427	28.83
8.947	29.14
9.495	29.75
10.07	30.11
10.68	30.47
11.31	30.84
11.98	31.22
12.69	31.61
13.43	32.02
14.21	32.45
15.02	32.89
15.88	33.34
16.78	33.81
17.72	34.30
18.72	29.36
19.76	29.81
20.85	30.23
22.00	30.67
23.21	31.12
24.48	31.60
25.81	32.55
27.22	33.08
28.69	33.64
30.24	34.23
31.88	34.84
33.60	35.47
35.41	36.13
37.33	36.83
39.34	37.56
41.48	38.32
43.73	39.11
46.11	39.89
48.63	40.72
51.31	41.59
54.14	35.89
57.15	36.70
60.34	37.57
63.74	38.47
67.36	40.25
71.22	41.25
75.34	42.33
79.73	43.46
84.43	44.66
89.46	45.88
94.84	47.20
100.6	48.57
106.8	51.37
113.4	52.96
120.5	54.59
128.1	56.21
136.2	59.51
144.9	60.97
154.2	64.46
164.1	66.16
174.6	59.40
185.7	72.40
197.4	65.33
209.8	67.48
222.8	72.36
236.4	74.92
250.6	77.59
265.3	80.37
280.6	86.62
296.3	89.85
312.6	93.21
329.2	96.70
346.4	104.7
363.8	108.7
381.7	112.8
399.9	117.1
418.5	121.4
437.4	125.8
456.6	136.4
476.0	141.2
495.8	146.2
515.7	151.2
536.0	156.5
556.5	161.8
577.2	167.4
598.0	182.2
619.2	188.5
640.5	195.0
662.1	201.6
683.9	208.5
705.9	215.6
 
 
E/N (Td)	# of iterations
0.1872	477.0
0.2272	250.0
0.2608	261.0
0.2889	272.0
0.3130	283.0
0.3342	292.0
0.3530	303.0
0.3699	310.0
0.3850	328.0
0.3988	333.0
0.4114	353.0
0.4209	372.0
0.4314	386.0
0.4409	394.0
0.4497	419.0
0.4580	429.0
0.4656	436.0
0.4727	449.0
0.4794	474.0
0.4857	480.0
0.4915	503.0
0.4971	504.0
0.5023	530.0
0.5072	530.0
0.5119	543.0
0.5163	564.0
0.5206	563.0
0.5246	547.0
0.5285	199.0
0.5323	226.0
0.5359	882.0
0.5394	878.0
0.5429	883.0
0.5463	890.0
0.5496	888.0
0.5530	889.0
0.5562	865.0
0.5595	844.0
0.5628	825.0
0.5662	433.0
0.5695	464.0
0.5729	469.0
0.5764	1026.
0.5799	997.0
0.5836	975.0
0.5873	934.0
0.5911	913.0
0.5951	890.0
0.5992	843.0
0.6035	820.0
0.6080	966.0
0.6126	730.0
0.6174	720.0
0.6224	697.0
0.6277	670.0
0.6332	977.0
0.6390	928.0
0.6451	891.0
0.6515	851.0
0.6582	807.0
0.6654	770.0
0.6730	732.0
0.6810	675.0
0.6895	660.0
0.6986	617.0
0.7084	596.0
0.7189	571.0
0.7302	532.0
0.7423	507.0
0.7556	483.0
0.7699	459.0
0.7856	418.0
0.8028	407.0
0.8217	369.0
0.8424	343.0
0.8653	323.0
0.8907	299.0
0.9187	283.0
0.9497	259.0
0.9842	230.0
1.022	213.0
1.065	197.0
1.111	179.0
1.163	172.0
1.220	145.0
1.283	137.0
1.352	121.0
1.428	116.0
1.511	107.0
1.602	100.0
1.700	96.00
1.808	66.00
1.924	72.00
2.050	68.00
2.186	87.00
2.333	84.00
2.490	88.00
2.660	82.00
2.841	84.00
3.036	70.00
3.243	69.00
3.465	68.00
3.701	46.00
3.953	69.00
4.220	67.00
4.504	68.00
4.805	68.00
5.124	65.00
5.462	87.00
5.820	90.00
6.198	90.00
6.597	86.00
7.019	89.00
7.464	85.00
7.933	86.00
8.427	92.00
8.947	90.00
9.495	92.00
10.07	94.00
10.68	93.00
11.31	74.00
11.98	74.00
12.69	76.00
13.43	75.00
14.21	76.00
15.02	76.00
15.88	76.00
16.78	78.00
17.72	78.00
18.72	65.00
19.76	67.00
20.85	65.00
22.00	66.00
23.21	64.00
24.48	63.00
25.81	69.00
27.22	63.00
28.69	63.00
30.24	44.00
31.88	43.00
33.60	42.00
35.41	42.00
37.33	42.00
39.34	41.00
41.48	40.00
43.73	40.00
46.11	39.00
48.63	38.00
51.31	38.00
54.14	25.00
57.15	25.00
60.34	25.00
63.74	24.00
67.36	24.00
71.22	24.00
75.34	24.00
79.73	24.00
84.43	26.00
89.46	60.00
94.84	59.00
100.6	59.00
106.8	62.00
113.4	65.00
120.5	62.00
128.1	66.00
136.2	70.00
144.9	75.00
154.2	85.00
164.1	89.00
174.6	46.00
185.7	104.0
197.4	55.00
209.8	62.00
222.8	65.00
236.4	76.00
250.6	81.00
265.3	84.00
280.6	98.00
296.3	106.0
312.6	125.0
329.2	121.0
346.4	138.0
363.8	146.0
381.7	158.0
399.9	184.0
418.5	181.0
437.4	208.0
456.6	211.0
476.0	228.0
495.8	249.0
515.7	251.0
536.0	260.0
556.5	293.0
577.2	307.0
598.0	307.0
619.2	329.0
640.5	313.0
662.1	336.0
683.9	375.0
705.9	321.0
 
 
E/N (Td)	# of grid trials
0.1872	2.000
0.2272	1.000
0.2608	1.000
0.2889	1.000
0.3130	1.000
0.3342	1.000
0.3530	1.000
0.3699	1.000
0.3850	1.000
0.3988	1.000
0.4114	1.000
0.4209	1.000
0.4314	1.000
0.4409	1.000
0.4497	1.000
0.4580	1.000
0.4656	1.000
0.4727	1.000
0.4794	1.000
0.4857	1.000
0.4915	1.000
0.4971	1.000
0.5023	1.000
0.5072	1.000
0.5119	1.000
0.5163	1.000
0.5206	1.000
0.5246	1.000
0.5285	1.000
0.5323	1.000
0.5359	2.000
0.5394	2.000
0.5429	2.000
0.5463	2.000
0.5496	2.000
0.5530	2.000
0.5562	2.000
0.5595	2.000
0.5628	2.000
0.5662	2.000
0.5695	2.000
0.5729	2.000
0.5764	3.000
0.5799	3.000
0.5836	3.000
0.5873	3.000
0.5911	3.000
0.5951	3.000
0.5992	3.000
0.6035	3.000
0.6080	3.000
0.6126	3.000
0.6174	3.000
0.6224	3.000
0.6277	3.000
0.6332	4.000
0.6390	4.000
0.6451	4.000
0.6515	4.000
0.6582	4.000
0.6654	4.000
0.6730	4.000
0.6810	4.000
0.6895	4.000
0.6986	4.000
0.7084	4.000
0.7189	4.000
0.7302	4.000
0.7423	4.000
0.7556	4.000
0.7699	4.000
0.7856	4.000
0.8028	4.000
0.8217	4.000
0.8424	4.000
0.8653	4.000
0.8907	4.000
0.9187	4.000
0.9497	4.000
0.9842	4.000
1.022	4.000
1.065	4.000
1.111	4.000
1.163	4.000
1.220	4.000
1.283	4.000
1.352	4.000
1.428	4.000
1.511	4.000
1.602	4.000
1.700	4.000
1.808	4.000
1.924	4.000
2.050	4.000
2.186	4.000
2.333	4.000
2.490	4.000
2.660	4.000
2.841	4.000
3.036	4.000
3.243	4.000
3.465	4.000
3.701	4.000
3.953	4.000
4.220	4.000
4.504	4.000
4.805	4.000
5.124	4.000
5.462	4.000
5.820	4.000
6.198	4.000
6.597	4.000
7.019	4.000
7.464	4.000
7.933	4.000
8.427	4.000
8.947	4.000
9.495	4.000
10.07	4.000
10.68	4.000
11.31	4.000
11.98	4.000
12.69	4.000
13.43	4.000
14.21	4.000
15.02	4.000
15.88	4.000
16.78	4.000
17.72	4.000
18.72	3.000
19.76	3.000
20.85	3.000
22.00	3.000
23.21	3.000
24.48	3.000
25.81	3.000
27.22	3.000
28.69	3.000
30.24	3.000
31.88	3.000
33.60	3.000
35.41	3.000
37.33	3.000
39.34	3.000
41.48	3.000
43.73	3.000
46.11	3.000
48.63	3.000
51.31	3.000
54.14	2.000
57.15	2.000
60.34	2.000
63.74	2.000
67.36	2.000
71.22	2.000
75.34	2.000
79.73	2.000
84.43	2.000
89.46	2.000
94.84	2.000
100.6	2.000
106.8	2.000
113.4	2.000
120.5	2.000
128.1	2.000
136.2	2.000
144.9	2.000
154.2	2.000
164.1	2.000
174.6	1.000
185.7	2.000
197.4	1.000
209.8	1.000
222.8	1.000
236.4	1.000
250.6	1.000
265.3	1.000
280.6	1.000
296.3	1.000
312.6	1.000
329.2	1.000
346.4	1.000
363.8	1.000
381.7	1.000
399.9	1.000
418.5	1.000
437.4	1.000
456.6	1.000
476.0	1.000
495.8	1.000
515.7	1.000
536.0	1.000
556.5	1.000
577.2	1.000
598.0	1.000
619.2	1.000
640.5	1.000
662.1	1.000
683.9	1.000
705.9	1.000
 
 
C1    Ar    Elastic                                             
E/N (Td)	Rate coefficient (m3/s)
0.1872	0.2363E-14
0.2272	0.2421E-14
0.2608	0.2482E-14
0.2889	0.2544E-14
0.3130	0.2609E-14
0.3342	0.2676E-14
0.3530	0.2745E-14
0.3699	0.2816E-14
0.3850	0.2890E-14
0.3988	0.2965E-14
0.4114	0.3043E-14
0.4209	0.3124E-14
0.4314	0.3207E-14
0.4409	0.3292E-14
0.4497	0.3380E-14
0.4580	0.3471E-14
0.4656	0.3564E-14
0.4727	0.3660E-14
0.4794	0.3759E-14
0.4857	0.3861E-14
0.4915	0.3966E-14
0.4971	0.4073E-14
0.5023	0.4184E-14
0.5072	0.4298E-14
0.5119	0.4415E-14
0.5163	0.4536E-14
0.5206	0.4660E-14
0.5246	0.4787E-14
0.5285	0.4918E-14
0.5323	0.5052E-14
0.5359	0.5190E-14
0.5394	0.5332E-14
0.5429	0.5478E-14
0.5463	0.5628E-14
0.5496	0.5782E-14
0.5530	0.5940E-14
0.5562	0.6103E-14
0.5595	0.6270E-14
0.5628	0.6442E-14
0.5662	0.6618E-14
0.5695	0.6799E-14
0.5729	0.6985E-14
0.5764	0.7177E-14
0.5799	0.7372E-14
0.5836	0.7573E-14
0.5873	0.7780E-14
0.5911	0.7993E-14
0.5951	0.8211E-14
0.5992	0.8436E-14
0.6035	0.8666E-14
0.6080	0.8903E-14
0.6126	0.9147E-14
0.6174	0.9397E-14
0.6224	0.9653E-14
0.6277	0.9917E-14
0.6332	0.1019E-13
0.6390	0.1047E-13
0.6451	0.1075E-13
0.6515	0.1105E-13
0.6582	0.1135E-13
0.6654	0.1166E-13
0.6730	0.1198E-13
0.6810	0.1231E-13
0.6895	0.1265E-13
0.6986	0.1299E-13
0.7084	0.1335E-13
0.7189	0.1371E-13
0.7302	0.1409E-13
0.7423	0.1448E-13
0.7556	0.1488E-13
0.7699	0.1528E-13
0.7856	0.1570E-13
0.8028	0.1614E-13
0.8217	0.1658E-13
0.8424	0.1704E-13
0.8653	0.1751E-13
0.8907	0.1799E-13
0.9187	0.1848E-13
0.9497	0.1899E-13
0.9842	0.1952E-13
1.022	0.2006E-13
1.065	0.2061E-13
1.111	0.2118E-13
1.163	0.2176E-13
1.220	0.2236E-13
1.283	0.2298E-13
1.352	0.2362E-13
1.428	0.2427E-13
1.511	0.2494E-13
1.602	0.2562E-13
1.700	0.2633E-13
1.808	0.2705E-13
1.924	0.2780E-13
2.050	0.2856E-13
2.186	0.2935E-13
2.333	0.3015E-13
2.490	0.3098E-13
2.660	0.3182E-13
2.841	0.3269E-13
3.036	0.3358E-13
3.243	0.3450E-13
3.465	0.3543E-13
3.701	0.3639E-13
3.953	0.3738E-13
4.220	0.3838E-13
4.504	0.3942E-13
4.805	0.4047E-13
5.124	0.4156E-13
5.462	0.4267E-13
5.820	0.4380E-13
6.198	0.4496E-13
6.597	0.4615E-13
7.019	0.4737E-13
7.464	0.4861E-13
7.933	0.4988E-13
8.427	0.5118E-13
8.947	0.5251E-13
9.495	0.5387E-13
10.07	0.5525E-13
10.68	0.5667E-13
11.31	0.5812E-13
11.98	0.5959E-13
12.69	0.6110E-13
13.43	0.6264E-13
14.21	0.6421E-13
15.02	0.6581E-13
15.88	0.6745E-13
16.78	0.6912E-13
17.72	0.7082E-13
18.72	0.7255E-13
19.76	0.7432E-13
20.85	0.7612E-13
22.00	0.7795E-13
23.21	0.7982E-13
24.48	0.8172E-13
25.81	0.8366E-13
27.22	0.8563E-13
28.69	0.8764E-13
30.24	0.8968E-13
31.88	0.9176E-13
33.60	0.9387E-13
35.41	0.9602E-13
37.33	0.9821E-13
39.34	0.1004E-12
41.48	0.1027E-12
43.73	0.1050E-12
46.11	0.1073E-12
48.63	0.1097E-12
51.31	0.1121E-12
54.14	0.1145E-12
57.15	0.1169E-12
60.34	0.1194E-12
63.74	0.1220E-12
67.36	0.1245E-12
71.22	0.1271E-12
75.34	0.1297E-12
79.73	0.1323E-12
84.43	0.1350E-12
89.46	0.1376E-12
94.84	0.1403E-12
100.6	0.1430E-12
106.8	0.1457E-12
113.4	0.1484E-12
120.5	0.1511E-12
128.1	0.1537E-12
136.2	0.1564E-12
144.9	0.1590E-12
154.2	0.1616E-12
164.1	0.1641E-12
174.6	0.1666E-12
185.7	0.1691E-12
197.4	0.1715E-12
209.8	0.1738E-12
222.8	0.1761E-12
236.4	0.1783E-12
250.6	0.1805E-12
265.3	0.1825E-12
280.6	0.1845E-12
296.3	0.1865E-12
312.6	0.1883E-12
329.2	0.1901E-12
346.4	0.1918E-12
363.8	0.1935E-12
381.7	0.1951E-12
399.9	0.1966E-12
418.5	0.1981E-12
437.4	0.1995E-12
456.6	0.2008E-12
476.0	0.2021E-12
495.8	0.2034E-12
515.7	0.2045E-12
536.0	0.2057E-12
556.5	0.2067E-12
577.2	0.2077E-12
598.0	0.2087E-12
619.2	0.2096E-12
640.5	0.2105E-12
662.1	0.2113E-12
683.9	0.2121E-12
705.9	0.2128E-12
 
 
C2    Ar    Excitation    11.55 eV                              
E/N (Td)	Rate coefficient (m3/s)
0.1872	0.000
0.2272	0.000
0.2608	0.000
0.2889	0.000
0.3130	0.000
0.3342	0.000
0.3530	0.000
0.3699	0.000
0.3850	0.000
0.3988	0.000
0.4114	0.000
0.4209	0.000
0.4314	0.000
0.4409	0.000
0.4497	0.000
0.4580	0.000
0.4656	0.000
0.4727	0.000
0.4794	0.000
0.4857	0.000
0.4915	0.000
0.4971	0.000
0.5023	0.000
0.5072	0.000
0.5119	0.000
0.5163	0.000
0.5206	0.000
0.5246	0.000
0.5285	0.000
0.5323	0.000
0.5359	0.6374E-26
0.5394	0.1011E-25
0.5429	0.1588E-25
0.5463	0.2473E-25
0.5496	0.3821E-25
0.5530	0.5855E-25
0.5562	0.8902E-25
0.5595	0.1344E-24
0.5628	0.2014E-24
0.5662	0.2996E-24
0.5695	0.4428E-24
0.5729	0.6508E-24
0.5764	0.1767E-23
0.5799	0.2538E-23
0.5836	0.3632E-23
0.5873	0.5164E-23
0.5911	0.7300E-23
0.5951	0.1026E-22
0.5992	0.1433E-22
0.6035	0.1991E-22
0.6080	0.2751E-22
0.6126	0.3780E-22
0.6174	0.5167E-22
0.6224	0.7024E-22
0.6277	0.9499E-22
0.6332	0.1286E-21
0.6390	0.1721E-21
0.6451	0.2292E-21
0.6515	0.3038E-21
0.6582	0.4007E-21
0.6654	0.5260E-21
0.6730	0.6872E-21
0.6810	0.8938E-21
0.6895	0.1157E-20
0.6986	0.1491E-20
0.7084	0.1914E-20
0.7189	0.2445E-20
0.7302	0.3111E-20
0.7423	0.3942E-20
0.7556	0.4974E-20
0.7699	0.6250E-20
0.7856	0.7823E-20
0.8028	0.9753E-20
0.8217	0.1211E-19
0.8424	0.1499E-19
0.8653	0.1847E-19
0.8907	0.2269E-19
0.9187	0.2776E-19
0.9497	0.3385E-19
0.9842	0.4113E-19
1.022	0.4981E-19
1.065	0.6011E-19
1.111	0.7230E-19
1.163	0.8667E-19
1.220	0.1036E-18
1.283	0.1234E-18
1.352	0.1465E-18
1.428	0.1735E-18
1.511	0.2048E-18
1.602	0.2410E-18
1.700	0.2828E-18
1.808	0.3309E-18
1.924	0.3861E-18
2.050	0.4493E-18
2.186	0.5214E-18
2.333	0.6034E-18
2.490	0.6966E-18
2.660	0.8022E-18
2.841	0.9214E-18
3.036	0.1056E-17
3.243	0.1207E-17
3.465	0.1376E-17
3.701	0.1566E-17
3.953	0.1778E-17
4.220	0.2014E-17
4.504	0.2276E-17
4.805	0.2567E-17
5.124	0.2890E-17
5.462	0.3246E-17
5.820	0.3639E-17
6.198	0.4072E-17
6.597	0.4548E-17
7.019	0.5070E-17
7.464	0.5642E-17
7.933	0.6268E-17
8.427	0.6952E-17
8.947	0.7697E-17
9.495	0.8508E-17
10.07	0.9390E-17
10.68	0.1035E-16
11.31	0.1139E-16
11.98	0.1251E-16
12.69	0.1373E-16
13.43	0.1504E-16
14.21	0.1646E-16
15.02	0.1799E-16
15.88	0.1964E-16
16.78	0.2141E-16
17.72	0.2332E-16
18.72	0.2536E-16
19.76	0.2756E-16
20.85	0.2992E-16
22.00	0.3244E-16
23.21	0.3514E-16
24.48	0.3804E-16
25.81	0.4113E-16
27.22	0.4444E-16
28.69	0.4798E-16
30.24	0.5176E-16
31.88	0.5580E-16
33.60	0.6011E-16
35.41	0.6471E-16
37.33	0.6963E-16
39.34	0.7487E-16
41.48	0.8048E-16
43.73	0.8646E-16
46.11	0.9284E-16
48.63	0.9967E-16
51.31	0.1070E-15
54.14	0.1147E-15
57.15	0.1231E-15
60.34	0.1320E-15
63.74	0.1415E-15
67.36	0.1517E-15
71.22	0.1627E-15
75.34	0.1744E-15
79.73	0.1870E-15
84.43	0.2006E-15
89.46	0.2151E-15
94.84	0.2307E-15
100.6	0.2475E-15
106.8	0.2655E-15
113.4	0.2849E-15
120.5	0.3058E-15
128.1	0.3281E-15
136.2	0.3521E-15
144.9	0.3777E-15
154.2	0.4051E-15
164.1	0.4343E-15
174.6	0.4654E-15
185.7	0.4983E-15
197.4	0.5331E-15
209.8	0.5697E-15
222.8	0.6081E-15
236.4	0.6482E-15
250.6	0.6901E-15
265.3	0.7336E-15
280.6	0.7786E-15
296.3	0.8252E-15
312.6	0.8731E-15
329.2	0.9224E-15
346.4	0.9731E-15
363.8	0.1025E-14
381.7	0.1078E-14
399.9	0.1132E-14
418.5	0.1188E-14
437.4	0.1244E-14
456.6	0.1302E-14
476.0	0.1360E-14
495.8	0.1420E-14
515.7	0.1481E-14
536.0	0.1542E-14
556.5	0.1605E-14
577.2	0.1669E-14
598.0	0.1733E-14
619.2	0.1798E-14
640.5	0.1865E-14
662.1	0.1932E-14
683.9	0.2000E-14
705.9	0.2069E-14
 
 
C3    Ar    Excitation    13.00 eV                              
E/N (Td)	Rate coefficient (m3/s)
0.1872	0.000
0.2272	0.000
0.2608	0.000
0.2889	0.000
0.3130	0.000
0.3342	0.000
0.3530	0.000
0.3699	0.000
0.3850	0.000
0.3988	0.000
0.4114	0.000
0.4209	0.000
0.4314	0.000
0.4409	0.000
0.4497	0.000
0.4580	0.000
0.4656	0.000
0.4727	0.000
0.4794	0.000
0.4857	0.000
0.4915	0.000
0.4971	0.000
0.5023	0.000
0.5072	0.000
0.5119	0.000
0.5163	0.000
0.5206	0.000
0.5246	0.000
0.5285	0.000
0.5323	0.000
0.5359	0.000
0.5394	0.000
0.5429	0.000
0.5463	0.000
0.5496	0.000
0.5530	0.000
0.5562	0.000
0.5595	0.000
0.5628	0.000
0.5662	0.000
0.5695	0.000
0.5729	0.000
0.5764	0.1578E-24
0.5799	0.2364E-24
0.5836	0.3524E-24
0.5873	0.5217E-24
0.5911	0.7674E-24
0.5951	0.1121E-23
0.5992	0.1628E-23
0.6035	0.2350E-23
0.6080	0.3370E-23
0.6126	0.4803E-23
0.6174	0.6807E-23
0.6224	0.9589E-23
0.6277	0.1343E-22
0.6332	0.1982E-22
0.6390	0.2741E-22
0.6451	0.3768E-22
0.6515	0.5152E-22
0.6582	0.7006E-22
0.6654	0.9477E-22
0.6730	0.1275E-21
0.6810	0.1707E-21
0.6895	0.2273E-21
0.6986	0.3013E-21
0.7084	0.3973E-21
0.7189	0.5214E-21
0.7302	0.6811E-21
0.7423	0.8854E-21
0.7556	0.1146E-20
0.7699	0.1476E-20
0.7856	0.1893E-20
0.8028	0.2418E-20
0.8217	0.3074E-20
0.8424	0.3892E-20
0.8653	0.4907E-20
0.8907	0.6162E-20
0.9187	0.7708E-20
0.9497	0.9602E-20
0.9842	0.1192E-19
1.022	0.1473E-19
1.065	0.1814E-19
1.111	0.2226E-19
1.163	0.2722E-19
1.220	0.3316E-19
1.283	0.4026E-19
1.352	0.4871E-19
1.428	0.5873E-19
1.511	0.7058E-19
1.602	0.8454E-19
1.700	0.1009E-18
1.808	0.1202E-18
1.924	0.1426E-18
2.050	0.1687E-18
2.186	0.1990E-18
2.333	0.2340E-18
2.490	0.2744E-18
2.660	0.3210E-18
2.841	0.3743E-18
3.036	0.4354E-18
3.243	0.5051E-18
3.465	0.5845E-18
3.701	0.6746E-18
3.953	0.7768E-18
4.220	0.8922E-18
4.504	0.1022E-17
4.805	0.1169E-17
5.124	0.1333E-17
5.462	0.1518E-17
5.820	0.1724E-17
6.198	0.1954E-17
6.597	0.2210E-17
7.019	0.2495E-17
7.464	0.2811E-17
7.933	0.3161E-17
8.427	0.3549E-17
8.947	0.3976E-17
9.495	0.4448E-17
10.07	0.4967E-17
10.68	0.5537E-17
11.31	0.6164E-17
11.98	0.6850E-17
12.69	0.7602E-17
13.43	0.8424E-17
14.21	0.9321E-17
15.02	0.1030E-16
15.88	0.1137E-16
16.78	0.1253E-16
17.72	0.1380E-16
18.72	0.1517E-16
19.76	0.1666E-16
20.85	0.1828E-16
22.00	0.2004E-16
23.21	0.2194E-16
24.48	0.2401E-16
25.81	0.2624E-16
27.22	0.2866E-16
28.69	0.3128E-16
30.24	0.3411E-16
31.88	0.3718E-16
33.60	0.4049E-16
35.41	0.4407E-16
37.33	0.4795E-16
39.34	0.5215E-16
41.48	0.5669E-16
43.73	0.6161E-16
46.11	0.6694E-16
48.63	0.7272E-16
51.31	0.7899E-16
54.14	0.8580E-16
57.15	0.9319E-16
60.34	0.1012E-15
63.74	0.1100E-15
67.36	0.1195E-15
71.22	0.1300E-15
75.34	0.1413E-15
79.73	0.1538E-15
84.43	0.1674E-15
89.46	0.1824E-15
94.84	0.1988E-15
100.6	0.2169E-15
106.8	0.2367E-15
113.4	0.2585E-15
120.5	0.2825E-15
128.1	0.3089E-15
136.2	0.3379E-15
144.9	0.3697E-15
154.2	0.4046E-15
164.1	0.4427E-15
174.6	0.4843E-15
185.7	0.5294E-15
197.4	0.5783E-15
209.8	0.6310E-15
222.8	0.6875E-15
236.4	0.7480E-15
250.6	0.8124E-15
265.3	0.8806E-15
280.6	0.9526E-15
296.3	0.1028E-14
312.6	0.1108E-14
329.2	0.1191E-14
346.4	0.1277E-14
363.8	0.1366E-14
381.7	0.1459E-14
399.9	0.1554E-14
418.5	0.1653E-14
437.4	0.1754E-14
456.6	0.1859E-14
476.0	0.1965E-14
495.8	0.2074E-14
515.7	0.2185E-14
536.0	0.2300E-14
556.5	0.2416E-14
577.2	0.2534E-14
598.0	0.2653E-14
619.2	0.2775E-14
640.5	0.2898E-14
662.1	0.3024E-14
683.9	0.3151E-14
705.9	0.3279E-14
 
 
C4    Ar    Excitation    14.00 eV                              
E/N (Td)	Rate coefficient (m3/s)
0.1872	0.000
0.2272	0.000
0.2608	0.000
0.2889	0.000
0.3130	0.000
0.3342	0.000
0.3530	0.000
0.3699	0.000
0.3850	0.000
0.3988	0.000
0.4114	0.000
0.4209	0.000
0.4314	0.000
0.4409	0.000
0.4497	0.000
0.4580	0.000
0.4656	0.000
0.4727	0.000
0.4794	0.000
0.4857	0.000
0.4915	0.000
0.4971	0.000
0.5023	0.000
0.5072	0.000
0.5119	0.000
0.5163	0.000
0.5206	0.000
0.5246	0.000
0.5285	0.000
0.5323	0.000
0.5359	0.000
0.5394	0.000
0.5429	0.000
0.5463	0.000
0.5496	0.000
0.5530	0.000
0.5562	0.000
0.5595	0.000
0.5628	0.000
0.5662	0.000
0.5695	0.000
0.5729	0.000
0.5764	0.5769E-26
0.5799	0.9035E-26
0.5836	0.1408E-25
0.5873	0.2176E-25
0.5911	0.3340E-25
0.5951	0.5089E-25
0.5992	0.7701E-25
0.6035	0.1157E-24
0.6080	0.1728E-24
0.6126	0.2564E-24
0.6174	0.3779E-24
0.6224	0.5536E-24
0.6277	0.8060E-24
0.6332	0.1597E-23
0.6390	0.2261E-23
0.6451	0.3183E-23
0.6515	0.4454E-23
0.6582	0.6196E-23
0.6654	0.8570E-23
0.6730	0.1179E-22
0.6810	0.1612E-22
0.6895	0.2193E-22
0.6986	0.2968E-22
0.7084	0.3994E-22
0.7189	0.5348E-22
0.7302	0.7124E-22
0.7423	0.9442E-22
0.7556	0.1245E-21
0.7699	0.1635E-21
0.7856	0.2135E-21
0.8028	0.2776E-21
0.8217	0.3593E-21
0.8424	0.4628E-21
0.8653	0.5936E-21
0.8907	0.7580E-21
0.9187	0.9637E-21
0.9497	0.1220E-20
0.9842	0.1538E-20
1.022	0.1932E-20
1.065	0.2416E-20
1.111	0.3009E-20
1.163	0.3734E-20
1.220	0.4616E-20
1.283	0.5684E-20
1.352	0.6974E-20
1.428	0.8526E-20
1.511	0.1039E-19
1.602	0.1261E-19
1.700	0.1525E-19
1.808	0.1839E-19
1.924	0.2210E-19
2.050	0.2647E-19
2.186	0.3160E-19
2.333	0.3762E-19
2.490	0.4464E-19
2.660	0.5282E-19
2.841	0.6230E-19
3.036	0.7329E-19
3.243	0.8596E-19
3.465	0.1006E-18
3.701	0.1173E-18
3.953	0.1365E-18
4.220	0.1584E-18
4.504	0.1834E-18
4.805	0.2118E-18
5.124	0.2440E-18
5.462	0.2804E-18
5.820	0.3216E-18
6.198	0.3679E-18
6.597	0.4201E-18
7.019	0.4786E-18
7.464	0.5441E-18
7.933	0.6174E-18
8.427	0.6992E-18
8.947	0.7902E-18
9.495	0.8916E-18
10.07	0.1004E-17
10.68	0.1129E-17
11.31	0.1267E-17
11.98	0.1420E-17
12.69	0.1588E-17
13.43	0.1774E-17
14.21	0.1979E-17
15.02	0.2204E-17
15.88	0.2451E-17
16.78	0.2722E-17
17.72	0.3020E-17
18.72	0.3347E-17
19.76	0.3704E-17
20.85	0.4094E-17
22.00	0.4521E-17
23.21	0.4988E-17
24.48	0.5497E-17
25.81	0.6053E-17
27.22	0.6660E-17
28.69	0.7322E-17
30.24	0.8044E-17
31.88	0.8831E-17
33.60	0.9689E-17
35.41	0.1063E-16
37.33	0.1165E-16
39.34	0.1276E-16
41.48	0.1398E-16
43.73	0.1530E-16
46.11	0.1675E-16
48.63	0.1834E-16
51.31	0.2008E-16
54.14	0.2198E-16
57.15	0.2407E-16
60.34	0.2636E-16
63.74	0.2888E-16
67.36	0.3165E-16
71.22	0.3470E-16
75.34	0.3808E-16
79.73	0.4181E-16
84.43	0.4594E-16
89.46	0.5051E-16
94.84	0.5560E-16
100.6	0.6125E-16
106.8	0.6754E-16
113.4	0.7455E-16
120.5	0.8235E-16
128.1	0.9105E-16
136.2	0.1007E-15
144.9	0.1115E-15
154.2	0.1235E-15
164.1	0.1367E-15
174.6	0.1514E-15
185.7	0.1676E-15
197.4	0.1854E-15
209.8	0.2049E-15
222.8	0.2261E-15
236.4	0.2492E-15
250.6	0.2741E-15
265.3	0.3010E-15
280.6	0.3298E-15
296.3	0.3606E-15
312.6	0.3933E-15
329.2	0.4281E-15
346.4	0.4648E-15
363.8	0.5033E-15
381.7	0.5440E-15
399.9	0.5867E-15
418.5	0.6314E-15
437.4	0.6781E-15
456.6	0.7266E-15
476.0	0.7770E-15
495.8	0.8295E-15
515.7	0.8836E-15
536.0	0.9400E-15
556.5	0.9981E-15
577.2	0.1058E-14
598.0	0.1120E-14
619.2	0.1183E-14
640.5	0.1249E-14
662.1	0.1316E-14
683.9	0.1385E-14
705.9	0.1456E-14
 
 
C5    Ar    Ionization    15.70 eV                              
E/N (Td)	Rate coefficient (m3/s)
0.1872	0.000
0.2272	0.000
0.2608	0.000
0.2889	0.000
0.3130	0.000
0.3342	0.000
0.3530	0.000
0.3699	0.000
0.3850	0.000
0.3988	0.000
0.4114	0.000
0.4209	0.000
0.4314	0.000
0.4409	0.000
0.4497	0.000
0.4580	0.000
0.4656	0.000
0.4727	0.000
0.4794	0.000
0.4857	0.000
0.4915	0.000
0.4971	0.000
0.5023	0.000
0.5072	0.000
0.5119	0.000
0.5163	0.000
0.5206	0.000
0.5246	0.000
0.5285	0.000
0.5323	0.000
0.5359	0.000
0.5394	0.000
0.5429	0.000
0.5463	0.000
0.5496	0.000
0.5530	0.000
0.5562	0.000
0.5595	0.000
0.5628	0.000
0.5662	0.000
0.5695	0.000
0.5729	0.000
0.5764	0.000
0.5799	0.000
0.5836	0.000
0.5873	0.000
0.5911	0.000
0.5951	0.000
0.5992	0.000
0.6035	0.000
0.6080	0.000
0.6126	0.000
0.6174	0.000
0.6224	0.000
0.6277	0.000
0.6332	0.2167E-24
0.6390	0.3210E-24
0.6451	0.4722E-24
0.6515	0.6901E-24
0.6582	0.1002E-23
0.6654	0.1445E-23
0.6730	0.2071E-23
0.6810	0.2950E-23
0.6895	0.4207E-23
0.6986	0.5919E-23
0.7084	0.8279E-23
0.7189	0.1151E-22
0.7302	0.1592E-22
0.7423	0.2189E-22
0.7556	0.2994E-22
0.7699	0.4072E-22
0.7856	0.5509E-22
0.8028	0.7415E-22
0.8217	0.9930E-22
0.8424	0.1323E-21
0.8653	0.1754E-21
0.8907	0.2314E-21
0.9187	0.3038E-21
0.9497	0.3969E-21
0.9842	0.5163E-21
1.022	0.6686E-21
1.065	0.8618E-21
1.111	0.1106E-20
1.163	0.1413E-20
1.220	0.1798E-20
1.283	0.2279E-20
1.352	0.2876E-20
1.428	0.3615E-20
1.511	0.4526E-20
1.602	0.5645E-20
1.700	0.7013E-20
1.808	0.8681E-20
1.924	0.1071E-19
2.050	0.1316E-19
2.186	0.1611E-19
2.333	0.1966E-19
2.490	0.2392E-19
2.660	0.2900E-19
2.841	0.3504E-19
3.036	0.4221E-19
3.243	0.5068E-19
3.465	0.6068E-19
3.701	0.7243E-19
3.953	0.8621E-19
4.220	0.1023E-18
4.504	0.1211E-18
4.805	0.1430E-18
5.124	0.1683E-18
5.462	0.1977E-18
5.820	0.2315E-18
6.198	0.2705E-18
6.597	0.3154E-18
7.019	0.3668E-18
7.464	0.4257E-18
7.933	0.4929E-18
8.427	0.5696E-18
8.947	0.6568E-18
9.495	0.7558E-18
10.07	0.8681E-18
10.68	0.9953E-18
11.31	0.1139E-17
11.98	0.1301E-17
12.69	0.1484E-17
13.43	0.1690E-17
14.21	0.1921E-17
15.02	0.2180E-17
15.88	0.2472E-17
16.78	0.2798E-17
17.72	0.3163E-17
18.72	0.3572E-17
19.76	0.4028E-17
20.85	0.4538E-17
22.00	0.5107E-17
23.21	0.5742E-17
24.48	0.6449E-17
25.81	0.7238E-17
27.22	0.8118E-17
28.69	0.9098E-17
30.24	0.1019E-16
31.88	0.1141E-16
33.60	0.1277E-16
35.41	0.1428E-16
37.33	0.1597E-16
39.34	0.1786E-16
41.48	0.1997E-16
43.73	0.2233E-16
46.11	0.2498E-16
48.63	0.2794E-16
51.31	0.3127E-16
54.14	0.3502E-16
57.15	0.3924E-16
60.34	0.4399E-16
63.74	0.4937E-16
67.36	0.5546E-16
71.22	0.6237E-16
75.34	0.7024E-16
79.73	0.7920E-16
84.43	0.8944E-16
89.46	0.1012E-15
94.84	0.1146E-15
100.6	0.1300E-15
106.8	0.1478E-15
113.4	0.1683E-15
120.5	0.1919E-15
128.1	0.2191E-15
136.2	0.2504E-15
144.9	0.2866E-15
154.2	0.3281E-15
164.1	0.3757E-15
174.6	0.4302E-15
185.7	0.4923E-15
197.4	0.5627E-15
209.8	0.6423E-15
222.8	0.7316E-15
236.4	0.8314E-15
250.6	0.9424E-15
265.3	0.1065E-14
280.6	0.1200E-14
296.3	0.1347E-14
312.6	0.1507E-14
329.2	0.1681E-14
346.4	0.1867E-14
363.8	0.2067E-14
381.7	0.2281E-14
399.9	0.2509E-14
418.5	0.2752E-14
437.4	0.3008E-14
456.6	0.3279E-14
476.0	0.3563E-14
495.8	0.3862E-14
515.7	0.4173E-14
536.0	0.4501E-14
556.5	0.4841E-14
577.2	0.5196E-14
598.0	0.5562E-14
619.2	0.5944E-14
640.5	0.6340E-14
662.1	0.6749E-14
683.9	0.7171E-14
705.9	0.7608E-14
 
 
C6    Ar*    Ionization    4.20 eV                              
E/N (Td)	Rate coefficient (m3/s)
0.1872	0.6562E-20
0.2272	0.8659E-20
0.2608	0.1138E-19
0.2889	0.1488E-19
0.3130	0.1938E-19
0.3342	0.2513E-19
0.3530	0.3244E-19
0.3699	0.4172E-19
0.3850	0.5342E-19
0.3988	0.6814E-19
0.4114	0.8658E-19
0.4209	0.1096E-18
0.4314	0.1383E-18
0.4409	0.1733E-18
0.4497	0.2169E-18
0.4580	0.2705E-18
0.4656	0.3362E-18
0.4727	0.4163E-18
0.4794	0.5138E-18
0.4857	0.6319E-18
0.4915	0.7746E-18
0.4971	0.9464E-18
0.5023	0.1153E-17
0.5072	0.1400E-17
0.5119	0.1694E-17
0.5163	0.2044E-17
0.5206	0.2459E-17
0.5246	0.2950E-17
0.5285	0.3528E-17
0.5323	0.4207E-17
0.5359	0.5004E-17
0.5394	0.5935E-17
0.5429	0.7020E-17
0.5463	0.8281E-17
0.5496	0.9743E-17
0.5530	0.1143E-16
0.5562	0.1338E-16
0.5595	0.1563E-16
0.5628	0.1820E-16
0.5662	0.2115E-16
0.5695	0.2452E-16
0.5729	0.2836E-16
0.5764	0.3274E-16
0.5799	0.3767E-16
0.5836	0.4327E-16
0.5873	0.4959E-16
0.5911	0.5672E-16
0.5951	0.6474E-16
0.5992	0.7373E-16
0.6035	0.8381E-16
0.6080	0.9506E-16
0.6126	0.1076E-15
0.6174	0.1216E-15
0.6224	0.1371E-15
0.6277	0.1544E-15
0.6332	0.1734E-15
0.6390	0.1945E-15
0.6451	0.2177E-15
0.6515	0.2433E-15
0.6582	0.2714E-15
0.6654	0.3023E-15
0.6730	0.3361E-15
0.6810	0.3730E-15
0.6895	0.4133E-15
0.6986	0.4573E-15
0.7084	0.5051E-15
0.7189	0.5571E-15
0.7302	0.6134E-15
0.7423	0.6745E-15
0.7556	0.7405E-15
0.7699	0.8118E-15
0.7856	0.8887E-15
0.8028	0.9715E-15
0.8217	0.1061E-14
0.8424	0.1156E-14
0.8653	0.1259E-14
0.8907	0.1368E-14
0.9187	0.1486E-14
0.9497	0.1611E-14
0.9842	0.1745E-14
1.022	0.1887E-14
1.065	0.2039E-14
1.111	0.2200E-14
1.163	0.2371E-14
1.220	0.2553E-14
1.283	0.2745E-14
1.352	0.2948E-14
1.428	0.3162E-14
1.511	0.3389E-14
1.602	0.3627E-14
1.700	0.3878E-14
1.808	0.4143E-14
1.924	0.4420E-14
2.050	0.4712E-14
2.186	0.5018E-14
2.333	0.5338E-14
2.490	0.5673E-14
2.660	0.6023E-14
2.841	0.6389E-14
3.036	0.6771E-14
3.243	0.7170E-14
3.465	0.7584E-14
3.701	0.8016E-14
3.953	0.8466E-14
4.220	0.8932E-14
4.504	0.9417E-14
4.805	0.9920E-14
5.124	0.1044E-13
5.462	0.1098E-13
5.820	0.1154E-13
6.198	0.1212E-13
6.597	0.1272E-13
7.019	0.1334E-13
7.464	0.1398E-13
7.933	0.1463E-13
8.427	0.1531E-13
8.947	0.1601E-13
9.495	0.1674E-13
10.07	0.1748E-13
10.68	0.1824E-13
11.31	0.1903E-13
11.98	0.1984E-13
12.69	0.2067E-13
13.43	0.2152E-13
14.21	0.2240E-13
15.02	0.2329E-13
15.88	0.2422E-13
16.78	0.2516E-13
17.72	0.2613E-13
18.72	0.2712E-13
19.76	0.2814E-13
20.85	0.2918E-13
22.00	0.3024E-13
23.21	0.3133E-13
24.48	0.3244E-13
25.81	0.3358E-13
27.22	0.3474E-13
28.69	0.3593E-13
30.24	0.3714E-13
31.88	0.3838E-13
33.60	0.3964E-13
35.41	0.4093E-13
37.33	0.4225E-13
39.34	0.4359E-13
41.48	0.4496E-13
43.73	0.4635E-13
46.11	0.4777E-13
48.63	0.4921E-13
51.31	0.5068E-13
54.14	0.5218E-13
57.15	0.5370E-13
60.34	0.5524E-13
63.74	0.5681E-13
67.36	0.5841E-13
71.22	0.6002E-13
75.34	0.6166E-13
79.73	0.6332E-13
84.43	0.6500E-13
89.46	0.6670E-13
94.84	0.6842E-13
100.6	0.7015E-13
106.8	0.7190E-13
113.4	0.7365E-13
120.5	0.7542E-13
128.1	0.7719E-13
136.2	0.7897E-13
144.9	0.8075E-13
154.2	0.8252E-13
164.1	0.8429E-13
174.6	0.8606E-13
185.7	0.8781E-13
197.4	0.8956E-13
209.8	0.9129E-13
222.8	0.9302E-13
236.4	0.9472E-13
250.6	0.9642E-13
265.3	0.9810E-13
280.6	0.9976E-13
296.3	0.1014E-12
312.6	0.1031E-12
329.2	0.1047E-12
346.4	0.1063E-12
363.8	0.1079E-12
381.7	0.1095E-12
399.9	0.1110E-12
418.5	0.1126E-12
437.4	0.1142E-12
456.6	0.1157E-12
476.0	0.1172E-12
495.8	0.1187E-12
515.7	0.1202E-12
536.0	0.1217E-12
556.5	0.1232E-12
577.2	0.1247E-12
598.0	0.1262E-12
619.2	0.1276E-12
640.5	0.1291E-12
662.1	0.1305E-12
683.9	0.1319E-12
705.9	0.1333E-12
 
 
Ar                                                              
E/N (Td)	Inelastic energy loss coefficient (eV m3/s)
0.1872	-0.9131E-33
0.2272	-0.9218E-33
0.2608	-0.9307E-33
0.2889	-0.9396E-33
0.3130	-0.9486E-33
0.3342	-0.9578E-33
0.3530	-0.9670E-33
0.3699	-0.9763E-33
0.3850	-0.9857E-33
0.3988	-0.9952E-33
0.4114	-0.1005E-32
0.4209	-0.1015E-32
0.4314	-0.1024E-32
0.4409	-0.1034E-32
0.4497	-0.1044E-32
0.4580	-0.1055E-32
0.4656	-0.1065E-32
0.4727	-0.1075E-32
0.4794	-0.1086E-32
0.4857	-0.1096E-32
0.4915	-0.1107E-32
0.4971	-0.1118E-32
0.5023	-0.1129E-32
0.5072	-0.1140E-32
0.5119	-0.1151E-32
0.5163	-0.1163E-32
0.5206	-0.1174E-32
0.5246	-0.1186E-32
0.5285	-0.1198E-32
0.5323	-0.1209E-32
0.5359	0.7362E-25
0.5394	0.1167E-24
0.5429	0.1834E-24
0.5463	0.2857E-24
0.5496	0.4413E-24
0.5530	0.6762E-24
0.5562	0.1028E-23
0.5595	0.1552E-23
0.5628	0.2326E-23
0.5662	0.3461E-23
0.5695	0.5115E-23
0.5729	0.7517E-23
0.5764	0.2254E-22
0.5799	0.3252E-22
0.5836	0.4672E-22
0.5873	0.6673E-22
0.5911	0.9476E-22
0.5951	0.1338E-21
0.5992	0.1878E-21
0.6035	0.2622E-21
0.6080	0.3640E-21
0.6126	0.5027E-21
0.6174	0.6905E-21
0.6224	0.9437E-21
0.6277	0.1283E-20
0.6332	0.1768E-20
0.6390	0.2381E-20
0.6451	0.3189E-20
0.6515	0.4252E-20
0.6582	0.5641E-20
0.6654	0.7450E-20
0.6730	0.9793E-20
0.6810	0.1281E-19
0.6895	0.1669E-19
0.6986	0.2165E-19
0.7084	0.2796E-19
0.7189	0.3595E-19
0.7302	0.4604E-19
0.7423	0.5871E-19
0.7556	0.7456E-19
0.7699	0.9431E-19
0.7856	0.1188E-18
0.8028	0.1491E-18
0.8217	0.1865E-18
0.8424	0.2323E-18
0.8653	0.2882E-18
0.8907	0.3564E-18
0.9187	0.4391E-18
0.9497	0.5391E-18
0.9842	0.6596E-18
1.022	0.8043E-18
1.065	0.9775E-18
1.111	0.1184E-17
1.163	0.1429E-17
1.220	0.1720E-17
1.283	0.2064E-17
1.352	0.2468E-17
1.428	0.2943E-17
1.511	0.3499E-17
1.602	0.4147E-17
1.700	0.4902E-17
1.808	0.5778E-17
1.924	0.6790E-17
2.050	0.7959E-17
2.186	0.9304E-17
2.333	0.1085E-16
2.490	0.1261E-16
2.660	0.1463E-16
2.841	0.1693E-16
3.036	0.1954E-16
3.243	0.2251E-16
3.465	0.2586E-16
3.701	0.2964E-16
3.953	0.3390E-16
4.220	0.3868E-16
4.504	0.4405E-16
4.805	0.5006E-16
5.124	0.5677E-16
5.462	0.6425E-16
5.820	0.7258E-16
6.198	0.8183E-16
6.597	0.9210E-16
7.019	0.1035E-15
7.464	0.1160E-15
7.933	0.1299E-15
8.427	0.1452E-15
8.947	0.1620E-15
9.495	0.1804E-15
10.07	0.2007E-15
10.68	0.2229E-15
11.31	0.2473E-15
11.98	0.2739E-15
12.69	0.3029E-15
13.43	0.3346E-15
14.21	0.3692E-15
15.02	0.4068E-15
15.88	0.4477E-15
16.78	0.4922E-15
17.72	0.5406E-15
18.72	0.5931E-15
19.76	0.6500E-15
20.85	0.7118E-15
22.00	0.7787E-15
23.21	0.8512E-15
24.48	0.9297E-15
25.81	0.1015E-14
27.22	0.1107E-14
28.69	0.1206E-14
30.24	0.1314E-14
31.88	0.1431E-14
33.60	0.1557E-14
35.41	0.1693E-14
37.33	0.1841E-14
39.34	0.2002E-14
41.48	0.2176E-14
43.73	0.2365E-14
46.11	0.2569E-14
48.63	0.2792E-14
51.31	0.3034E-14
54.14	0.3298E-14
57.15	0.3586E-14
60.34	0.3900E-14
63.74	0.4244E-14
67.36	0.4621E-14
71.22	0.5034E-14
75.34	0.5488E-14
79.73	0.5989E-14
84.43	0.6541E-14
89.46	0.7151E-14
94.84	0.7827E-14
100.6	0.8577E-14
106.8	0.9410E-14
113.4	0.1034E-13
120.5	0.1137E-13
128.1	0.1252E-13
136.2	0.1380E-13
144.9	0.1523E-13
154.2	0.1682E-13
164.1	0.1859E-13
174.6	0.2055E-13
185.7	0.2271E-13
197.4	0.2511E-13
209.8	0.2773E-13
222.8	0.3061E-13
236.4	0.3375E-13
250.6	0.3717E-13
265.3	0.4086E-13
280.6	0.4483E-13
296.3	0.4910E-13
312.6	0.5365E-13
329.2	0.5851E-13
346.4	0.6366E-13
363.8	0.6909E-13
381.7	0.7484E-13
399.9	0.8090E-13
418.5	0.8726E-13
437.4	0.9391E-13
456.6	0.1009E-12
476.0	0.1081E-12
495.8	0.1156E-12
515.7	0.1234E-12
536.0	0.1315E-12
556.5	0.1399E-12
577.2	0.1486E-12
598.0	0.1575E-12
619.2	0.1667E-12
640.5	0.1762E-12
662.1	0.1860E-12
683.9	0.1961E-12
705.9	0.2064E-12
 
 
Ar*                                                             
E/N (Td)	Inelastic energy loss coefficient (eV m3/s)
0.1872	0.2756E-19
0.2272	0.3637E-19
0.2608	0.4778E-19
0.2889	0.6249E-19
0.3130	0.8138E-19
0.3342	0.1055E-18
0.3530	0.1363E-18
0.3699	0.1752E-18
0.3850	0.2244E-18
0.3988	0.2862E-18
0.4114	0.3636E-18
0.4209	0.4603E-18
0.4314	0.5807E-18
0.4409	0.7280E-18
0.4497	0.9111E-18
0.4580	0.1136E-17
0.4656	0.1412E-17
0.4727	0.1748E-17
0.4794	0.2158E-17
0.4857	0.2654E-17
0.4915	0.3253E-17
0.4971	0.3975E-17
0.5023	0.4841E-17
0.5072	0.5878E-17
0.5119	0.7114E-17
0.5163	0.8585E-17
0.5206	0.1033E-16
0.5246	0.1239E-16
0.5285	0.1482E-16
0.5323	0.1767E-16
0.5359	0.2102E-16
0.5394	0.2493E-16
0.5429	0.2948E-16
0.5463	0.3478E-16
0.5496	0.4092E-16
0.5530	0.4802E-16
0.5562	0.5621E-16
0.5595	0.6563E-16
0.5628	0.7645E-16
0.5662	0.8883E-16
0.5695	0.1030E-15
0.5729	0.1191E-15
0.5764	0.1375E-15
0.5799	0.1582E-15
0.5836	0.1817E-15
0.5873	0.2083E-15
0.5911	0.2382E-15
0.5951	0.2719E-15
0.5992	0.3097E-15
0.6035	0.3520E-15
0.6080	0.3993E-15
0.6126	0.4520E-15
0.6174	0.5107E-15
0.6224	0.5760E-15
0.6277	0.6483E-15
0.6332	0.7284E-15
0.6390	0.8169E-15
0.6451	0.9145E-15
0.6515	0.1022E-14
0.6582	0.1140E-14
0.6654	0.1270E-14
0.6730	0.1411E-14
0.6810	0.1567E-14
0.6895	0.1736E-14
0.6986	0.1921E-14
0.7084	0.2121E-14
0.7189	0.2340E-14
0.7302	0.2576E-14
0.7423	0.2833E-14
0.7556	0.3110E-14
0.7699	0.3410E-14
0.7856	0.3732E-14
0.8028	0.4080E-14
0.8217	0.4454E-14
0.8424	0.4856E-14
0.8653	0.5286E-14
0.8907	0.5747E-14
0.9187	0.6240E-14
0.9497	0.6767E-14
0.9842	0.7329E-14
1.022	0.7927E-14
1.065	0.8564E-14
1.111	0.9241E-14
1.163	0.9959E-14
1.220	0.1072E-13
1.283	0.1153E-13
1.352	0.1238E-13
1.428	0.1328E-13
1.511	0.1423E-13
1.602	0.1523E-13
1.700	0.1629E-13
1.808	0.1740E-13
1.924	0.1857E-13
2.050	0.1979E-13
2.186	0.2107E-13
2.333	0.2242E-13
2.490	0.2383E-13
2.660	0.2530E-13
2.841	0.2683E-13
3.036	0.2844E-13
3.243	0.3011E-13
3.465	0.3185E-13
3.701	0.3367E-13
3.953	0.3556E-13
4.220	0.3752E-13
4.504	0.3955E-13
4.805	0.4166E-13
5.124	0.4386E-13
5.462	0.4612E-13
5.820	0.4847E-13
6.198	0.5090E-13
6.597	0.5342E-13
7.019	0.5601E-13
7.464	0.5870E-13
7.933	0.6146E-13
8.427	0.6432E-13
8.947	0.6726E-13
9.495	0.7029E-13
10.07	0.7341E-13
10.68	0.7662E-13
11.31	0.7992E-13
11.98	0.8332E-13
12.69	0.8680E-13
13.43	0.9038E-13
14.21	0.9406E-13
15.02	0.9783E-13
15.88	0.1017E-12
16.78	0.1057E-12
17.72	0.1097E-12
18.72	0.1139E-12
19.76	0.1182E-12
20.85	0.1225E-12
22.00	0.1270E-12
23.21	0.1316E-12
24.48	0.1363E-12
25.81	0.1410E-12
27.22	0.1459E-12
28.69	0.1509E-12
30.24	0.1560E-12
31.88	0.1612E-12
33.60	0.1665E-12
35.41	0.1719E-12
37.33	0.1774E-12
39.34	0.1831E-12
41.48	0.1888E-12
43.73	0.1947E-12
46.11	0.2006E-12
48.63	0.2067E-12
51.31	0.2129E-12
54.14	0.2191E-12
57.15	0.2255E-12
60.34	0.2320E-12
63.74	0.2386E-12
67.36	0.2453E-12
71.22	0.2521E-12
75.34	0.2590E-12
79.73	0.2660E-12
84.43	0.2730E-12
89.46	0.2801E-12
94.84	0.2874E-12
100.6	0.2946E-12
106.8	0.3020E-12
113.4	0.3093E-12
120.5	0.3168E-12
128.1	0.3242E-12
136.2	0.3317E-12
144.9	0.3391E-12
154.2	0.3466E-12
164.1	0.3540E-12
174.6	0.3614E-12
185.7	0.3688E-12
197.4	0.3762E-12
209.8	0.3834E-12
222.8	0.3907E-12
236.4	0.3978E-12
250.6	0.4050E-12
265.3	0.4120E-12
280.6	0.4190E-12
296.3	0.4259E-12
312.6	0.4328E-12
329.2	0.4396E-12
346.4	0.4464E-12
363.8	0.4531E-12
381.7	0.4597E-12
399.9	0.4664E-12
418.5	0.4729E-12
437.4	0.4794E-12
456.6	0.4859E-12
476.0	0.4923E-12
495.8	0.4987E-12
515.7	0.5050E-12
536.0	0.5113E-12
556.5	0.5175E-12
577.2	0.5237E-12
598.0	0.5299E-12
619.2	0.5360E-12
640.5	0.5420E-12
662.1	0.5480E-12
683.9	0.5540E-12
705.9	0.5600E-12
 
 
