BOLSIG+ version: 03/2016
Collision input data:
--------------------------------------------------
Ar                                                              
crs-Biagi_v7.1+step.txt
--------------------------------------------------
Ar*                                                             
crs-Biagi_v7.1+step.txt
 
 
 
Angular frequency / N (m3/s)               0.000    
Cosine of E-B field angle                  0.000    
Gas temperature (K)                       0.1000E+05
Excitation temperature (K)                0.1000E+05
Transition energy (eV)                     0.000    
Ionization degree                          0.000    
Plasma density (1/m3)                     0.8000E+17
Ion charge parameter                       1.000    
Ion/neutral mass ratio                     1.000    
e-e momentum effects                       1.000    
Energy sharing                             1.000    
Growth model                               1.000    
Maxwellian mean energy (eV)                0.000    
# of grid points                           200.0    
Grid type                                  0.000    
Maximum energy                             200.0    
Precision                                 0.1000E-09
Convergence                               0.1000E-03
Maximum # of iterations                    1000.    
Mole fraction Ar                           1.000    
Mole fraction Ar*                         0.1000E-04
 
 
E/N (Td)    	Electric field / N (Td)                                         
0.9537E-06	0.9537E-06
0.9537E-06	0.9537E-06
0.9537E-06	0.9537E-06
0.9537E-06	0.9537E-06
0.9537E-06	0.9537E-06
0.9537E-06	0.9537E-06
0.9537E-06	0.9537E-06
0.9537E-06	0.9537E-06
0.9537E-06	0.9537E-06
0.9537E-06	0.9537E-06
0.9537E-06	0.9537E-06
0.9537E-06	0.9537E-06
0.9537E-06	0.9537E-06
0.9537E-06	0.9537E-06
0.9537E-06	0.9537E-06
0.9537E-06	0.9537E-06
0.9537E-06	0.9537E-06
0.9537E-06	0.9537E-06
0.9537E-06	0.9537E-06
0.9537E-06	0.9537E-06
0.9537E-06	0.9537E-06
0.9537E-06	0.9537E-06
0.9537E-06	0.9537E-06
0.9537E-06	0.9537E-06
0.9537E-06	0.9537E-06
0.9537E-06	0.9537E-06
0.9537E-06	0.9537E-06
0.9537E-06	0.9537E-06
0.9537E-06	0.9537E-06
0.9537E-06	0.9537E-06
0.9537E-06	0.9537E-06
0.9537E-06	0.9537E-06
0.9537E-06	0.9537E-06
0.9537E-06	0.9537E-06
0.9537E-06	0.9537E-06
0.9537E-06	0.9537E-06
0.9537E-06	0.9537E-06
0.9537E-06	0.9537E-06
0.9537E-06	0.9537E-06
0.9537E-06	0.9537E-06
0.9537E-06	0.9537E-06
0.9537E-06	0.9537E-06
0.9537E-06	0.9537E-06
0.9537E-06	0.9537E-06
0.9537E-06	0.9537E-06
0.9537E-06	0.9537E-06
0.9537E-06	0.9537E-06
0.5022E-02	0.5022E-02
0.1250E-01	0.1250E-01
0.2199E-01	0.2199E-01
0.3259E-01	0.3259E-01
0.4400E-01	0.4400E-01
0.5609E-01	0.5609E-01
0.6882E-01	0.6882E-01
0.8224E-01	0.8224E-01
0.9637E-01	0.9637E-01
0.1113	0.1113
0.1270	0.1270
0.1436	0.1436
0.1612	0.1612
0.1798	0.1798
0.1995	0.1995
0.2204	0.2204
0.2426	0.2426
0.2663	0.2663
0.2914	0.2914
0.3181	0.3181
0.3465	0.3465
0.3768	0.3768
0.4091	0.4091
0.4435	0.4435
0.4801	0.4801
0.5192	0.5192
0.5609	0.5609
0.6053	0.6053
0.6527	0.6527
0.7033	0.7033
0.7572	0.7572
0.8148	0.8148
0.8763	0.8763
0.9419	0.9419
1.012	1.012
1.087	1.087
1.166	1.166
1.252	1.252
1.343	1.343
1.440	1.440
1.544	1.544
1.656	1.656
1.776	1.776
1.904	1.904
2.043	2.043
2.192	2.192
2.354	2.354
2.530	2.530
2.724	2.724
2.937	2.937
3.175	3.175
3.444	3.444
3.752	3.752
4.111	4.111
4.540	4.540
5.067	5.067
5.741	5.741
6.641	6.641
7.904	7.904
9.750	9.750
12.46	12.46
16.27	16.27
21.27	21.27
27.46	27.46
34.85	34.85
43.51	43.51
53.48	53.48
64.82	64.82
77.57	77.57
91.72	91.72
107.3	107.3
124.1	124.1
142.2	142.2
161.6	161.6
182.0	182.0
203.4	203.4
225.7	225.7
248.9	248.9
272.9	272.9
297.6	297.6
322.8	322.8
348.8	348.8
375.4	375.4
402.4	402.4
429.8	429.8
457.8	457.8
486.3	486.3
515.2	515.2
544.5	544.5
574.2	574.2
604.4	604.4
634.9	634.9
665.7	665.7
697.0	697.0
728.7	728.7
760.7	760.7
793.2	793.2
826.0	826.0
859.2	859.2
892.8	892.8
926.9	926.9
961.3	961.3
996.1	996.1
1031.	1031.
1067.	1067.
1103.	1103.
1140.	1140.
1177.	1177.
1215.	1215.
1253.	1253.
1291.	1291.
1331.	1331.
1370.	1370.
1411.	1411.
1451.	1451.
1493.	1493.
1535.	1535.
1577.	1577.
1621.	1621.
1664.	1664.
1709.	1709.
1754.	1754.
1800.	1800.
1847.	1847.
1894.	1894.
1942.	1942.
1990.	1990.
2040.	2040.
2090.	2090.
2141.	2141.
2193.	2193.
2246.	2246.
2299.	2299.
2353.	2353.
2408.	2408.
2464.	2464.
2521.	2521.
2579.	2579.
2637.	2637.
2697.	2697.
2757.	2757.
2818.	2818.
2880.	2880.
2944.	2944.
3008.	3008.
3073.	3073.
3139.	3139.
3205.	3205.
3274.	3274.
3342.	3342.
3412.	3412.
3483.	3483.
3555.	3555.
 
 
E/N (Td)	Mean energy (eV)
0.9537E-06	1.233
0.9537E-06	1.233
0.9537E-06	1.233
0.9537E-06	1.233
0.9537E-06	1.233
0.9537E-06	1.233
0.9537E-06	1.233
0.9537E-06	1.233
0.9537E-06	1.233
0.9537E-06	1.233
0.9537E-06	1.233
0.9537E-06	1.233
0.9537E-06	1.233
0.9537E-06	1.233
0.9537E-06	1.233
0.9537E-06	1.233
0.9537E-06	1.233
0.9537E-06	1.233
0.9537E-06	1.233
0.9537E-06	1.233
0.9537E-06	1.233
0.9537E-06	1.233
0.9537E-06	1.233
0.9537E-06	1.233
0.9537E-06	1.233
0.9537E-06	1.233
0.9537E-06	1.233
0.9537E-06	1.233
0.9537E-06	1.233
0.9537E-06	1.233
0.9537E-06	1.233
0.9537E-06	1.233
0.9537E-06	1.233
0.9537E-06	1.233
0.9537E-06	1.233
0.9537E-06	1.233
0.9537E-06	1.233
0.9537E-06	1.233
0.9537E-06	1.233
0.9537E-06	1.233
0.9537E-06	1.233
0.9537E-06	1.233
0.9537E-06	1.233
0.9537E-06	1.233
0.9537E-06	1.233
0.9537E-06	1.233
0.9537E-06	1.233
0.5022E-02	1.251
0.1250E-01	1.282
0.2199E-01	1.313
0.3259E-01	1.346
0.4400E-01	1.379
0.5609E-01	1.413
0.6882E-01	1.447
0.8224E-01	1.483
0.9637E-01	1.519
0.1113	1.556
0.1270	1.595
0.1436	1.634
0.1612	1.674
0.1798	1.715
0.1995	1.757
0.2204	1.800
0.2426	1.845
0.2663	1.890
0.2914	1.936
0.3181	1.984
0.3465	2.033
0.3768	2.082
0.4091	2.134
0.4435	2.186
0.4801	2.240
0.5192	2.295
0.5609	2.351
0.6053	2.409
0.6527	2.468
0.7033	2.529
0.7572	2.591
0.8148	2.654
0.8763	2.720
0.9419	2.786
1.012	2.855
1.087	2.925
1.166	2.997
1.252	3.070
1.343	3.146
1.440	3.223
1.544	3.302
1.656	3.383
1.776	3.466
1.904	3.551
2.043	3.639
2.192	3.728
2.354	3.820
2.530	3.913
2.724	4.009
2.937	4.108
3.175	4.209
3.444	4.312
3.752	4.418
4.111	4.527
4.540	4.638
5.067	4.752
5.741	4.868
6.641	4.988
7.904	5.110
9.750	5.236
12.46	5.364
16.27	5.496
21.27	5.631
27.46	5.770
34.85	5.911
43.51	6.057
53.48	6.205
64.82	6.358
77.57	6.513
91.72	6.674
107.3	6.837
124.1	7.006
142.2	7.178
161.6	7.354
182.0	7.535
203.4	7.720
225.7	7.909
248.9	8.104
272.9	8.303
297.6	8.507
322.8	8.715
348.8	8.930
375.4	9.149
402.4	9.374
429.8	9.604
457.8	9.840
486.3	10.08
515.2	10.33
544.5	10.58
574.2	10.84
604.4	11.11
634.9	11.38
665.7	11.66
697.0	11.95
728.7	12.24
760.7	12.54
793.2	12.85
826.0	13.17
859.2	13.49
892.8	13.82
926.9	14.16
961.3	14.51
996.1	14.86
1031.	15.23
1067.	15.60
1103.	15.99
1140.	16.38
1177.	16.78
1215.	17.19
1253.	17.61
1291.	18.05
1331.	18.49
1370.	18.94
1411.	19.41
1451.	19.89
1493.	20.37
1535.	20.88
1577.	21.39
1621.	21.91
1664.	22.45
1709.	23.00
1754.	23.57
1800.	24.15
1847.	24.74
1894.	25.35
1942.	25.97
1990.	26.61
2040.	27.26
2090.	27.93
2141.	28.62
2193.	29.32
2246.	30.04
2299.	30.78
2353.	31.53
2408.	32.31
2464.	33.10
2521.	33.92
2579.	34.75
2637.	35.60
2697.	36.47
2757.	37.37
2818.	38.29
2880.	39.23
2944.	40.19
3008.	41.18
3073.	42.19
3139.	43.23
3205.	44.29
3274.	45.38
3342.	46.49
3412.	47.63
3483.	48.80
3555.	50.00
 
 
E/N (Td)	Mobility *N (1/m/V/s)
0.9537E-06	0.3102E+26
0.9537E-06	0.3102E+26
0.9537E-06	0.3102E+26
0.9537E-06	0.3102E+26
0.9537E-06	0.3102E+26
0.9537E-06	0.3102E+26
0.9537E-06	0.3102E+26
0.9537E-06	0.3102E+26
0.9537E-06	0.3102E+26
0.9537E-06	0.3102E+26
0.9537E-06	0.3102E+26
0.9537E-06	0.3102E+26
0.9537E-06	0.3102E+26
0.9537E-06	0.3102E+26
0.9537E-06	0.3102E+26
0.9537E-06	0.3102E+26
0.9537E-06	0.3102E+26
0.9537E-06	0.3102E+26
0.9537E-06	0.3102E+26
0.9537E-06	0.3102E+26
0.9537E-06	0.3102E+26
0.9537E-06	0.3102E+26
0.9537E-06	0.3102E+26
0.9537E-06	0.3102E+26
0.9537E-06	0.3102E+26
0.9537E-06	0.3102E+26
0.9537E-06	0.3102E+26
0.9537E-06	0.3102E+26
0.9537E-06	0.3102E+26
0.9537E-06	0.3102E+26
0.9537E-06	0.3102E+26
0.9537E-06	0.3102E+26
0.9537E-06	0.3102E+26
0.9537E-06	0.3102E+26
0.9537E-06	0.3102E+26
0.9537E-06	0.3102E+26
0.9537E-06	0.3102E+26
0.9537E-06	0.3102E+26
0.9537E-06	0.3102E+26
0.9537E-06	0.3102E+26
0.9537E-06	0.3102E+26
0.9537E-06	0.3102E+26
0.9537E-06	0.3102E+26
0.9537E-06	0.3102E+26
0.9537E-06	0.3102E+26
0.9537E-06	0.3102E+26
0.9537E-06	0.3102E+26
0.5022E-02	0.2485E+26
0.1250E-01	0.1848E+26
0.2199E-01	0.1521E+26
0.3259E-01	0.1327E+26
0.4400E-01	0.1193E+26
0.5609E-01	0.1092E+26
0.6882E-01	0.1010E+26
0.8224E-01	0.9412E+25
0.9637E-01	0.8821E+25
0.1113	0.8300E+25
0.1270	0.7834E+25
0.1436	0.7413E+25
0.1612	0.7027E+25
0.1798	0.6671E+25
0.1995	0.6342E+25
0.2204	0.6036E+25
0.2426	0.5749E+25
0.2663	0.5480E+25
0.2914	0.5228E+25
0.3181	0.4990E+25
0.3465	0.4765E+25
0.3768	0.4553E+25
0.4091	0.4351E+25
0.4435	0.4161E+25
0.4801	0.3980E+25
0.5192	0.3808E+25
0.5609	0.3645E+25
0.6053	0.3489E+25
0.6527	0.3341E+25
0.7033	0.3200E+25
0.7572	0.3065E+25
0.8148	0.2937E+25
0.8763	0.2814E+25
0.9419	0.2697E+25
1.012	0.2585E+25
1.087	0.2478E+25
1.166	0.2376E+25
1.252	0.2278E+25
1.343	0.2184E+25
1.440	0.2095E+25
1.544	0.2009E+25
1.656	0.1927E+25
1.776	0.1848E+25
1.904	0.1774E+25
2.043	0.1702E+25
2.192	0.1634E+25
2.354	0.1570E+25
2.530	0.1508E+25
2.724	0.1450E+25
2.937	0.1395E+25
3.175	0.1343E+25
3.444	0.1295E+25
3.752	0.1250E+25
4.111	0.1209E+25
4.540	0.1171E+25
5.067	0.1136E+25
5.741	0.1106E+25
6.641	0.1078E+25
7.904	0.1053E+25
9.750	0.1029E+25
12.46	0.1004E+25
16.27	0.9760E+24
21.27	0.9463E+24
27.46	0.9166E+24
34.85	0.8887E+24
43.51	0.8633E+24
53.48	0.8406E+24
64.82	0.8206E+24
77.57	0.8028E+24
91.72	0.7867E+24
107.3	0.7720E+24
124.1	0.7584E+24
142.2	0.7458E+24
161.6	0.7339E+24
182.0	0.7228E+24
203.4	0.7122E+24
225.7	0.7023E+24
248.9	0.6930E+24
272.9	0.6842E+24
297.6	0.6759E+24
322.8	0.6681E+24
348.8	0.6608E+24
375.4	0.6539E+24
402.4	0.6474E+24
429.8	0.6413E+24
457.8	0.6356E+24
486.3	0.6302E+24
515.2	0.6250E+24
544.5	0.6202E+24
574.2	0.6155E+24
604.4	0.6112E+24
634.9	0.6071E+24
665.7	0.6033E+24
697.0	0.5995E+24
728.7	0.5958E+24
760.7	0.5923E+24
793.2	0.5890E+24
826.0	0.5858E+24
859.2	0.5826E+24
892.8	0.5795E+24
926.9	0.5764E+24
961.3	0.5736E+24
996.1	0.5707E+24
1031.	0.5679E+24
1067.	0.5651E+24
1103.	0.5625E+24
1140.	0.5598E+24
1177.	0.5572E+24
1215.	0.5546E+24
1253.	0.5519E+24
1291.	0.5494E+24
1331.	0.5470E+24
1370.	0.5444E+24
1411.	0.5419E+24
1451.	0.5394E+24
1493.	0.5370E+24
1535.	0.5345E+24
1577.	0.5321E+24
1621.	0.5296E+24
1664.	0.5272E+24
1709.	0.5247E+24
1754.	0.5222E+24
1800.	0.5199E+24
1847.	0.5174E+24
1894.	0.5150E+24
1942.	0.5125E+24
1990.	0.5102E+24
2040.	0.5077E+24
2090.	0.5053E+24
2141.	0.5029E+24
2193.	0.5006E+24
2246.	0.4981E+24
2299.	0.4958E+24
2353.	0.4935E+24
2408.	0.4911E+24
2464.	0.4888E+24
2521.	0.4863E+24
2579.	0.4841E+24
2637.	0.4817E+24
2697.	0.4795E+24
2757.	0.4771E+24
2818.	0.4749E+24
2880.	0.4727E+24
2944.	0.4703E+24
3008.	0.4682E+24
3073.	0.4659E+24
3139.	0.4637E+24
3205.	0.4617E+24
3274.	0.4595E+24
3342.	0.4573E+24
3412.	0.4552E+24
3483.	0.4532E+24
3555.	0.4511E+24
 
 
E/N (Td)	Diffusion coefficient *N (1/m/s)
0.9537E-06	0.2273E+26
0.9537E-06	0.2273E+26
0.9537E-06	0.2273E+26
0.9537E-06	0.2273E+26
0.9537E-06	0.2273E+26
0.9537E-06	0.2273E+26
0.9537E-06	0.2273E+26
0.9537E-06	0.2273E+26
0.9537E-06	0.2273E+26
0.9537E-06	0.2273E+26
0.9537E-06	0.2273E+26
0.9537E-06	0.2273E+26
0.9537E-06	0.2273E+26
0.9537E-06	0.2273E+26
0.9537E-06	0.2273E+26
0.9537E-06	0.2273E+26
0.9537E-06	0.2273E+26
0.9537E-06	0.2273E+26
0.9537E-06	0.2273E+26
0.9537E-06	0.2273E+26
0.9537E-06	0.2273E+26
0.9537E-06	0.2273E+26
0.9537E-06	0.2273E+26
0.9537E-06	0.2273E+26
0.9537E-06	0.2273E+26
0.9537E-06	0.2273E+26
0.9537E-06	0.2273E+26
0.9537E-06	0.2273E+26
0.9537E-06	0.2273E+26
0.9537E-06	0.2273E+26
0.9537E-06	0.2273E+26
0.9537E-06	0.2273E+26
0.9537E-06	0.2273E+26
0.9537E-06	0.2273E+26
0.9537E-06	0.2273E+26
0.9537E-06	0.2273E+26
0.9537E-06	0.2273E+26
0.9537E-06	0.2273E+26
0.9537E-06	0.2273E+26
0.9537E-06	0.2273E+26
0.9537E-06	0.2273E+26
0.9537E-06	0.2273E+26
0.9537E-06	0.2273E+26
0.9537E-06	0.2273E+26
0.9537E-06	0.2273E+26
0.9537E-06	0.2273E+26
0.9537E-06	0.2273E+26
0.5022E-02	0.2241E+26
0.1250E-01	0.2176E+26
0.2199E-01	0.2108E+26
0.3259E-01	0.2044E+26
0.4400E-01	0.1987E+26
0.5609E-01	0.1934E+26
0.6882E-01	0.1885E+26
0.8224E-01	0.1840E+26
0.9637E-01	0.1798E+26
0.1113	0.1758E+26
0.1270	0.1721E+26
0.1436	0.1685E+26
0.1612	0.1650E+26
0.1798	0.1618E+26
0.1995	0.1586E+26
0.2204	0.1556E+26
0.2426	0.1527E+26
0.2663	0.1498E+26
0.2914	0.1471E+26
0.3181	0.1445E+26
0.3465	0.1419E+26
0.3768	0.1394E+26
0.4091	0.1370E+26
0.4435	0.1347E+26
0.4801	0.1324E+26
0.5192	0.1302E+26
0.5609	0.1280E+26
0.6053	0.1259E+26
0.6527	0.1238E+26
0.7033	0.1218E+26
0.7572	0.1198E+26
0.8148	0.1179E+26
0.8763	0.1160E+26
0.9419	0.1141E+26
1.012	0.1123E+26
1.087	0.1105E+26
1.166	0.1087E+26
1.252	0.1070E+26
1.343	0.1053E+26
1.440	0.1036E+26
1.544	0.1020E+26
1.656	0.1004E+26
1.776	0.9881E+25
1.904	0.9726E+25
2.043	0.9574E+25
2.192	0.9423E+25
2.354	0.9276E+25
2.530	0.9131E+25
2.724	0.8988E+25
2.937	0.8849E+25
3.175	0.8713E+25
3.444	0.8580E+25
3.752	0.8450E+25
4.111	0.8324E+25
4.540	0.8202E+25
5.067	0.8085E+25
5.741	0.7973E+25
6.641	0.7866E+25
7.904	0.7764E+25
9.750	0.7665E+25
12.46	0.7569E+25
16.27	0.7473E+25
21.27	0.7377E+25
27.46	0.7282E+25
34.85	0.7190E+25
43.51	0.7101E+25
53.48	0.7015E+25
64.82	0.6928E+25
77.57	0.6840E+25
91.72	0.6750E+25
107.3	0.6658E+25
124.1	0.6566E+25
142.2	0.6473E+25
161.6	0.6386E+25
182.0	0.6303E+25
203.4	0.6228E+25
225.7	0.6160E+25
248.9	0.6100E+25
272.9	0.6047E+25
297.6	0.6000E+25
322.8	0.5961E+25
348.8	0.5929E+25
375.4	0.5903E+25
402.4	0.5883E+25
429.8	0.5869E+25
457.8	0.5862E+25
486.3	0.5859E+25
515.2	0.5862E+25
544.5	0.5871E+25
574.2	0.5884E+25
604.4	0.5903E+25
634.9	0.5927E+25
665.7	0.5957E+25
697.0	0.5990E+25
728.7	0.6028E+25
760.7	0.6070E+25
793.2	0.6118E+25
826.0	0.6169E+25
859.2	0.6225E+25
892.8	0.6284E+25
926.9	0.6347E+25
961.3	0.6416E+25
996.1	0.6488E+25
1031.	0.6563E+25
1067.	0.6643E+25
1103.	0.6727E+25
1140.	0.6815E+25
1177.	0.6907E+25
1215.	0.7001E+25
1253.	0.7099E+25
1291.	0.7202E+25
1331.	0.7309E+25
1370.	0.7418E+25
1411.	0.7532E+25
1451.	0.7649E+25
1493.	0.7771E+25
1535.	0.7894E+25
1577.	0.8023E+25
1621.	0.8154E+25
1664.	0.8289E+25
1709.	0.8428E+25
1754.	0.8570E+25
1800.	0.8717E+25
1847.	0.8866E+25
1894.	0.9021E+25
1942.	0.9178E+25
1990.	0.9341E+25
2040.	0.9505E+25
2090.	0.9673E+25
2141.	0.9847E+25
2193.	0.1003E+26
2246.	0.1021E+26
2299.	0.1039E+26
2353.	0.1058E+26
2408.	0.1077E+26
2464.	0.1097E+26
2521.	0.1118E+26
2579.	0.1139E+26
2637.	0.1160E+26
2697.	0.1181E+26
2757.	0.1203E+26
2818.	0.1226E+26
2880.	0.1250E+26
2944.	0.1273E+26
3008.	0.1297E+26
3073.	0.1322E+26
3139.	0.1347E+26
3205.	0.1374E+26
3274.	0.1400E+26
3342.	0.1427E+26
3412.	0.1455E+26
3483.	0.1484E+26
3555.	0.1512E+26
 
 
E/N (Td)	Energy mobility *N (1/m/V/s)
0.9537E-06	0.1730E+26
0.9537E-06	0.1730E+26
0.9537E-06	0.1730E+26
0.9537E-06	0.1730E+26
0.9537E-06	0.1730E+26
0.9537E-06	0.1730E+26
0.9537E-06	0.1730E+26
0.9537E-06	0.1730E+26
0.9537E-06	0.1730E+26
0.9537E-06	0.1730E+26
0.9537E-06	0.1730E+26
0.9537E-06	0.1730E+26
0.9537E-06	0.1730E+26
0.9537E-06	0.1730E+26
0.9537E-06	0.1730E+26
0.9537E-06	0.1730E+26
0.9537E-06	0.1730E+26
0.9537E-06	0.1730E+26
0.9537E-06	0.1730E+26
0.9537E-06	0.1730E+26
0.9537E-06	0.1730E+26
0.9537E-06	0.1730E+26
0.9537E-06	0.1730E+26
0.9537E-06	0.1730E+26
0.9537E-06	0.1730E+26
0.9537E-06	0.1730E+26
0.9537E-06	0.1730E+26
0.9537E-06	0.1730E+26
0.9537E-06	0.1730E+26
0.9537E-06	0.1730E+26
0.9537E-06	0.1730E+26
0.9537E-06	0.1730E+26
0.9537E-06	0.1730E+26
0.9537E-06	0.1730E+26
0.9537E-06	0.1730E+26
0.9537E-06	0.1730E+26
0.9537E-06	0.1730E+26
0.9537E-06	0.1730E+26
0.9537E-06	0.1730E+26
0.9537E-06	0.1730E+26
0.9537E-06	0.1730E+26
0.9537E-06	0.1730E+26
0.9537E-06	0.1730E+26
0.9537E-06	0.1730E+26
0.9537E-06	0.1730E+26
0.9537E-06	0.1730E+26
0.9537E-06	0.1730E+26
0.5022E-02	0.1596E+26
0.1250E-01	0.1437E+26
0.2199E-01	0.1330E+26
0.3259E-01	0.1250E+26
0.4400E-01	0.1184E+26
0.5609E-01	0.1126E+26
0.6882E-01	0.1074E+26
0.8224E-01	0.1027E+26
0.9637E-01	0.9829E+25
0.1113	0.9418E+25
0.1270	0.9032E+25
0.1436	0.8666E+25
0.1612	0.8318E+25
0.1798	0.7986E+25
0.1995	0.7669E+25
0.2204	0.7367E+25
0.2426	0.7076E+25
0.2663	0.6798E+25
0.2914	0.6531E+25
0.3181	0.6275E+25
0.3465	0.6029E+25
0.3768	0.5793E+25
0.4091	0.5565E+25
0.4435	0.5347E+25
0.4801	0.5136E+25
0.5192	0.4934E+25
0.5609	0.4740E+25
0.6053	0.4552E+25
0.6527	0.4372E+25
0.7033	0.4199E+25
0.7572	0.4032E+25
0.8148	0.3872E+25
0.8763	0.3718E+25
0.9419	0.3570E+25
1.012	0.3427E+25
1.087	0.3290E+25
1.166	0.3159E+25
1.252	0.3032E+25
1.343	0.2911E+25
1.440	0.2794E+25
1.544	0.2683E+25
1.656	0.2576E+25
1.776	0.2473E+25
1.904	0.2375E+25
2.043	0.2281E+25
2.192	0.2192E+25
2.354	0.2106E+25
2.530	0.2025E+25
2.724	0.1947E+25
2.937	0.1873E+25
3.175	0.1803E+25
3.444	0.1737E+25
3.752	0.1674E+25
4.111	0.1615E+25
4.540	0.1559E+25
5.067	0.1508E+25
5.741	0.1459E+25
6.641	0.1415E+25
7.904	0.1374E+25
9.750	0.1337E+25
12.46	0.1302E+25
16.27	0.1270E+25
21.27	0.1239E+25
27.46	0.1211E+25
34.85	0.1185E+25
43.51	0.1161E+25
53.48	0.1139E+25
64.82	0.1120E+25
77.57	0.1103E+25
91.72	0.1088E+25
107.3	0.1075E+25
124.1	0.1063E+25
142.2	0.1053E+25
161.6	0.1043E+25
182.0	0.1034E+25
203.4	0.1027E+25
225.7	0.1019E+25
248.9	0.1013E+25
272.9	0.1007E+25
297.6	0.1001E+25
322.8	0.9963E+24
348.8	0.9916E+24
375.4	0.9872E+24
402.4	0.9830E+24
429.8	0.9790E+24
457.8	0.9754E+24
486.3	0.9719E+24
515.2	0.9684E+24
544.5	0.9652E+24
574.2	0.9620E+24
604.4	0.9590E+24
634.9	0.9560E+24
665.7	0.9534E+24
697.0	0.9505E+24
728.7	0.9475E+24
760.7	0.9447E+24
793.2	0.9418E+24
826.0	0.9390E+24
859.2	0.9361E+24
892.8	0.9331E+24
926.9	0.9301E+24
961.3	0.9271E+24
996.1	0.9241E+24
1031.	0.9209E+24
1067.	0.9178E+24
1103.	0.9147E+24
1140.	0.9115E+24
1177.	0.9083E+24
1215.	0.9049E+24
1253.	0.9014E+24
1291.	0.8981E+24
1331.	0.8947E+24
1370.	0.8911E+24
1411.	0.8876E+24
1451.	0.8840E+24
1493.	0.8804E+24
1535.	0.8767E+24
1577.	0.8730E+24
1621.	0.8692E+24
1664.	0.8655E+24
1709.	0.8617E+24
1754.	0.8578E+24
1800.	0.8540E+24
1847.	0.8501E+24
1894.	0.8463E+24
1942.	0.8424E+24
1990.	0.8386E+24
2040.	0.8346E+24
2090.	0.8307E+24
2141.	0.8269E+24
2193.	0.8230E+24
2246.	0.8191E+24
2299.	0.8153E+24
2353.	0.8115E+24
2408.	0.8077E+24
2464.	0.8040E+24
2521.	0.8001E+24
2579.	0.7965E+24
2637.	0.7927E+24
2697.	0.7891E+24
2757.	0.7855E+24
2818.	0.7820E+24
2880.	0.7785E+24
2944.	0.7749E+24
3008.	0.7715E+24
3073.	0.7681E+24
3139.	0.7648E+24
3205.	0.7616E+24
3274.	0.7583E+24
3342.	0.7552E+24
3412.	0.7520E+24
3483.	0.7490E+24
3555.	0.7460E+24
 
 
E/N (Td)	Energy diffusion coef. D*N (1/m/s)
0.9537E-06	0.1364E+26
0.9537E-06	0.1364E+26
0.9537E-06	0.1364E+26
0.9537E-06	0.1364E+26
0.9537E-06	0.1364E+26
0.9537E-06	0.1364E+26
0.9537E-06	0.1364E+26
0.9537E-06	0.1364E+26
0.9537E-06	0.1364E+26
0.9537E-06	0.1364E+26
0.9537E-06	0.1364E+26
0.9537E-06	0.1364E+26
0.9537E-06	0.1364E+26
0.9537E-06	0.1364E+26
0.9537E-06	0.1364E+26
0.9537E-06	0.1364E+26
0.9537E-06	0.1364E+26
0.9537E-06	0.1364E+26
0.9537E-06	0.1364E+26
0.9537E-06	0.1364E+26
0.9537E-06	0.1364E+26
0.9537E-06	0.1364E+26
0.9537E-06	0.1364E+26
0.9537E-06	0.1364E+26
0.9537E-06	0.1364E+26
0.9537E-06	0.1364E+26
0.9537E-06	0.1364E+26
0.9537E-06	0.1364E+26
0.9537E-06	0.1364E+26
0.9537E-06	0.1364E+26
0.9537E-06	0.1364E+26
0.9537E-06	0.1364E+26
0.9537E-06	0.1364E+26
0.9537E-06	0.1364E+26
0.9537E-06	0.1364E+26
0.9537E-06	0.1364E+26
0.9537E-06	0.1364E+26
0.9537E-06	0.1364E+26
0.9537E-06	0.1364E+26
0.9537E-06	0.1364E+26
0.9537E-06	0.1364E+26
0.9537E-06	0.1364E+26
0.9537E-06	0.1364E+26
0.9537E-06	0.1364E+26
0.9537E-06	0.1364E+26
0.9537E-06	0.1364E+26
0.9537E-06	0.1364E+26
0.5022E-02	0.1354E+26
0.1250E-01	0.1334E+26
0.2199E-01	0.1311E+26
0.3259E-01	0.1287E+26
0.4400E-01	0.1265E+26
0.5609E-01	0.1243E+26
0.6882E-01	0.1222E+26
0.8224E-01	0.1202E+26
0.9637E-01	0.1183E+26
0.1113	0.1164E+26
0.1270	0.1146E+26
0.1436	0.1128E+26
0.1612	0.1111E+26
0.1798	0.1094E+26
0.1995	0.1078E+26
0.2204	0.1062E+26
0.2426	0.1046E+26
0.2663	0.1031E+26
0.2914	0.1016E+26
0.3181	0.1001E+26
0.3465	0.9867E+25
0.3768	0.9725E+25
0.4091	0.9585E+25
0.4435	0.9447E+25
0.4801	0.9311E+25
0.5192	0.9177E+25
0.5609	0.9044E+25
0.6053	0.8914E+25
0.6527	0.8785E+25
0.7033	0.8657E+25
0.7572	0.8531E+25
0.8148	0.8406E+25
0.8763	0.8283E+25
0.9419	0.8161E+25
1.012	0.8041E+25
1.087	0.7921E+25
1.166	0.7803E+25
1.252	0.7687E+25
1.343	0.7571E+25
1.440	0.7457E+25
1.544	0.7345E+25
1.656	0.7234E+25
1.776	0.7124E+25
1.904	0.7016E+25
2.043	0.6909E+25
2.192	0.6804E+25
2.354	0.6701E+25
2.530	0.6599E+25
2.724	0.6499E+25
2.937	0.6401E+25
3.175	0.6305E+25
3.444	0.6210E+25
3.752	0.6118E+25
4.111	0.6028E+25
4.540	0.5941E+25
5.067	0.5855E+25
5.741	0.5773E+25
6.641	0.5693E+25
7.904	0.5618E+25
9.750	0.5547E+25
12.46	0.5481E+25
16.27	0.5421E+25
21.27	0.5368E+25
27.46	0.5320E+25
34.85	0.5279E+25
43.51	0.5243E+25
53.48	0.5213E+25
64.82	0.5191E+25
77.57	0.5175E+25
91.72	0.5165E+25
107.3	0.5163E+25
124.1	0.5168E+25
142.2	0.5180E+25
161.6	0.5200E+25
182.0	0.5228E+25
203.4	0.5263E+25
225.7	0.5306E+25
248.9	0.5357E+25
272.9	0.5416E+25
297.6	0.5481E+25
322.8	0.5554E+25
348.8	0.5634E+25
375.4	0.5722E+25
402.4	0.5816E+25
429.8	0.5917E+25
457.8	0.6025E+25
486.3	0.6141E+25
515.2	0.6262E+25
544.5	0.6391E+25
574.2	0.6525E+25
604.4	0.6667E+25
634.9	0.6815E+25
665.7	0.6973E+25
697.0	0.7134E+25
728.7	0.7301E+25
760.7	0.7474E+25
793.2	0.7654E+25
826.0	0.7840E+25
859.2	0.8031E+25
892.8	0.8227E+25
926.9	0.8430E+25
961.3	0.8639E+25
996.1	0.8853E+25
1031.	0.9071E+25
1067.	0.9297E+25
1103.	0.9528E+25
1140.	0.9764E+25
1177.	0.1001E+26
1215.	0.1025E+26
1253.	0.1050E+26
1291.	0.1076E+26
1331.	0.1102E+26
1370.	0.1129E+26
1411.	0.1157E+26
1451.	0.1185E+26
1493.	0.1213E+26
1535.	0.1242E+26
1577.	0.1272E+26
1621.	0.1302E+26
1664.	0.1333E+26
1709.	0.1365E+26
1754.	0.1397E+26
1800.	0.1430E+26
1847.	0.1463E+26
1894.	0.1497E+26
1942.	0.1532E+26
1990.	0.1568E+26
2040.	0.1605E+26
2090.	0.1642E+26
2141.	0.1680E+26
2193.	0.1719E+26
2246.	0.1759E+26
2299.	0.1799E+26
2353.	0.1841E+26
2408.	0.1884E+26
2464.	0.1928E+26
2521.	0.1973E+26
2579.	0.2018E+26
2637.	0.2066E+26
2697.	0.2114E+26
2757.	0.2164E+26
2818.	0.2215E+26
2880.	0.2267E+26
2944.	0.2321E+26
3008.	0.2375E+26
3073.	0.2432E+26
3139.	0.2491E+26
3205.	0.2550E+26
3274.	0.2612E+26
3342.	0.2676E+26
3412.	0.2741E+26
3483.	0.2808E+26
3555.	0.2877E+26
 
 
E/N (Td)	Total collision freq. /N (m3/s)
0.9537E-06	0.1376E-13
0.9537E-06	0.1376E-13
0.9537E-06	0.1376E-13
0.9537E-06	0.1376E-13
0.9537E-06	0.1376E-13
0.9537E-06	0.1376E-13
0.9537E-06	0.1376E-13
0.9537E-06	0.1376E-13
0.9537E-06	0.1376E-13
0.9537E-06	0.1376E-13
0.9537E-06	0.1376E-13
0.9537E-06	0.1376E-13
0.9537E-06	0.1376E-13
0.9537E-06	0.1376E-13
0.9537E-06	0.1376E-13
0.9537E-06	0.1376E-13
0.9537E-06	0.1376E-13
0.9537E-06	0.1376E-13
0.9537E-06	0.1376E-13
0.9537E-06	0.1376E-13
0.9537E-06	0.1376E-13
0.9537E-06	0.1376E-13
0.9537E-06	0.1376E-13
0.9537E-06	0.1376E-13
0.9537E-06	0.1376E-13
0.9537E-06	0.1376E-13
0.9537E-06	0.1376E-13
0.9537E-06	0.1376E-13
0.9537E-06	0.1376E-13
0.9537E-06	0.1376E-13
0.9537E-06	0.1376E-13
0.9537E-06	0.1376E-13
0.9537E-06	0.1376E-13
0.9537E-06	0.1376E-13
0.9537E-06	0.1376E-13
0.9537E-06	0.1376E-13
0.9537E-06	0.1376E-13
0.9537E-06	0.1376E-13
0.9537E-06	0.1376E-13
0.9537E-06	0.1376E-13
0.9537E-06	0.1376E-13
0.9537E-06	0.1376E-13
0.9537E-06	0.1376E-13
0.9537E-06	0.1376E-13
0.9537E-06	0.1376E-13
0.9537E-06	0.1376E-13
0.9537E-06	0.1376E-13
0.5022E-02	0.1398E-13
0.1250E-01	0.1438E-13
0.2199E-01	0.1481E-13
0.3259E-01	0.1528E-13
0.4400E-01	0.1578E-13
0.5609E-01	0.1630E-13
0.6882E-01	0.1685E-13
0.8224E-01	0.1742E-13
0.9637E-01	0.1802E-13
0.1113	0.1864E-13
0.1270	0.1929E-13
0.1436	0.1997E-13
0.1612	0.2068E-13
0.1798	0.2141E-13
0.1995	0.2218E-13
0.2204	0.2297E-13
0.2426	0.2380E-13
0.2663	0.2467E-13
0.2914	0.2556E-13
0.3181	0.2650E-13
0.3465	0.2748E-13
0.3768	0.2849E-13
0.4091	0.2955E-13
0.4435	0.3066E-13
0.4801	0.3181E-13
0.5192	0.3301E-13
0.5609	0.3426E-13
0.6053	0.3556E-13
0.6527	0.3692E-13
0.7033	0.3834E-13
0.7572	0.3982E-13
0.8148	0.4136E-13
0.8763	0.4297E-13
0.9419	0.4465E-13
1.012	0.4640E-13
1.087	0.4822E-13
1.166	0.5012E-13
1.252	0.5210E-13
1.343	0.5417E-13
1.440	0.5632E-13
1.544	0.5856E-13
1.656	0.6090E-13
1.776	0.6332E-13
1.904	0.6584E-13
2.043	0.6847E-13
2.192	0.7119E-13
2.354	0.7402E-13
2.530	0.7696E-13
2.724	0.8000E-13
2.937	0.8315E-13
3.175	0.8642E-13
3.444	0.8981E-13
3.752	0.9330E-13
4.111	0.9691E-13
4.540	0.1006E-12
5.067	0.1045E-12
5.741	0.1084E-12
6.641	0.1125E-12
7.904	0.1166E-12
9.750	0.1208E-12
12.46	0.1250E-12
16.27	0.1292E-12
21.27	0.1333E-12
27.46	0.1374E-12
34.85	0.1415E-12
43.51	0.1455E-12
53.48	0.1495E-12
64.82	0.1535E-12
77.57	0.1573E-12
91.72	0.1611E-12
107.3	0.1648E-12
124.1	0.1684E-12
142.2	0.1719E-12
161.6	0.1754E-12
182.0	0.1787E-12
203.4	0.1819E-12
225.7	0.1851E-12
248.9	0.1881E-12
272.9	0.1911E-12
297.6	0.1940E-12
322.8	0.1968E-12
348.8	0.1996E-12
375.4	0.2022E-12
402.4	0.2049E-12
429.8	0.2074E-12
457.8	0.2099E-12
486.3	0.2123E-12
515.2	0.2146E-12
544.5	0.2169E-12
574.2	0.2191E-12
604.4	0.2213E-12
634.9	0.2234E-12
665.7	0.2254E-12
697.0	0.2274E-12
728.7	0.2294E-12
760.7	0.2313E-12
793.2	0.2331E-12
826.0	0.2349E-12
859.2	0.2367E-12
892.8	0.2384E-12
926.9	0.2400E-12
961.3	0.2417E-12
996.1	0.2433E-12
1031.	0.2448E-12
1067.	0.2463E-12
1103.	0.2478E-12
1140.	0.2492E-12
1177.	0.2506E-12
1215.	0.2520E-12
1253.	0.2534E-12
1291.	0.2547E-12
1331.	0.2560E-12
1370.	0.2572E-12
1411.	0.2585E-12
1451.	0.2597E-12
1493.	0.2608E-12
1535.	0.2620E-12
1577.	0.2631E-12
1621.	0.2642E-12
1664.	0.2653E-12
1709.	0.2664E-12
1754.	0.2674E-12
1800.	0.2685E-12
1847.	0.2695E-12
1894.	0.2705E-12
1942.	0.2714E-12
1990.	0.2724E-12
2040.	0.2733E-12
2090.	0.2742E-12
2141.	0.2751E-12
2193.	0.2760E-12
2246.	0.2769E-12
2299.	0.2777E-12
2353.	0.2785E-12
2408.	0.2794E-12
2464.	0.2802E-12
2521.	0.2810E-12
2579.	0.2817E-12
2637.	0.2825E-12
2697.	0.2832E-12
2757.	0.2840E-12
2818.	0.2847E-12
2880.	0.2854E-12
2944.	0.2861E-12
3008.	0.2868E-12
3073.	0.2874E-12
3139.	0.2881E-12
3205.	0.2888E-12
3274.	0.2894E-12
3342.	0.2900E-12
3412.	0.2906E-12
3483.	0.2912E-12
3555.	0.2918E-12
 
 
E/N (Td)	Momentum frequency /N (m3/s)
0.9537E-06	0.5670E-14
0.9537E-06	0.5670E-14
0.9537E-06	0.5670E-14
0.9537E-06	0.5670E-14
0.9537E-06	0.5670E-14
0.9537E-06	0.5670E-14
0.9537E-06	0.5670E-14
0.9537E-06	0.5670E-14
0.9537E-06	0.5670E-14
0.9537E-06	0.5670E-14
0.9537E-06	0.5670E-14
0.9537E-06	0.5670E-14
0.9537E-06	0.5670E-14
0.9537E-06	0.5670E-14
0.9537E-06	0.5670E-14
0.9537E-06	0.5670E-14
0.9537E-06	0.5670E-14
0.9537E-06	0.5670E-14
0.9537E-06	0.5670E-14
0.9537E-06	0.5670E-14
0.9537E-06	0.5670E-14
0.9537E-06	0.5670E-14
0.9537E-06	0.5670E-14
0.9537E-06	0.5670E-14
0.9537E-06	0.5670E-14
0.9537E-06	0.5670E-14
0.9537E-06	0.5670E-14
0.9537E-06	0.5670E-14
0.9537E-06	0.5670E-14
0.9537E-06	0.5670E-14
0.9537E-06	0.5670E-14
0.9537E-06	0.5670E-14
0.9537E-06	0.5670E-14
0.9537E-06	0.5670E-14
0.9537E-06	0.5670E-14
0.9537E-06	0.5670E-14
0.9537E-06	0.5670E-14
0.9537E-06	0.5670E-14
0.9537E-06	0.5670E-14
0.9537E-06	0.5670E-14
0.9537E-06	0.5670E-14
0.9537E-06	0.5670E-14
0.9537E-06	0.5670E-14
0.9537E-06	0.5670E-14
0.9537E-06	0.5670E-14
0.9537E-06	0.5670E-14
0.9537E-06	0.5670E-14
0.5022E-02	0.7079E-14
0.1250E-01	0.9518E-14
0.2199E-01	0.1156E-13
0.3259E-01	0.1325E-13
0.4400E-01	0.1474E-13
0.5609E-01	0.1611E-13
0.6882E-01	0.1742E-13
0.8224E-01	0.1869E-13
0.9637E-01	0.1994E-13
0.1113	0.2119E-13
0.1270	0.2245E-13
0.1436	0.2373E-13
0.1612	0.2503E-13
0.1798	0.2637E-13
0.1995	0.2773E-13
0.2204	0.2914E-13
0.2426	0.3059E-13
0.2663	0.3209E-13
0.2914	0.3364E-13
0.3181	0.3525E-13
0.3465	0.3691E-13
0.3768	0.3863E-13
0.4091	0.4042E-13
0.4435	0.4227E-13
0.4801	0.4419E-13
0.5192	0.4619E-13
0.5609	0.4826E-13
0.6053	0.5041E-13
0.6527	0.5264E-13
0.7033	0.5497E-13
0.7572	0.5738E-13
0.8148	0.5989E-13
0.8763	0.6250E-13
0.9419	0.6521E-13
1.012	0.6804E-13
1.087	0.7097E-13
1.166	0.7403E-13
1.252	0.7722E-13
1.343	0.8053E-13
1.440	0.8397E-13
1.544	0.8756E-13
1.656	0.9129E-13
1.776	0.9516E-13
1.904	0.9917E-13
2.043	0.1033E-12
2.192	0.1076E-12
2.354	0.1121E-12
2.530	0.1166E-12
2.724	0.1213E-12
2.937	0.1261E-12
3.175	0.1309E-12
3.444	0.1358E-12
3.752	0.1407E-12
4.111	0.1455E-12
4.540	0.1502E-12
5.067	0.1548E-12
5.741	0.1591E-12
6.641	0.1631E-12
7.904	0.1670E-12
9.750	0.1709E-12
12.46	0.1752E-12
16.27	0.1802E-12
21.27	0.1859E-12
27.46	0.1919E-12
34.85	0.1979E-12
43.51	0.2037E-12
53.48	0.2092E-12
64.82	0.2143E-12
77.57	0.2191E-12
91.72	0.2236E-12
107.3	0.2278E-12
124.1	0.2319E-12
142.2	0.2358E-12
161.6	0.2397E-12
182.0	0.2434E-12
203.4	0.2469E-12
225.7	0.2504E-12
248.9	0.2538E-12
272.9	0.2571E-12
297.6	0.2602E-12
322.8	0.2633E-12
348.8	0.2662E-12
375.4	0.2690E-12
402.4	0.2717E-12
429.8	0.2743E-12
457.8	0.2767E-12
486.3	0.2791E-12
515.2	0.2814E-12
544.5	0.2836E-12
574.2	0.2857E-12
604.4	0.2878E-12
634.9	0.2897E-12
665.7	0.2916E-12
697.0	0.2934E-12
728.7	0.2952E-12
760.7	0.2969E-12
793.2	0.2986E-12
826.0	0.3003E-12
859.2	0.3019E-12
892.8	0.3035E-12
926.9	0.3051E-12
961.3	0.3066E-12
996.1	0.3082E-12
1031.	0.3097E-12
1067.	0.3112E-12
1103.	0.3127E-12
1140.	0.3142E-12
1177.	0.3156E-12
1215.	0.3171E-12
1253.	0.3187E-12
1291.	0.3201E-12
1331.	0.3216E-12
1370.	0.3231E-12
1411.	0.3246E-12
1451.	0.3261E-12
1493.	0.3275E-12
1535.	0.3291E-12
1577.	0.3306E-12
1621.	0.3321E-12
1664.	0.3336E-12
1709.	0.3352E-12
1754.	0.3368E-12
1800.	0.3383E-12
1847.	0.3399E-12
1894.	0.3415E-12
1942.	0.3432E-12
1990.	0.3447E-12
2040.	0.3464E-12
2090.	0.3481E-12
2141.	0.3497E-12
2193.	0.3513E-12
2246.	0.3531E-12
2299.	0.3547E-12
2353.	0.3564E-12
2408.	0.3582E-12
2464.	0.3598E-12
2521.	0.3617E-12
2579.	0.3633E-12
2637.	0.3651E-12
2697.	0.3668E-12
2757.	0.3686E-12
2818.	0.3704E-12
2880.	0.3721E-12
2944.	0.3740E-12
3008.	0.3757E-12
3073.	0.3775E-12
3139.	0.3793E-12
3205.	0.3810E-12
3274.	0.3828E-12
3342.	0.3846E-12
3412.	0.3864E-12
3483.	0.3881E-12
3555.	0.3899E-12
 
 
E/N (Td)	Total ionization freq. /N (m3/s)
0.9537E-06	0.5985E-20
0.9537E-06	0.5985E-20
0.9537E-06	0.5985E-20
0.9537E-06	0.5985E-20
0.9537E-06	0.5985E-20
0.9537E-06	0.5985E-20
0.9537E-06	0.5985E-20
0.9537E-06	0.5985E-20
0.9537E-06	0.5985E-20
0.9537E-06	0.5985E-20
0.9537E-06	0.5985E-20
0.9537E-06	0.5985E-20
0.9537E-06	0.5985E-20
0.9537E-06	0.5985E-20
0.9537E-06	0.5985E-20
0.9537E-06	0.5985E-20
0.9537E-06	0.5985E-20
0.9537E-06	0.5985E-20
0.9537E-06	0.5985E-20
0.9537E-06	0.5985E-20
0.9537E-06	0.5985E-20
0.9537E-06	0.5985E-20
0.9537E-06	0.5985E-20
0.9537E-06	0.5985E-20
0.9537E-06	0.5985E-20
0.9537E-06	0.5985E-20
0.9537E-06	0.5985E-20
0.9537E-06	0.5985E-20
0.9537E-06	0.5985E-20
0.9537E-06	0.5985E-20
0.9537E-06	0.5985E-20
0.9537E-06	0.5985E-20
0.9537E-06	0.5985E-20
0.9537E-06	0.5985E-20
0.9537E-06	0.5985E-20
0.9537E-06	0.5985E-20
0.9537E-06	0.5985E-20
0.9537E-06	0.5985E-20
0.9537E-06	0.5985E-20
0.9537E-06	0.5985E-20
0.9537E-06	0.5985E-20
0.9537E-06	0.5985E-20
0.9537E-06	0.5985E-20
0.9537E-06	0.5985E-20
0.9537E-06	0.5985E-20
0.9537E-06	0.5985E-20
0.9537E-06	0.5985E-20
0.5022E-02	0.6088E-20
0.1250E-01	0.6277E-20
0.2199E-01	0.6501E-20
0.3259E-01	0.6763E-20
0.4400E-01	0.7063E-20
0.5609E-01	0.7403E-20
0.6882E-01	0.7785E-20
0.8224E-01	0.8212E-20
0.9637E-01	0.8689E-20
0.1113	0.9221E-20
0.1270	0.9814E-20
0.1436	0.1047E-19
0.1612	0.1121E-19
0.1798	0.1203E-19
0.1995	0.1294E-19
0.2204	0.1396E-19
0.2426	0.1510E-19
0.2663	0.1637E-19
0.2914	0.1779E-19
0.3181	0.1938E-19
0.3465	0.2116E-19
0.3768	0.2316E-19
0.4091	0.2540E-19
0.4435	0.2791E-19
0.4801	0.3071E-19
0.5192	0.3386E-19
0.5609	0.3737E-19
0.6053	0.4130E-19
0.6527	0.4569E-19
0.7033	0.5057E-19
0.7572	0.5599E-19
0.8148	0.6201E-19
0.8763	0.6865E-19
0.9419	0.7598E-19
1.012	0.8404E-19
1.087	0.9286E-19
1.166	0.1025E-18
1.252	0.1130E-18
1.343	0.1243E-18
1.440	0.1365E-18
1.544	0.1497E-18
1.656	0.1638E-18
1.776	0.1788E-18
1.904	0.1948E-18
2.043	0.2117E-18
2.192	0.2296E-18
2.354	0.2484E-18
2.530	0.2681E-18
2.724	0.2887E-18
2.937	0.3101E-18
3.175	0.3325E-18
3.444	0.3557E-18
3.752	0.3797E-18
4.111	0.4044E-18
4.540	0.4298E-18
5.067	0.4558E-18
5.741	0.4824E-18
6.641	0.5093E-18
7.904	0.5364E-18
9.750	0.5634E-18
12.46	0.5904E-18
16.27	0.6219E-18
21.27	0.6915E-18
27.46	0.9427E-18
34.85	0.1775E-17
43.51	0.3997E-17
53.48	0.8910E-17
64.82	0.1832E-16
77.57	0.3444E-16
91.72	0.5979E-16
107.3	0.9694E-16
124.1	0.1485E-15
142.2	0.2168E-15
161.6	0.3042E-15
182.0	0.4125E-15
203.4	0.5432E-15
225.7	0.6977E-15
248.9	0.8772E-15
272.9	0.1082E-14
297.6	0.1313E-14
322.8	0.1571E-14
348.8	0.1857E-14
375.4	0.2170E-14
402.4	0.2511E-14
429.8	0.2877E-14
457.8	0.3273E-14
486.3	0.3696E-14
515.2	0.4147E-14
544.5	0.4627E-14
574.2	0.5133E-14
604.4	0.5667E-14
634.9	0.6228E-14
665.7	0.6817E-14
697.0	0.7432E-14
728.7	0.8074E-14
760.7	0.8742E-14
793.2	0.9436E-14
826.0	0.1016E-13
859.2	0.1090E-13
892.8	0.1167E-13
926.9	0.1247E-13
961.3	0.1329E-13
996.1	0.1413E-13
1031.	0.1500E-13
1067.	0.1589E-13
1103.	0.1681E-13
1140.	0.1774E-13
1177.	0.1871E-13
1215.	0.1969E-13
1253.	0.2070E-13
1291.	0.2172E-13
1331.	0.2278E-13
1370.	0.2385E-13
1411.	0.2494E-13
1451.	0.2605E-13
1493.	0.2719E-13
1535.	0.2834E-13
1577.	0.2951E-13
1621.	0.3071E-13
1664.	0.3192E-13
1709.	0.3315E-13
1754.	0.3440E-13
1800.	0.3566E-13
1847.	0.3695E-13
1894.	0.3825E-13
1942.	0.3957E-13
1990.	0.4090E-13
2040.	0.4226E-13
2090.	0.4362E-13
2141.	0.4500E-13
2193.	0.4640E-13
2246.	0.4781E-13
2299.	0.4923E-13
2353.	0.5066E-13
2408.	0.5211E-13
2464.	0.5357E-13
2521.	0.5504E-13
2579.	0.5652E-13
2637.	0.5801E-13
2697.	0.5951E-13
2757.	0.6102E-13
2818.	0.6254E-13
2880.	0.6407E-13
2944.	0.6560E-13
3008.	0.6715E-13
3073.	0.6869E-13
3139.	0.7024E-13
3205.	0.7180E-13
3274.	0.7336E-13
3342.	0.7492E-13
3412.	0.7648E-13
3483.	0.7806E-13
3555.	0.7962E-13
 
 
E/N (Td)	Townsend ioniz. coef. alpha/N (m2)
0.9537E-06	0.2023E-18
0.9537E-06	0.2023E-18
0.9537E-06	0.2023E-18
0.9537E-06	0.2023E-18
0.9537E-06	0.2023E-18
0.9537E-06	0.2023E-18
0.9537E-06	0.2023E-18
0.9537E-06	0.2023E-18
0.9537E-06	0.2023E-18
0.9537E-06	0.2023E-18
0.9537E-06	0.2023E-18
0.9537E-06	0.2023E-18
0.9537E-06	0.2023E-18
0.9537E-06	0.2023E-18
0.9537E-06	0.2023E-18
0.9537E-06	0.2023E-18
0.9537E-06	0.2023E-18
0.9537E-06	0.2023E-18
0.9537E-06	0.2023E-18
0.9537E-06	0.2023E-18
0.9537E-06	0.2023E-18
0.9537E-06	0.2023E-18
0.9537E-06	0.2023E-18
0.9537E-06	0.2023E-18
0.9537E-06	0.2023E-18
0.9537E-06	0.2023E-18
0.9537E-06	0.2023E-18
0.9537E-06	0.2023E-18
0.9537E-06	0.2023E-18
0.9537E-06	0.2023E-18
0.9537E-06	0.2023E-18
0.9537E-06	0.2023E-18
0.9537E-06	0.2023E-18
0.9537E-06	0.2023E-18
0.9537E-06	0.2023E-18
0.9537E-06	0.2023E-18
0.9537E-06	0.2023E-18
0.9537E-06	0.2023E-18
0.9537E-06	0.2023E-18
0.9537E-06	0.2023E-18
0.9537E-06	0.2023E-18
0.9537E-06	0.2023E-18
0.9537E-06	0.2023E-18
0.9537E-06	0.2023E-18
0.9537E-06	0.2023E-18
0.9537E-06	0.2023E-18
0.9537E-06	0.2023E-18
0.5022E-02	0.4879E-22
0.1250E-01	0.2716E-22
0.2199E-01	0.1944E-22
0.3259E-01	0.1564E-22
0.4400E-01	0.1345E-22
0.5609E-01	0.1209E-22
0.6882E-01	0.1120E-22
0.8224E-01	0.1061E-22
0.9637E-01	0.1022E-22
0.1113	0.9985E-23
0.1270	0.9864E-23
0.1436	0.9839E-23
0.1612	0.9896E-23
0.1798	0.1003E-22
0.1995	0.1023E-22
0.2204	0.1049E-22
0.2426	0.1082E-22
0.2663	0.1122E-22
0.2914	0.1168E-22
0.3181	0.1221E-22
0.3465	0.1282E-22
0.3768	0.1350E-22
0.4091	0.1427E-22
0.4435	0.1512E-22
0.4801	0.1607E-22
0.5192	0.1713E-22
0.5609	0.1828E-22
0.6053	0.1956E-22
0.6527	0.2095E-22
0.7033	0.2247E-22
0.7572	0.2412E-22
0.8148	0.2591E-22
0.8763	0.2784E-22
0.9419	0.2991E-22
1.012	0.3213E-22
1.087	0.3449E-22
1.166	0.3698E-22
1.252	0.3962E-22
1.343	0.4238E-22
1.440	0.4526E-22
1.544	0.4825E-22
1.656	0.5134E-22
1.776	0.5449E-22
1.904	0.5768E-22
2.043	0.6090E-22
2.192	0.6410E-22
2.354	0.6723E-22
2.530	0.7026E-22
2.724	0.7310E-22
2.937	0.7570E-22
3.175	0.7795E-22
3.444	0.7975E-22
3.752	0.8096E-22
4.111	0.8140E-22
4.540	0.8088E-22
5.067	0.7917E-22
5.741	0.7600E-22
6.641	0.7113E-22
7.904	0.6443E-22
9.750	0.5614E-22
12.46	0.4719E-22
16.27	0.3916E-22
21.27	0.3435E-22
27.46	0.3746E-22
34.85	0.5731E-22
43.51	0.1064E-21
53.48	0.1982E-21
64.82	0.3443E-21
77.57	0.5531E-21
91.72	0.8286E-21
107.3	0.1171E-20
124.1	0.1577E-20
142.2	0.2044E-20
161.6	0.2566E-20
182.0	0.3136E-20
203.4	0.3750E-20
225.7	0.4401E-20
248.9	0.5085E-20
272.9	0.5796E-20
297.6	0.6530E-20
322.8	0.7283E-20
348.8	0.8055E-20
375.4	0.8841E-20
402.4	0.9637E-20
429.8	0.1044E-19
457.8	0.1125E-19
486.3	0.1206E-19
515.2	0.1288E-19
544.5	0.1370E-19
574.2	0.1452E-19
604.4	0.1534E-19
634.9	0.1616E-19
665.7	0.1698E-19
697.0	0.1779E-19
728.7	0.1860E-19
760.7	0.1940E-19
793.2	0.2020E-19
826.0	0.2099E-19
859.2	0.2178E-19
892.8	0.2256E-19
926.9	0.2333E-19
961.3	0.2410E-19
996.1	0.2485E-19
1031.	0.2561E-19
1067.	0.2635E-19
1103.	0.2708E-19
1140.	0.2780E-19
1177.	0.2852E-19
1215.	0.2923E-19
1253.	0.2993E-19
1291.	0.3062E-19
1331.	0.3129E-19
1370.	0.3196E-19
1411.	0.3263E-19
1451.	0.3328E-19
1493.	0.3391E-19
1535.	0.3455E-19
1577.	0.3517E-19
1621.	0.3578E-19
1664.	0.3638E-19
1709.	0.3697E-19
1754.	0.3755E-19
1800.	0.3811E-19
1847.	0.3867E-19
1894.	0.3922E-19
1942.	0.3976E-19
1990.	0.4028E-19
2040.	0.4079E-19
2090.	0.4129E-19
2141.	0.4178E-19
2193.	0.4226E-19
2246.	0.4273E-19
2299.	0.4318E-19
2353.	0.4363E-19
2408.	0.4406E-19
2464.	0.4448E-19
2521.	0.4489E-19
2579.	0.4528E-19
2637.	0.4566E-19
2697.	0.4603E-19
2757.	0.4639E-19
2818.	0.4673E-19
2880.	0.4706E-19
2944.	0.4738E-19
3008.	0.4768E-19
3073.	0.4798E-19
3139.	0.4826E-19
3205.	0.4852E-19
3274.	0.4878E-19
3342.	0.4902E-19
3412.	0.4924E-19
3483.	0.4945E-19
3555.	0.4966E-19
 
 
E/N (Td)	Power /N (eV m3/s)
0.9537E-06	0.2821E-28
0.9537E-06	0.2821E-28
0.9537E-06	0.2821E-28
0.9537E-06	0.2821E-28
0.9537E-06	0.2821E-28
0.9537E-06	0.2821E-28
0.9537E-06	0.2821E-28
0.9537E-06	0.2821E-28
0.9537E-06	0.2821E-28
0.9537E-06	0.2821E-28
0.9537E-06	0.2821E-28
0.9537E-06	0.2821E-28
0.9537E-06	0.2821E-28
0.9537E-06	0.2821E-28
0.9537E-06	0.2821E-28
0.9537E-06	0.2821E-28
0.9537E-06	0.2821E-28
0.9537E-06	0.2821E-28
0.9537E-06	0.2821E-28
0.9537E-06	0.2821E-28
0.9537E-06	0.2821E-28
0.9537E-06	0.2821E-28
0.9537E-06	0.2821E-28
0.9537E-06	0.2821E-28
0.9537E-06	0.2821E-28
0.9537E-06	0.2821E-28
0.9537E-06	0.2821E-28
0.9537E-06	0.2821E-28
0.9537E-06	0.2821E-28
0.9537E-06	0.2821E-28
0.9537E-06	0.2821E-28
0.9537E-06	0.2821E-28
0.9537E-06	0.2821E-28
0.9537E-06	0.2821E-28
0.9537E-06	0.2821E-28
0.9537E-06	0.2821E-28
0.9537E-06	0.2821E-28
0.9537E-06	0.2821E-28
0.9537E-06	0.2821E-28
0.9537E-06	0.2821E-28
0.9537E-06	0.2821E-28
0.9537E-06	0.2821E-28
0.9537E-06	0.2821E-28
0.9537E-06	0.2821E-28
0.9537E-06	0.2821E-28
0.9537E-06	0.2821E-28
0.9537E-06	0.2821E-28
0.5022E-02	0.6265E-21
0.1250E-01	0.2890E-20
0.2199E-01	0.7352E-20
0.3259E-01	0.1409E-19
0.4400E-01	0.2310E-19
0.5609E-01	0.3434E-19
0.6882E-01	0.4783E-19
0.8224E-01	0.6366E-19
0.9637E-01	0.8192E-19
0.1113	0.1028E-18
0.1270	0.1263E-18
0.1436	0.1528E-18
0.1612	0.1825E-18
0.1798	0.2156E-18
0.1995	0.2524E-18
0.2204	0.2932E-18
0.2426	0.3385E-18
0.2663	0.3885E-18
0.2914	0.4438E-18
0.3181	0.5049E-18
0.3465	0.5723E-18
0.3768	0.6465E-18
0.4091	0.7283E-18
0.4435	0.8183E-18
0.4801	0.9175E-18
0.5192	0.1027E-17
0.5609	0.1146E-17
0.6053	0.1278E-17
0.6527	0.1423E-17
0.7033	0.1583E-17
0.7572	0.1758E-17
0.8148	0.1950E-17
0.8763	0.2161E-17
0.9419	0.2393E-17
1.012	0.2647E-17
1.087	0.2926E-17
1.166	0.3233E-17
1.252	0.3569E-17
1.343	0.3938E-17
1.440	0.4344E-17
1.544	0.4791E-17
1.656	0.5284E-17
1.776	0.5828E-17
1.904	0.6431E-17
2.043	0.7101E-17
2.192	0.7852E-17
2.354	0.8696E-17
2.530	0.9656E-17
2.724	0.1076E-16
2.937	0.1203E-16
3.175	0.1354E-16
3.444	0.1536E-16
3.752	0.1760E-16
4.111	0.2042E-16
4.540	0.2412E-16
5.067	0.2918E-16
5.741	0.3644E-16
6.641	0.4755E-16
7.904	0.6581E-16
9.750	0.9785E-16
12.46	0.1559E-15
16.27	0.2584E-15
21.27	0.4283E-15
27.46	0.6910E-15
34.85	0.1080E-14
43.51	0.1634E-14
53.48	0.2404E-14
64.82	0.3448E-14
77.57	0.4830E-14
91.72	0.6619E-14
107.3	0.8881E-14
124.1	0.1168E-13
142.2	0.1509E-13
161.6	0.1916E-13
182.0	0.2393E-13
203.4	0.2946E-13
225.7	0.3579E-13
248.9	0.4294E-13
272.9	0.5095E-13
297.6	0.5985E-13
322.8	0.6963E-13
348.8	0.8040E-13
375.4	0.9213E-13
402.4	0.1048E-12
429.8	0.1185E-12
457.8	0.1332E-12
486.3	0.1490E-12
515.2	0.1659E-12
544.5	0.1839E-12
574.2	0.2030E-12
604.4	0.2232E-12
634.9	0.2447E-12
665.7	0.2674E-12
697.0	0.2912E-12
728.7	0.3164E-12
760.7	0.3428E-12
793.2	0.3705E-12
826.0	0.3996E-12
859.2	0.4301E-12
892.8	0.4619E-12
926.9	0.4952E-12
961.3	0.5300E-12
996.1	0.5663E-12
1031.	0.6042E-12
1067.	0.6437E-12
1103.	0.6848E-12
1140.	0.7275E-12
1177.	0.7721E-12
1215.	0.8183E-12
1253.	0.8664E-12
1291.	0.9164E-12
1331.	0.9684E-12
1370.	0.1022E-11
1411.	0.1078E-11
1451.	0.1136E-11
1493.	0.1196E-11
1535.	0.1259E-11
1577.	0.1324E-11
1621.	0.1391E-11
1664.	0.1460E-11
1709.	0.1532E-11
1754.	0.1607E-11
1800.	0.1684E-11
1847.	0.1764E-11
1894.	0.1847E-11
1942.	0.1933E-11
1990.	0.2021E-11
2040.	0.2113E-11
2090.	0.2208E-11
2141.	0.2306E-11
2193.	0.2408E-11
2246.	0.2513E-11
2299.	0.2621E-11
2353.	0.2733E-11
2408.	0.2848E-11
2464.	0.2968E-11
2521.	0.3092E-11
2579.	0.3219E-11
2637.	0.3351E-11
2697.	0.3487E-11
2757.	0.3627E-11
2818.	0.3772E-11
2880.	0.3922E-11
2944.	0.4076E-11
3008.	0.4235E-11
3073.	0.4399E-11
3139.	0.4568E-11
3205.	0.4743E-11
3274.	0.4924E-11
3342.	0.5108E-11
3412.	0.5300E-11
3483.	0.5497E-11
3555.	0.5699E-11
 
 
E/N (Td)	Elastic power loss /N (eV m3/s)
0.9537E-06	-0.3092E-19
0.9537E-06	-0.3092E-19
0.9537E-06	-0.3092E-19
0.9537E-06	-0.3092E-19
0.9537E-06	-0.3092E-19
0.9537E-06	-0.3092E-19
0.9537E-06	-0.3092E-19
0.9537E-06	-0.3092E-19
0.9537E-06	-0.3092E-19
0.9537E-06	-0.3092E-19
0.9537E-06	-0.3092E-19
0.9537E-06	-0.3092E-19
0.9537E-06	-0.3092E-19
0.9537E-06	-0.3092E-19
0.9537E-06	-0.3092E-19
0.9537E-06	-0.3092E-19
0.9537E-06	-0.3092E-19
0.9537E-06	-0.3092E-19
0.9537E-06	-0.3092E-19
0.9537E-06	-0.3092E-19
0.9537E-06	-0.3092E-19
0.9537E-06	-0.3092E-19
0.9537E-06	-0.3092E-19
0.9537E-06	-0.3092E-19
0.9537E-06	-0.3092E-19
0.9537E-06	-0.3092E-19
0.9537E-06	-0.3092E-19
0.9537E-06	-0.3092E-19
0.9537E-06	-0.3092E-19
0.9537E-06	-0.3092E-19
0.9537E-06	-0.3092E-19
0.9537E-06	-0.3092E-19
0.9537E-06	-0.3092E-19
0.9537E-06	-0.3092E-19
0.9537E-06	-0.3092E-19
0.9537E-06	-0.3092E-19
0.9537E-06	-0.3092E-19
0.9537E-06	-0.3092E-19
0.9537E-06	-0.3092E-19
0.9537E-06	-0.3092E-19
0.9537E-06	-0.3092E-19
0.9537E-06	-0.3092E-19
0.9537E-06	-0.3092E-19
0.9537E-06	-0.3092E-19
0.9537E-06	-0.3092E-19
0.9537E-06	-0.3092E-19
0.9537E-06	-0.3092E-19
0.5022E-02	-0.3107E-19
0.1250E-01	-0.3024E-19
0.2199E-01	-0.2747E-19
0.3259E-01	-0.2268E-19
0.4400E-01	-0.1589E-19
0.5609E-01	-0.7151E-20
0.6882E-01	0.3557E-20
0.8224E-01	0.1628E-19
0.9637E-01	0.3109E-19
0.1113	0.4808E-19
0.1270	0.6738E-19
0.1436	0.8913E-19
0.1612	0.1135E-18
0.1798	0.1407E-18
0.1995	0.1709E-18
0.2204	0.2043E-18
0.2426	0.2413E-18
0.2663	0.2820E-18
0.2914	0.3269E-18
0.3181	0.3761E-18
0.3465	0.4302E-18
0.3768	0.4894E-18
0.4091	0.5543E-18
0.4435	0.6252E-18
0.4801	0.7026E-18
0.5192	0.7871E-18
0.5609	0.8793E-18
0.6053	0.9797E-18
0.6527	0.1089E-17
0.7033	0.1208E-17
0.7572	0.1337E-17
0.8148	0.1478E-17
0.8763	0.1631E-17
0.9419	0.1797E-17
1.012	0.1977E-17
1.087	0.2172E-17
1.166	0.2384E-17
1.252	0.2614E-17
1.343	0.2862E-17
1.440	0.3131E-17
1.544	0.3421E-17
1.656	0.3735E-17
1.776	0.4074E-17
1.904	0.4440E-17
2.043	0.4833E-17
2.192	0.5257E-17
2.354	0.5713E-17
2.530	0.6203E-17
2.724	0.6730E-17
2.937	0.7295E-17
3.175	0.7902E-17
3.444	0.8556E-17
3.752	0.9255E-17
4.111	0.1001E-16
4.540	0.1081E-16
5.067	0.1168E-16
5.741	0.1261E-16
6.641	0.1361E-16
7.904	0.1469E-16
9.750	0.1584E-16
12.46	0.1707E-16
16.27	0.1835E-16
21.27	0.1969E-16
27.46	0.2107E-16
34.85	0.2250E-16
43.51	0.2398E-16
53.48	0.2551E-16
64.82	0.2709E-16
77.57	0.2871E-16
91.72	0.3038E-16
107.3	0.3209E-16
124.1	0.3383E-16
142.2	0.3560E-16
161.6	0.3740E-16
182.0	0.3924E-16
203.4	0.4110E-16
225.7	0.4299E-16
248.9	0.4491E-16
272.9	0.4686E-16
297.6	0.4884E-16
322.8	0.5086E-16
348.8	0.5291E-16
375.4	0.5500E-16
402.4	0.5713E-16
429.8	0.5928E-16
457.8	0.6148E-16
486.3	0.6372E-16
515.2	0.6600E-16
544.5	0.6833E-16
574.2	0.7071E-16
604.4	0.7313E-16
634.9	0.7559E-16
665.7	0.7812E-16
697.0	0.8069E-16
728.7	0.8331E-16
760.7	0.8599E-16
793.2	0.8872E-16
826.0	0.9152E-16
859.2	0.9437E-16
892.8	0.9729E-16
926.9	0.1003E-15
961.3	0.1033E-15
996.1	0.1064E-15
1031.	0.1096E-15
1067.	0.1129E-15
1103.	0.1162E-15
1140.	0.1196E-15
1177.	0.1231E-15
1215.	0.1267E-15
1253.	0.1303E-15
1291.	0.1341E-15
1331.	0.1379E-15
1370.	0.1418E-15
1411.	0.1459E-15
1451.	0.1500E-15
1493.	0.1542E-15
1535.	0.1585E-15
1577.	0.1630E-15
1621.	0.1675E-15
1664.	0.1722E-15
1709.	0.1769E-15
1754.	0.1818E-15
1800.	0.1868E-15
1847.	0.1920E-15
1894.	0.1972E-15
1942.	0.2026E-15
1990.	0.2082E-15
2040.	0.2138E-15
2090.	0.2196E-15
2141.	0.2256E-15
2193.	0.2317E-15
2246.	0.2380E-15
2299.	0.2444E-15
2353.	0.2510E-15
2408.	0.2577E-15
2464.	0.2646E-15
2521.	0.2717E-15
2579.	0.2789E-15
2637.	0.2864E-15
2697.	0.2940E-15
2757.	0.3018E-15
2818.	0.3098E-15
2880.	0.3180E-15
2944.	0.3264E-15
3008.	0.3350E-15
3073.	0.3438E-15
3139.	0.3528E-15
3205.	0.3620E-15
3274.	0.3715E-15
3342.	0.3812E-15
3412.	0.3911E-15
3483.	0.4012E-15
3555.	0.4116E-15
 
 
E/N (Td)	Inelastic power loss /N (eV m3/s)
0.9537E-06	0.2343E-19
0.9537E-06	0.2343E-19
0.9537E-06	0.2343E-19
0.9537E-06	0.2343E-19
0.9537E-06	0.2343E-19
0.9537E-06	0.2343E-19
0.9537E-06	0.2343E-19
0.9537E-06	0.2343E-19
0.9537E-06	0.2343E-19
0.9537E-06	0.2343E-19
0.9537E-06	0.2343E-19
0.9537E-06	0.2343E-19
0.9537E-06	0.2343E-19
0.9537E-06	0.2343E-19
0.9537E-06	0.2343E-19
0.9537E-06	0.2343E-19
0.9537E-06	0.2343E-19
0.9537E-06	0.2343E-19
0.9537E-06	0.2343E-19
0.9537E-06	0.2343E-19
0.9537E-06	0.2343E-19
0.9537E-06	0.2343E-19
0.9537E-06	0.2343E-19
0.9537E-06	0.2343E-19
0.9537E-06	0.2343E-19
0.9537E-06	0.2343E-19
0.9537E-06	0.2343E-19
0.9537E-06	0.2343E-19
0.9537E-06	0.2343E-19
0.9537E-06	0.2343E-19
0.9537E-06	0.2343E-19
0.9537E-06	0.2343E-19
0.9537E-06	0.2343E-19
0.9537E-06	0.2343E-19
0.9537E-06	0.2343E-19
0.9537E-06	0.2343E-19
0.9537E-06	0.2343E-19
0.9537E-06	0.2343E-19
0.9537E-06	0.2343E-19
0.9537E-06	0.2343E-19
0.9537E-06	0.2343E-19
0.9537E-06	0.2343E-19
0.9537E-06	0.2343E-19
0.9537E-06	0.2343E-19
0.9537E-06	0.2343E-19
0.9537E-06	0.2343E-19
0.9537E-06	0.2343E-19
0.5022E-02	0.2399E-19
0.1250E-01	0.2501E-19
0.2199E-01	0.2622E-19
0.3259E-01	0.2762E-19
0.4400E-01	0.2921E-19
0.5609E-01	0.3099E-19
0.6882E-01	0.3297E-19
0.8224E-01	0.3516E-19
0.9637E-01	0.3759E-19
0.1113	0.4028E-19
0.1270	0.4325E-19
0.1436	0.4654E-19
0.1612	0.5019E-19
0.1798	0.5434E-19
0.1995	0.5884E-19
0.2204	0.6385E-19
0.2426	0.6943E-19
0.2663	0.7566E-19
0.2914	0.8262E-19
0.3181	0.9041E-19
0.3465	0.9914E-19
0.3768	0.1089E-18
0.4091	0.1199E-18
0.4435	0.1323E-18
0.4801	0.1462E-18
0.5192	0.1618E-18
0.5609	0.1794E-18
0.6053	0.1993E-18
0.6527	0.2216E-18
0.7033	0.2468E-18
0.7572	0.2752E-18
0.8148	0.3072E-18
0.8763	0.3432E-18
0.9419	0.3840E-18
1.012	0.4300E-18
1.087	0.4821E-18
1.166	0.5412E-18
1.252	0.6085E-18
1.343	0.6853E-18
1.440	0.7735E-18
1.544	0.8755E-18
1.656	0.9945E-18
1.776	0.1134E-17
1.904	0.1299E-17
2.043	0.1497E-17
2.192	0.1738E-17
2.354	0.2033E-17
2.530	0.2401E-17
2.724	0.2866E-17
2.937	0.3461E-17
3.175	0.4236E-17
3.444	0.5268E-17
3.752	0.6658E-17
4.111	0.8581E-17
4.540	0.1131E-16
5.067	0.1532E-16
5.741	0.2147E-16
6.641	0.3139E-16
7.904	0.4837E-16
9.750	0.7905E-16
12.46	0.1357E-15
16.27	0.2366E-15
21.27	0.4047E-15
27.46	0.6645E-15
34.85	0.1047E-14
43.51	0.1586E-14
53.48	0.2324E-14
64.82	0.3305E-14
77.57	0.4577E-14
91.72	0.6189E-14
107.3	0.8186E-14
124.1	0.1061E-13
142.2	0.1350E-13
161.6	0.1688E-13
182.0	0.2079E-13
203.4	0.2523E-13
225.7	0.3023E-13
248.9	0.3579E-13
272.9	0.4192E-13
297.6	0.4863E-13
322.8	0.5589E-13
348.8	0.6377E-13
375.4	0.7222E-13
402.4	0.8125E-13
429.8	0.9080E-13
457.8	0.1010E-12
486.3	0.1117E-12
515.2	0.1230E-12
544.5	0.1348E-12
574.2	0.1473E-12
604.4	0.1602E-12
634.9	0.1737E-12
665.7	0.1878E-12
697.0	0.2024E-12
728.7	0.2175E-12
760.7	0.2331E-12
793.2	0.2492E-12
826.0	0.2658E-12
859.2	0.2829E-12
892.8	0.3005E-12
926.9	0.3186E-12
961.3	0.3372E-12
996.1	0.3562E-12
1031.	0.3757E-12
1067.	0.3956E-12
1103.	0.4160E-12
1140.	0.4368E-12
1177.	0.4580E-12
1215.	0.4797E-12
1253.	0.5018E-12
1291.	0.5242E-12
1331.	0.5471E-12
1370.	0.5704E-12
1411.	0.5940E-12
1451.	0.6180E-12
1493.	0.6425E-12
1535.	0.6672E-12
1577.	0.6923E-12
1621.	0.7178E-12
1664.	0.7436E-12
1709.	0.7697E-12
1754.	0.7961E-12
1800.	0.8229E-12
1847.	0.8500E-12
1894.	0.8773E-12
1942.	0.9050E-12
1990.	0.9329E-12
2040.	0.9611E-12
2090.	0.9894E-12
2141.	0.1018E-11
2193.	0.1047E-11
2246.	0.1076E-11
2299.	0.1105E-11
2353.	0.1135E-11
2408.	0.1165E-11
2464.	0.1195E-11
2521.	0.1225E-11
2579.	0.1255E-11
2637.	0.1285E-11
2697.	0.1316E-11
2757.	0.1346E-11
2818.	0.1377E-11
2880.	0.1408E-11
2944.	0.1439E-11
3008.	0.1470E-11
3073.	0.1501E-11
3139.	0.1532E-11
3205.	0.1563E-11
3274.	0.1594E-11
3342.	0.1625E-11
3412.	0.1656E-11
3483.	0.1687E-11
3555.	0.1718E-11
 
 
E/N (Td)	Growth power /N (eV m3/s)
0.9537E-06	0.7377E-20
0.9537E-06	0.7377E-20
0.9537E-06	0.7377E-20
0.9537E-06	0.7377E-20
0.9537E-06	0.7377E-20
0.9537E-06	0.7377E-20
0.9537E-06	0.7377E-20
0.9537E-06	0.7377E-20
0.9537E-06	0.7377E-20
0.9537E-06	0.7377E-20
0.9537E-06	0.7377E-20
0.9537E-06	0.7377E-20
0.9537E-06	0.7377E-20
0.9537E-06	0.7377E-20
0.9537E-06	0.7377E-20
0.9537E-06	0.7377E-20
0.9537E-06	0.7377E-20
0.9537E-06	0.7377E-20
0.9537E-06	0.7377E-20
0.9537E-06	0.7377E-20
0.9537E-06	0.7377E-20
0.9537E-06	0.7377E-20
0.9537E-06	0.7377E-20
0.9537E-06	0.7377E-20
0.9537E-06	0.7377E-20
0.9537E-06	0.7377E-20
0.9537E-06	0.7377E-20
0.9537E-06	0.7377E-20
0.9537E-06	0.7377E-20
0.9537E-06	0.7377E-20
0.9537E-06	0.7377E-20
0.9537E-06	0.7377E-20
0.9537E-06	0.7377E-20
0.9537E-06	0.7377E-20
0.9537E-06	0.7377E-20
0.9537E-06	0.7377E-20
0.9537E-06	0.7377E-20
0.9537E-06	0.7377E-20
0.9537E-06	0.7377E-20
0.9537E-06	0.7377E-20
0.9537E-06	0.7377E-20
0.9537E-06	0.7377E-20
0.9537E-06	0.7377E-20
0.9537E-06	0.7377E-20
0.9537E-06	0.7377E-20
0.9537E-06	0.7377E-20
0.9537E-06	0.7377E-20
0.5022E-02	0.7617E-20
0.1250E-01	0.8047E-20
0.2199E-01	0.8539E-20
0.3259E-01	0.9100E-20
0.4400E-01	0.9738E-20
0.5609E-01	0.1046E-19
0.6882E-01	0.1127E-19
0.8224E-01	0.1218E-19
0.9637E-01	0.1320E-19
0.1113	0.1435E-19
0.1270	0.1565E-19
0.1436	0.1711E-19
0.1612	0.1876E-19
0.1798	0.2063E-19
0.1995	0.2274E-19
0.2204	0.2513E-19
0.2426	0.2785E-19
0.2663	0.3093E-19
0.2914	0.3445E-19
0.3181	0.3845E-19
0.3465	0.4302E-19
0.3768	0.4823E-19
0.4091	0.5419E-19
0.4435	0.6100E-19
0.4801	0.6879E-19
0.5192	0.7769E-19
0.5609	0.8786E-19
0.6053	0.9948E-19
0.6527	0.1127E-18
0.7033	0.1279E-18
0.7572	0.1450E-18
0.8148	0.1646E-18
0.8763	0.1867E-18
0.9419	0.2117E-18
1.012	0.2399E-18
1.087	0.2716E-18
1.166	0.3071E-18
1.252	0.3468E-18
1.343	0.3910E-18
1.440	0.4400E-18
1.544	0.4942E-18
1.656	0.5542E-18
1.776	0.6198E-18
1.904	0.6918E-18
2.043	0.7703E-18
2.192	0.8559E-18
2.354	0.9486E-18
2.530	0.1049E-17
2.724	0.1157E-17
2.937	0.1274E-17
3.175	0.1399E-17
3.444	0.1534E-17
3.752	0.1677E-17
4.111	0.1831E-17
4.540	0.1993E-17
5.067	0.2166E-17
5.741	0.2348E-17
6.641	0.2541E-17
7.904	0.2741E-17
9.750	0.2950E-17
12.46	0.3167E-17
16.27	0.3418E-17
21.27	0.3894E-17
27.46	0.5439E-17
34.85	0.1049E-16
43.51	0.2421E-16
53.48	0.5529E-16
64.82	0.1164E-15
77.57	0.2244E-15
91.72	0.3990E-15
107.3	0.6628E-15
124.1	0.1040E-14
142.2	0.1556E-14
161.6	0.2237E-14
182.0	0.3108E-14
203.4	0.4194E-14
225.7	0.5519E-14
248.9	0.7109E-14
272.9	0.8986E-14
297.6	0.1117E-13
322.8	0.1369E-13
348.8	0.1658E-13
375.4	0.1986E-13
402.4	0.2354E-13
429.8	0.2763E-13
457.8	0.3220E-13
486.3	0.3727E-13
515.2	0.4284E-13
544.5	0.4897E-13
574.2	0.5566E-13
604.4	0.6296E-13
634.9	0.7089E-13
665.7	0.7951E-13
697.0	0.8881E-13
728.7	0.9884E-13
760.7	0.1096E-12
793.2	0.1213E-12
826.0	0.1337E-12
859.2	0.1471E-12
892.8	0.1613E-12
926.9	0.1765E-12
961.3	0.1928E-12
996.1	0.2101E-12
1031.	0.2284E-12
1067.	0.2480E-12
1103.	0.2687E-12
1140.	0.2907E-12
1177.	0.3140E-12
1215.	0.3386E-12
1253.	0.3646E-12
1291.	0.3922E-12
1331.	0.4212E-12
1370.	0.4519E-12
1411.	0.4842E-12
1451.	0.5182E-12
1493.	0.5541E-12
1535.	0.5917E-12
1577.	0.6314E-12
1621.	0.6730E-12
1664.	0.7168E-12
1709.	0.7627E-12
1754.	0.8109E-12
1800.	0.8614E-12
1847.	0.9144E-12
1894.	0.9698E-12
1942.	0.1028E-11
1990.	0.1089E-11
2040.	0.1152E-11
2090.	0.1219E-11
2141.	0.1288E-11
2193.	0.1361E-11
2246.	0.1437E-11
2299.	0.1516E-11
2353.	0.1598E-11
2408.	0.1684E-11
2464.	0.1774E-11
2521.	0.1868E-11
2579.	0.1965E-11
2637.	0.2066E-11
2697.	0.2172E-11
2757.	0.2281E-11
2818.	0.2396E-11
2880.	0.2515E-11
2944.	0.2638E-11
3008.	0.2766E-11
3073.	0.2899E-11
3139.	0.3037E-11
3205.	0.3181E-11
3274.	0.3331E-11
3342.	0.3484E-11
3412.	0.3645E-11
3483.	0.3811E-11
3555.	0.3983E-11
 
 
E/N (Td)	Maximum energy
0.9537E-06	20.70
0.9537E-06	20.70
0.9537E-06	20.70
0.9537E-06	20.70
0.9537E-06	20.70
0.9537E-06	20.70
0.9537E-06	20.70
0.9537E-06	20.70
0.9537E-06	20.70
0.9537E-06	20.70
0.9537E-06	20.70
0.9537E-06	20.70
0.9537E-06	20.70
0.9537E-06	20.70
0.9537E-06	20.70
0.9537E-06	20.70
0.9537E-06	20.70
0.9537E-06	20.70
0.9537E-06	20.70
0.9537E-06	20.70
0.9537E-06	20.70
0.9537E-06	20.70
0.9537E-06	20.70
0.9537E-06	20.70
0.9537E-06	20.70
0.9537E-06	20.70
0.9537E-06	20.70
0.9537E-06	20.70
0.9537E-06	20.70
0.9537E-06	20.70
0.9537E-06	20.70
0.9537E-06	20.70
0.9537E-06	20.70
0.9537E-06	20.70
0.9537E-06	20.70
0.9537E-06	20.70
0.9537E-06	20.70
0.9537E-06	20.70
0.9537E-06	20.70
0.9537E-06	20.70
0.9537E-06	20.70
0.9537E-06	20.70
0.9537E-06	20.70
0.9537E-06	20.70
0.9537E-06	20.70
0.9537E-06	20.70
0.9537E-06	20.70
0.5022E-02	20.70
0.1250E-01	20.70
0.2199E-01	20.70
0.3259E-01	20.70
0.4400E-01	20.70
0.5609E-01	20.70
0.6882E-01	20.70
0.8224E-01	20.70
0.9637E-01	20.70
0.1113	20.70
0.1270	20.70
0.1436	20.70
0.1612	20.70
0.1798	24.56
0.1995	24.56
0.2204	24.56
0.2426	24.56
0.2663	24.56
0.2914	24.56
0.3181	24.56
0.3465	24.56
0.3768	24.56
0.4091	24.56
0.4435	24.56
0.4801	24.56
0.5192	24.56
0.5609	24.56
0.6053	24.56
0.6527	24.56
0.7033	24.56
0.7572	24.56
0.8148	24.56
0.8763	24.56
0.9419	24.56
1.012	24.56
1.087	24.56
1.166	24.56
1.252	24.56
1.343	24.56
1.440	24.56
1.544	24.56
1.656	24.56
1.776	24.56
1.904	24.56
2.043	29.12
2.192	29.12
2.354	29.12
2.530	29.12
2.724	29.12
2.937	29.12
3.175	29.12
3.444	29.12
3.752	29.12
4.111	29.12
4.540	29.12
5.067	29.12
5.741	29.12
6.641	29.12
7.904	29.12
9.750	29.12
12.46	29.12
16.27	29.12
21.27	30.51
27.46	33.26
34.85	30.37
43.51	32.98
53.48	35.73
64.82	33.43
77.57	36.23
91.72	39.22
107.3	43.49
124.1	46.79
142.2	51.15
161.6	55.53
182.0	60.58
203.4	66.37
225.7	72.92
248.9	77.29
272.9	85.07
297.6	90.11
322.8	95.36
348.8	105.2
375.4	111.3
402.4	117.6
429.8	124.1
457.8	136.7
486.3	143.8
515.2	151.1
544.5	158.7
574.2	166.6
604.4	184.1
634.9	193.2
665.7	202.8
697.0	212.7
728.7	223.0
760.7	233.6
793.2	244.6
826.0	302.6
859.2	316.4
892.8	297.7
926.9	311.6
961.3	326.0
996.1	340.9
1031.	356.5
1067.	372.8
1103.	389.6
1140.	407.1
1177.	425.4
1215.	444.5
1253.	464.6
1291.	485.5
1331.	506.7
1370.	528.4
1411.	550.7
1451.	678.4
1493.	706.7
1535.	674.8
1577.	704.0
1621.	734.6
1664.	766.5
1709.	799.5
1754.	834.2
1800.	870.6
1847.	908.1
1894.	947.6
1942.	989.3
1990.	1032.
2040.	1077.
2090.	1124.
2141.	1174.
2193.	1225.
2246.	1279.
2299.	1336.
2353.	1395.
2408.	1459.
2464.	1526.
2521.	1597.
2579.	1671.
2637.	1750.
2697.	1834.
2757.	1919.
2818.	2011.
2880.	2109.
2944.	2211.
3008.	2095.
3073.	2175.
3139.	2256.
3205.	2342.
3274.	2407.
3342.	2496.
3412.	2593.
3483.	2704.
3555.	2811.
 
 
E/N (Td)	# of iterations
0.9537E-06	4.000
0.9537E-06	4.000
0.9537E-06	4.000
0.9537E-06	4.000
0.9537E-06	4.000
0.9537E-06	4.000
0.9537E-06	4.000
0.9537E-06	4.000
0.9537E-06	4.000
0.9537E-06	4.000
0.9537E-06	4.000
0.9537E-06	4.000
0.9537E-06	4.000
0.9537E-06	4.000
0.9537E-06	4.000
0.9537E-06	4.000
0.9537E-06	4.000
0.9537E-06	4.000
0.9537E-06	4.000
0.9537E-06	4.000
0.9537E-06	4.000
0.9537E-06	4.000
0.9537E-06	4.000
0.9537E-06	4.000
0.9537E-06	4.000
0.9537E-06	4.000
0.9537E-06	4.000
0.9537E-06	4.000
0.9537E-06	4.000
0.9537E-06	4.000
0.9537E-06	4.000
0.9537E-06	4.000
0.9537E-06	4.000
0.9537E-06	4.000
0.9537E-06	4.000
0.9537E-06	4.000
0.9537E-06	4.000
0.9537E-06	4.000
0.9537E-06	4.000
0.9537E-06	4.000
0.9537E-06	4.000
0.9537E-06	4.000
0.9537E-06	4.000
0.9537E-06	4.000
0.9537E-06	4.000
0.9537E-06	4.000
0.9537E-06	4.000
0.5022E-02	4.000
0.1250E-01	4.000
0.2199E-01	4.000
0.3259E-01	4.000
0.4400E-01	4.000
0.5609E-01	4.000
0.6882E-01	4.000
0.8224E-01	4.000
0.9637E-01	4.000
0.1113	4.000
0.1270	4.000
0.1436	4.000
0.1612	4.000
0.1798	8.000
0.1995	8.000
0.2204	8.000
0.2426	8.000
0.2663	8.000
0.2914	8.000
0.3181	9.000
0.3465	9.000
0.3768	9.000
0.4091	9.000
0.4435	9.000
0.4801	9.000
0.5192	10.00
0.5609	10.00
0.6053	10.00
0.6527	10.00
0.7033	10.00
0.7572	10.00
0.8148	10.00
0.8763	10.00
0.9419	10.00
1.012	10.00
1.087	10.00
1.166	10.00
1.252	10.00
1.343	10.00
1.440	10.00
1.544	10.00
1.656	10.00
1.776	10.00
1.904	10.00
2.043	15.00
2.192	15.00
2.354	15.00
2.530	15.00
2.724	15.00
2.937	15.00
3.175	15.00
3.444	15.00
3.752	15.00
4.111	15.00
4.540	15.00
5.067	15.00
5.741	15.00
6.641	15.00
7.904	12.00
9.750	12.00
12.46	12.00
16.27	12.00
21.27	12.00
27.46	12.00
34.85	8.000
43.51	8.000
53.48	8.000
64.82	5.000
77.57	5.000
91.72	5.000
107.3	5.000
124.1	5.000
142.2	5.000
161.6	6.000
182.0	6.000
203.4	6.000
225.7	6.000
248.9	6.000
272.9	6.000
297.6	6.000
322.8	6.000
348.8	6.000
375.4	6.000
402.4	6.000
429.8	6.000
457.8	6.000
486.3	6.000
515.2	6.000
544.5	6.000
574.2	6.000
604.4	5.000
634.9	5.000
665.7	6.000
697.0	6.000
728.7	6.000
760.7	6.000
793.2	7.000
826.0	14.00
859.2	14.00
892.8	7.000
926.9	7.000
961.3	7.000
996.1	7.000
1031.	7.000
1067.	7.000
1103.	7.000
1140.	7.000
1177.	7.000
1215.	7.000
1253.	8.000
1291.	8.000
1331.	8.000
1370.	8.000
1411.	8.000
1451.	16.00
1493.	16.00
1535.	8.000
1577.	8.000
1621.	8.000
1664.	8.000
1709.	8.000
1754.	8.000
1800.	9.000
1847.	9.000
1894.	9.000
1942.	9.000
1990.	9.000
2040.	9.000
2090.	9.000
2141.	9.000
2193.	9.000
2246.	9.000
2299.	9.000
2353.	9.000
2408.	9.000
2464.	9.000
2521.	9.000
2579.	9.000
2637.	8.000
2697.	8.000
2757.	8.000
2818.	10.00
2880.	10.00
2944.	10.00
3008.	20.00
3073.	19.00
3139.	19.00
3205.	19.00
3274.	19.00
3342.	19.00
3412.	18.00
3483.	18.00
3555.	18.00
 
 
E/N (Td)	# of grid trials
0.9537E-06	1.000
0.9537E-06	1.000
0.9537E-06	1.000
0.9537E-06	1.000
0.9537E-06	1.000
0.9537E-06	1.000
0.9537E-06	1.000
0.9537E-06	1.000
0.9537E-06	1.000
0.9537E-06	1.000
0.9537E-06	1.000
0.9537E-06	1.000
0.9537E-06	1.000
0.9537E-06	1.000
0.9537E-06	1.000
0.9537E-06	1.000
0.9537E-06	1.000
0.9537E-06	1.000
0.9537E-06	1.000
0.9537E-06	1.000
0.9537E-06	1.000
0.9537E-06	1.000
0.9537E-06	1.000
0.9537E-06	1.000
0.9537E-06	1.000
0.9537E-06	1.000
0.9537E-06	1.000
0.9537E-06	1.000
0.9537E-06	1.000
0.9537E-06	1.000
0.9537E-06	1.000
0.9537E-06	1.000
0.9537E-06	1.000
0.9537E-06	1.000
0.9537E-06	1.000
0.9537E-06	1.000
0.9537E-06	1.000
0.9537E-06	1.000
0.9537E-06	1.000
0.9537E-06	1.000
0.9537E-06	1.000
0.9537E-06	1.000
0.9537E-06	1.000
0.9537E-06	1.000
0.9537E-06	1.000
0.9537E-06	1.000
0.9537E-06	1.000
0.5022E-02	1.000
0.1250E-01	1.000
0.2199E-01	1.000
0.3259E-01	1.000
0.4400E-01	1.000
0.5609E-01	1.000
0.6882E-01	1.000
0.8224E-01	1.000
0.9637E-01	1.000
0.1113	1.000
0.1270	1.000
0.1436	1.000
0.1612	1.000
0.1798	2.000
0.1995	2.000
0.2204	2.000
0.2426	2.000
0.2663	2.000
0.2914	2.000
0.3181	2.000
0.3465	2.000
0.3768	2.000
0.4091	2.000
0.4435	2.000
0.4801	2.000
0.5192	2.000
0.5609	2.000
0.6053	2.000
0.6527	2.000
0.7033	2.000
0.7572	2.000
0.8148	2.000
0.8763	2.000
0.9419	2.000
1.012	2.000
1.087	2.000
1.166	2.000
1.252	2.000
1.343	2.000
1.440	2.000
1.544	2.000
1.656	2.000
1.776	2.000
1.904	2.000
2.043	3.000
2.192	3.000
2.354	3.000
2.530	3.000
2.724	3.000
2.937	3.000
3.175	3.000
3.444	3.000
3.752	3.000
4.111	3.000
4.540	3.000
5.067	3.000
5.741	3.000
6.641	3.000
7.904	3.000
9.750	3.000
12.46	3.000
16.27	3.000
21.27	3.000
27.46	3.000
34.85	2.000
43.51	2.000
53.48	2.000
64.82	1.000
77.57	1.000
91.72	1.000
107.3	1.000
124.1	1.000
142.2	1.000
161.6	1.000
182.0	1.000
203.4	1.000
225.7	1.000
248.9	1.000
272.9	1.000
297.6	1.000
322.8	1.000
348.8	1.000
375.4	1.000
402.4	1.000
429.8	1.000
457.8	1.000
486.3	1.000
515.2	1.000
544.5	1.000
574.2	1.000
604.4	1.000
634.9	1.000
665.7	1.000
697.0	1.000
728.7	1.000
760.7	1.000
793.2	1.000
826.0	2.000
859.2	2.000
892.8	1.000
926.9	1.000
961.3	1.000
996.1	1.000
1031.	1.000
1067.	1.000
1103.	1.000
1140.	1.000
1177.	1.000
1215.	1.000
1253.	1.000
1291.	1.000
1331.	1.000
1370.	1.000
1411.	1.000
1451.	2.000
1493.	2.000
1535.	1.000
1577.	1.000
1621.	1.000
1664.	1.000
1709.	1.000
1754.	1.000
1800.	1.000
1847.	1.000
1894.	1.000
1942.	1.000
1990.	1.000
2040.	1.000
2090.	1.000
2141.	1.000
2193.	1.000
2246.	1.000
2299.	1.000
2353.	1.000
2408.	1.000
2464.	1.000
2521.	1.000
2579.	1.000
2637.	1.000
2697.	1.000
2757.	1.000
2818.	1.000
2880.	1.000
2944.	1.000
3008.	2.000
3073.	2.000
3139.	2.000
3205.	2.000
3274.	2.000
3342.	2.000
3412.	2.000
3483.	2.000
3555.	2.000
 
 
E/N (Td)	Error code
0.9537E-06	7.000
0.9537E-06	7.000
0.9537E-06	7.000
0.9537E-06	7.000
0.9537E-06	7.000
0.9537E-06	7.000
0.9537E-06	7.000
0.9537E-06	7.000
0.9537E-06	7.000
0.9537E-06	7.000
0.9537E-06	7.000
0.9537E-06	7.000
0.9537E-06	7.000
0.9537E-06	7.000
0.9537E-06	7.000
0.9537E-06	7.000
0.9537E-06	7.000
0.9537E-06	7.000
0.9537E-06	7.000
0.9537E-06	7.000
0.9537E-06	7.000
0.9537E-06	7.000
0.9537E-06	7.000
0.9537E-06	7.000
0.9537E-06	7.000
0.9537E-06	7.000
0.9537E-06	7.000
0.9537E-06	7.000
0.9537E-06	7.000
0.9537E-06	7.000
0.9537E-06	7.000
0.9537E-06	7.000
0.9537E-06	7.000
0.9537E-06	7.000
0.9537E-06	7.000
0.9537E-06	7.000
0.9537E-06	7.000
0.9537E-06	7.000
0.9537E-06	7.000
0.9537E-06	7.000
0.9537E-06	7.000
0.9537E-06	7.000
0.9537E-06	7.000
0.9537E-06	7.000
0.9537E-06	7.000
0.9537E-06	7.000
0.9537E-06	7.000
0.5022E-02	0.000
0.1250E-01	0.000
0.2199E-01	0.000
0.3259E-01	0.000
0.4400E-01	0.000
0.5609E-01	0.000
0.6882E-01	0.000
0.8224E-01	0.000
0.9637E-01	0.000
0.1113	0.000
0.1270	0.000
0.1436	0.000
0.1612	0.000
0.1798	0.000
0.1995	0.000
0.2204	0.000
0.2426	0.000
0.2663	0.000
0.2914	0.000
0.3181	0.000
0.3465	0.000
0.3768	0.000
0.4091	0.000
0.4435	0.000
0.4801	0.000
0.5192	0.000
0.5609	0.000
0.6053	0.000
0.6527	0.000
0.7033	0.000
0.7572	0.000
0.8148	0.000
0.8763	0.000
0.9419	0.000
1.012	0.000
1.087	0.000
1.166	0.000
1.252	0.000
1.343	0.000
1.440	0.000
1.544	0.000
1.656	0.000
1.776	0.000
1.904	0.000
2.043	0.000
2.192	0.000
2.354	0.000
2.530	0.000
2.724	0.000
2.937	0.000
3.175	0.000
3.444	0.000
3.752	0.000
4.111	0.000
4.540	0.000
5.067	0.000
5.741	0.000
6.641	0.000
7.904	0.000
9.750	0.000
12.46	0.000
16.27	0.000
21.27	0.000
27.46	0.000
34.85	0.000
43.51	0.000
53.48	0.000
64.82	0.000
77.57	0.000
91.72	0.000
107.3	0.000
124.1	0.000
142.2	0.000
161.6	0.000
182.0	0.000
203.4	0.000
225.7	0.000
248.9	0.000
272.9	0.000
297.6	0.000
322.8	0.000
348.8	0.000
375.4	0.000
402.4	0.000
429.8	0.000
457.8	0.000
486.3	0.000
515.2	0.000
544.5	0.000
574.2	0.000
604.4	0.000
634.9	0.000
665.7	0.000
697.0	0.000
728.7	0.000
760.7	0.000
793.2	0.000
826.0	0.000
859.2	0.000
892.8	0.000
926.9	0.000
961.3	0.000
996.1	0.000
1031.	0.000
1067.	0.000
1103.	0.000
1140.	0.000
1177.	0.000
1215.	0.000
1253.	0.000
1291.	0.000
1331.	0.000
1370.	0.000
1411.	0.000
1451.	0.000
1493.	0.000
1535.	0.000
1577.	0.000
1621.	0.000
1664.	0.000
1709.	0.000
1754.	0.000
1800.	0.000
1847.	0.000
1894.	0.000
1942.	0.000
1990.	0.000
2040.	0.000
2090.	0.000
2141.	0.000
2193.	0.000
2246.	0.000
2299.	0.000
2353.	0.000
2408.	0.000
2464.	0.000
2521.	0.000
2579.	0.000
2637.	0.000
2697.	0.000
2757.	0.000
2818.	0.000
2880.	0.000
2944.	0.000
3008.	0.000
3073.	0.000
3139.	0.000
3205.	0.000
3274.	0.000
3342.	0.000
3412.	0.000
3483.	0.000
3555.	0.000
 
 
C1    Ar    Elastic                                             
E/N (Td)	Rate coefficient (m3/s)
0.9537E-06	0.1376E-13
0.9537E-06	0.1376E-13
0.9537E-06	0.1376E-13
0.9537E-06	0.1376E-13
0.9537E-06	0.1376E-13
0.9537E-06	0.1376E-13
0.9537E-06	0.1376E-13
0.9537E-06	0.1376E-13
0.9537E-06	0.1376E-13
0.9537E-06	0.1376E-13
0.9537E-06	0.1376E-13
0.9537E-06	0.1376E-13
0.9537E-06	0.1376E-13
0.9537E-06	0.1376E-13
0.9537E-06	0.1376E-13
0.9537E-06	0.1376E-13
0.9537E-06	0.1376E-13
0.9537E-06	0.1376E-13
0.9537E-06	0.1376E-13
0.9537E-06	0.1376E-13
0.9537E-06	0.1376E-13
0.9537E-06	0.1376E-13
0.9537E-06	0.1376E-13
0.9537E-06	0.1376E-13
0.9537E-06	0.1376E-13
0.9537E-06	0.1376E-13
0.9537E-06	0.1376E-13
0.9537E-06	0.1376E-13
0.9537E-06	0.1376E-13
0.9537E-06	0.1376E-13
0.9537E-06	0.1376E-13
0.9537E-06	0.1376E-13
0.9537E-06	0.1376E-13
0.9537E-06	0.1376E-13
0.9537E-06	0.1376E-13
0.9537E-06	0.1376E-13
0.9537E-06	0.1376E-13
0.9537E-06	0.1376E-13
0.9537E-06	0.1376E-13
0.9537E-06	0.1376E-13
0.9537E-06	0.1376E-13
0.9537E-06	0.1376E-13
0.9537E-06	0.1376E-13
0.9537E-06	0.1376E-13
0.9537E-06	0.1376E-13
0.9537E-06	0.1376E-13
0.9537E-06	0.1376E-13
0.5022E-02	0.1398E-13
0.1250E-01	0.1438E-13
0.2199E-01	0.1481E-13
0.3259E-01	0.1528E-13
0.4400E-01	0.1578E-13
0.5609E-01	0.1630E-13
0.6882E-01	0.1685E-13
0.8224E-01	0.1742E-13
0.9637E-01	0.1802E-13
0.1113	0.1864E-13
0.1270	0.1930E-13
0.1436	0.1997E-13
0.1612	0.2068E-13
0.1798	0.2141E-13
0.1995	0.2218E-13
0.2204	0.2297E-13
0.2426	0.2380E-13
0.2663	0.2467E-13
0.2914	0.2556E-13
0.3181	0.2650E-13
0.3465	0.2748E-13
0.3768	0.2849E-13
0.4091	0.2955E-13
0.4435	0.3066E-13
0.4801	0.3181E-13
0.5192	0.3301E-13
0.5609	0.3426E-13
0.6053	0.3556E-13
0.6527	0.3692E-13
0.7033	0.3834E-13
0.7572	0.3982E-13
0.8148	0.4136E-13
0.8763	0.4297E-13
0.9419	0.4465E-13
1.012	0.4640E-13
1.087	0.4822E-13
1.166	0.5012E-13
1.252	0.5210E-13
1.343	0.5417E-13
1.440	0.5632E-13
1.544	0.5856E-13
1.656	0.6090E-13
1.776	0.6332E-13
1.904	0.6584E-13
2.043	0.6847E-13
2.192	0.7119E-13
2.354	0.7402E-13
2.530	0.7696E-13
2.724	0.8000E-13
2.937	0.8315E-13
3.175	0.8642E-13
3.444	0.8981E-13
3.752	0.9330E-13
4.111	0.9691E-13
4.540	0.1006E-12
5.067	0.1045E-12
5.741	0.1084E-12
6.641	0.1125E-12
7.904	0.1166E-12
9.750	0.1208E-12
12.46	0.1250E-12
16.27	0.1291E-12
21.27	0.1333E-12
27.46	0.1374E-12
34.85	0.1414E-12
43.51	0.1454E-12
53.48	0.1493E-12
64.82	0.1532E-12
77.57	0.1570E-12
91.72	0.1606E-12
107.3	0.1642E-12
124.1	0.1676E-12
142.2	0.1709E-12
161.6	0.1741E-12
182.0	0.1771E-12
203.4	0.1800E-12
225.7	0.1828E-12
248.9	0.1855E-12
272.9	0.1880E-12
297.6	0.1905E-12
322.8	0.1928E-12
348.8	0.1950E-12
375.4	0.1971E-12
402.4	0.1990E-12
429.8	0.2009E-12
457.8	0.2027E-12
486.3	0.2044E-12
515.2	0.2059E-12
544.5	0.2074E-12
574.2	0.2088E-12
604.4	0.2100E-12
634.9	0.2112E-12
665.7	0.2123E-12
697.0	0.2133E-12
728.7	0.2142E-12
760.7	0.2150E-12
793.2	0.2158E-12
826.0	0.2165E-12
859.2	0.2170E-12
892.8	0.2176E-12
926.9	0.2180E-12
961.3	0.2184E-12
996.1	0.2187E-12
1031.	0.2189E-12
1067.	0.2190E-12
1103.	0.2191E-12
1140.	0.2192E-12
1177.	0.2191E-12
1215.	0.2191E-12
1253.	0.2189E-12
1291.	0.2187E-12
1331.	0.2185E-12
1370.	0.2181E-12
1411.	0.2178E-12
1451.	0.2174E-12
1493.	0.2169E-12
1535.	0.2164E-12
1577.	0.2158E-12
1621.	0.2152E-12
1664.	0.2146E-12
1709.	0.2139E-12
1754.	0.2132E-12
1800.	0.2124E-12
1847.	0.2116E-12
1894.	0.2108E-12
1942.	0.2099E-12
1990.	0.2090E-12
2040.	0.2080E-12
2090.	0.2070E-12
2141.	0.2060E-12
2193.	0.2050E-12
2246.	0.2039E-12
2299.	0.2028E-12
2353.	0.2016E-12
2408.	0.2005E-12
2464.	0.1993E-12
2521.	0.1981E-12
2579.	0.1968E-12
2637.	0.1956E-12
2697.	0.1943E-12
2757.	0.1930E-12
2818.	0.1917E-12
2880.	0.1903E-12
2944.	0.1890E-12
3008.	0.1876E-12
3073.	0.1862E-12
3139.	0.1848E-12
3205.	0.1834E-12
3274.	0.1820E-12
3342.	0.1805E-12
3412.	0.1791E-12
3483.	0.1776E-12
3555.	0.1761E-12
 
 
C2    Ar    Excitation    11.55 eV                              
E/N (Td)	Rate coefficient (m3/s)
0.9537E-06	0.5629E-20
0.9537E-06	0.5629E-20
0.9537E-06	0.5629E-20
0.9537E-06	0.5629E-20
0.9537E-06	0.5629E-20
0.9537E-06	0.5629E-20
0.9537E-06	0.5629E-20
0.9537E-06	0.5629E-20
0.9537E-06	0.5629E-20
0.9537E-06	0.5629E-20
0.9537E-06	0.5629E-20
0.9537E-06	0.5629E-20
0.9537E-06	0.5629E-20
0.9537E-06	0.5629E-20
0.9537E-06	0.5629E-20
0.9537E-06	0.5629E-20
0.9537E-06	0.5629E-20
0.9537E-06	0.5629E-20
0.9537E-06	0.5629E-20
0.9537E-06	0.5629E-20
0.9537E-06	0.5629E-20
0.9537E-06	0.5629E-20
0.9537E-06	0.5629E-20
0.9537E-06	0.5629E-20
0.9537E-06	0.5629E-20
0.9537E-06	0.5629E-20
0.9537E-06	0.5629E-20
0.9537E-06	0.5629E-20
0.9537E-06	0.5629E-20
0.9537E-06	0.5629E-20
0.9537E-06	0.5629E-20
0.9537E-06	0.5629E-20
0.9537E-06	0.5629E-20
0.9537E-06	0.5629E-20
0.9537E-06	0.5629E-20
0.9537E-06	0.5629E-20
0.9537E-06	0.5629E-20
0.9537E-06	0.5629E-20
0.9537E-06	0.5629E-20
0.9537E-06	0.5629E-20
0.9537E-06	0.5629E-20
0.9537E-06	0.5629E-20
0.9537E-06	0.5629E-20
0.9537E-06	0.5629E-20
0.9537E-06	0.5629E-20
0.9537E-06	0.5629E-20
0.9537E-06	0.5629E-20
0.5022E-02	0.5695E-20
0.1250E-01	0.5797E-20
0.2199E-01	0.5891E-20
0.3259E-01	0.5978E-20
0.4400E-01	0.6062E-20
0.5609E-01	0.6142E-20
0.6882E-01	0.6220E-20
0.8224E-01	0.6295E-20
0.9637E-01	0.6369E-20
0.1113	0.6442E-20
0.1270	0.6514E-20
0.1436	0.6586E-20
0.1612	0.6658E-20
0.1798	0.6731E-20
0.1995	0.6806E-20
0.2204	0.6882E-20
0.2426	0.6962E-20
0.2663	0.7047E-20
0.2914	0.7137E-20
0.3181	0.7234E-20
0.3465	0.7341E-20
0.3768	0.7459E-20
0.4091	0.7592E-20
0.4435	0.7742E-20
0.4801	0.7913E-20
0.5192	0.8111E-20
0.5609	0.8342E-20
0.6053	0.8613E-20
0.6527	0.8934E-20
0.7033	0.9316E-20
0.7572	0.9776E-20
0.8148	0.1033E-19
0.8763	0.1101E-19
0.9419	0.1184E-19
1.012	0.1285E-19
1.087	0.1412E-19
1.166	0.1569E-19
1.252	0.1766E-19
1.343	0.2013E-19
1.440	0.2327E-19
1.544	0.2725E-19
1.656	0.3234E-19
1.776	0.3887E-19
1.904	0.4728E-19
2.043	0.5814E-19
2.192	0.7233E-19
2.354	0.9089E-19
2.530	0.1153E-18
2.724	0.1477E-18
2.937	0.1909E-18
3.175	0.2492E-18
3.444	0.3290E-18
3.752	0.4389E-18
4.111	0.5934E-18
4.540	0.8155E-18
5.067	0.1144E-17
5.741	0.1647E-17
6.641	0.2453E-17
7.904	0.3807E-17
9.750	0.6172E-17
12.46	0.1029E-16
16.27	0.1706E-16
21.27	0.2725E-16
27.46	0.4135E-16
34.85	0.5986E-16
43.51	0.8307E-16
53.48	0.1112E-15
64.82	0.1442E-15
77.57	0.1821E-15
91.72	0.2245E-15
107.3	0.2712E-15
124.1	0.3218E-15
142.2	0.3761E-15
161.6	0.4338E-15
182.0	0.4944E-15
203.4	0.5578E-15
225.7	0.6238E-15
248.9	0.6921E-15
272.9	0.7626E-15
297.6	0.8352E-15
322.8	0.9097E-15
348.8	0.9863E-15
375.4	0.1065E-14
402.4	0.1145E-14
429.8	0.1227E-14
457.8	0.1311E-14
486.3	0.1397E-14
515.2	0.1484E-14
544.5	0.1574E-14
574.2	0.1665E-14
604.4	0.1758E-14
634.9	0.1852E-14
665.7	0.1949E-14
697.0	0.2047E-14
728.7	0.2146E-14
760.7	0.2247E-14
793.2	0.2350E-14
826.0	0.2455E-14
859.2	0.2560E-14
892.8	0.2668E-14
926.9	0.2776E-14
961.3	0.2886E-14
996.1	0.2998E-14
1031.	0.3110E-14
1067.	0.3224E-14
1103.	0.3339E-14
1140.	0.3455E-14
1177.	0.3572E-14
1215.	0.3690E-14
1253.	0.3810E-14
1291.	0.3930E-14
1331.	0.4051E-14
1370.	0.4172E-14
1411.	0.4295E-14
1451.	0.4418E-14
1493.	0.4541E-14
1535.	0.4666E-14
1577.	0.4791E-14
1621.	0.4916E-14
1664.	0.5041E-14
1709.	0.5167E-14
1754.	0.5293E-14
1800.	0.5419E-14
1847.	0.5546E-14
1894.	0.5672E-14
1942.	0.5799E-14
1990.	0.5925E-14
2040.	0.6051E-14
2090.	0.6177E-14
2141.	0.6302E-14
2193.	0.6428E-14
2246.	0.6552E-14
2299.	0.6676E-14
2353.	0.6800E-14
2408.	0.6923E-14
2464.	0.7045E-14
2521.	0.7167E-14
2579.	0.7288E-14
2637.	0.7407E-14
2697.	0.7526E-14
2757.	0.7644E-14
2818.	0.7760E-14
2880.	0.7876E-14
2944.	0.7990E-14
3008.	0.8104E-14
3073.	0.8215E-14
3139.	0.8326E-14
3205.	0.8435E-14
3274.	0.8543E-14
3342.	0.8648E-14
3412.	0.8753E-14
3483.	0.8857E-14
3555.	0.8957E-14
 
 
C3    Ar    Excitation    13.00 eV                              
E/N (Td)	Rate coefficient (m3/s)
0.9537E-06	0.1667E-20
0.9537E-06	0.1667E-20
0.9537E-06	0.1667E-20
0.9537E-06	0.1667E-20
0.9537E-06	0.1667E-20
0.9537E-06	0.1667E-20
0.9537E-06	0.1667E-20
0.9537E-06	0.1667E-20
0.9537E-06	0.1667E-20
0.9537E-06	0.1667E-20
0.9537E-06	0.1667E-20
0.9537E-06	0.1667E-20
0.9537E-06	0.1667E-20
0.9537E-06	0.1667E-20
0.9537E-06	0.1667E-20
0.9537E-06	0.1667E-20
0.9537E-06	0.1667E-20
0.9537E-06	0.1667E-20
0.9537E-06	0.1667E-20
0.9537E-06	0.1667E-20
0.9537E-06	0.1667E-20
0.9537E-06	0.1667E-20
0.9537E-06	0.1667E-20
0.9537E-06	0.1667E-20
0.9537E-06	0.1667E-20
0.9537E-06	0.1667E-20
0.9537E-06	0.1667E-20
0.9537E-06	0.1667E-20
0.9537E-06	0.1667E-20
0.9537E-06	0.1667E-20
0.9537E-06	0.1667E-20
0.9537E-06	0.1667E-20
0.9537E-06	0.1667E-20
0.9537E-06	0.1667E-20
0.9537E-06	0.1667E-20
0.9537E-06	0.1667E-20
0.9537E-06	0.1667E-20
0.9537E-06	0.1667E-20
0.9537E-06	0.1667E-20
0.9537E-06	0.1667E-20
0.9537E-06	0.1667E-20
0.9537E-06	0.1667E-20
0.9537E-06	0.1667E-20
0.9537E-06	0.1667E-20
0.9537E-06	0.1667E-20
0.9537E-06	0.1667E-20
0.9537E-06	0.1667E-20
0.5022E-02	0.1694E-20
0.1250E-01	0.1741E-20
0.2199E-01	0.1790E-20
0.3259E-01	0.1843E-20
0.4400E-01	0.1900E-20
0.5609E-01	0.1960E-20
0.6882E-01	0.2023E-20
0.8224E-01	0.2089E-20
0.9637E-01	0.2157E-20
0.1113	0.2229E-20
0.1270	0.2303E-20
0.1436	0.2380E-20
0.1612	0.2459E-20
0.1798	0.2542E-20
0.1995	0.2625E-20
0.2204	0.2710E-20
0.2426	0.2797E-20
0.2663	0.2885E-20
0.2914	0.2974E-20
0.3181	0.3064E-20
0.3465	0.3154E-20
0.3768	0.3246E-20
0.4091	0.3337E-20
0.4435	0.3429E-20
0.4801	0.3520E-20
0.5192	0.3611E-20
0.5609	0.3701E-20
0.6053	0.3791E-20
0.6527	0.3879E-20
0.7033	0.3967E-20
0.7572	0.4053E-20
0.8148	0.4137E-20
0.8763	0.4220E-20
0.9419	0.4302E-20
1.012	0.4382E-20
1.087	0.4460E-20
1.166	0.4537E-20
1.252	0.4614E-20
1.343	0.4689E-20
1.440	0.4765E-20
1.544	0.4842E-20
1.656	0.4921E-20
1.776	0.5006E-20
1.904	0.5099E-20
2.043	0.5206E-20
2.192	0.5333E-20
2.354	0.5492E-20
2.530	0.5701E-20
2.724	0.5987E-20
2.937	0.6396E-20
3.175	0.7005E-20
3.444	0.7952E-20
3.752	0.9470E-20
4.111	0.1202E-19
4.540	0.1653E-19
5.067	0.2500E-19
5.741	0.4212E-19
6.641	0.7991E-19
7.904	0.1719E-18
9.750	0.4150E-18
12.46	0.1069E-17
16.27	0.2685E-17
21.27	0.6115E-17
27.46	0.1234E-16
34.85	0.2238E-16
43.51	0.3725E-16
53.48	0.5785E-16
64.82	0.8503E-16
77.57	0.1195E-15
91.72	0.1618E-15
107.3	0.2123E-15
124.1	0.2712E-15
142.2	0.3385E-15
161.6	0.4141E-15
182.0	0.4979E-15
203.4	0.5895E-15
225.7	0.6887E-15
248.9	0.7951E-15
272.9	0.9084E-15
297.6	0.1028E-14
322.8	0.1154E-14
348.8	0.1286E-14
375.4	0.1424E-14
402.4	0.1566E-14
429.8	0.1714E-14
457.8	0.1866E-14
486.3	0.2024E-14
515.2	0.2185E-14
544.5	0.2351E-14
574.2	0.2520E-14
604.4	0.2694E-14
634.9	0.2871E-14
665.7	0.3051E-14
697.0	0.3234E-14
728.7	0.3420E-14
760.7	0.3609E-14
793.2	0.3800E-14
826.0	0.3994E-14
859.2	0.4189E-14
892.8	0.4387E-14
926.9	0.4587E-14
961.3	0.4788E-14
996.1	0.4990E-14
1031.	0.5194E-14
1067.	0.5400E-14
1103.	0.5606E-14
1140.	0.5813E-14
1177.	0.6021E-14
1215.	0.6229E-14
1253.	0.6438E-14
1291.	0.6647E-14
1331.	0.6857E-14
1370.	0.7066E-14
1411.	0.7276E-14
1451.	0.7485E-14
1493.	0.7695E-14
1535.	0.7903E-14
1577.	0.8112E-14
1621.	0.8320E-14
1664.	0.8527E-14
1709.	0.8733E-14
1754.	0.8938E-14
1800.	0.9143E-14
1847.	0.9346E-14
1894.	0.9548E-14
1942.	0.9749E-14
1990.	0.9948E-14
2040.	0.1015E-13
2090.	0.1034E-13
2141.	0.1053E-13
2193.	0.1073E-13
2246.	0.1092E-13
2299.	0.1111E-13
2353.	0.1129E-13
2408.	0.1148E-13
2464.	0.1166E-13
2521.	0.1184E-13
2579.	0.1202E-13
2637.	0.1219E-13
2697.	0.1236E-13
2757.	0.1253E-13
2818.	0.1270E-13
2880.	0.1287E-13
2944.	0.1303E-13
3008.	0.1319E-13
3073.	0.1334E-13
3139.	0.1350E-13
3205.	0.1365E-13
3274.	0.1379E-13
3342.	0.1394E-13
3412.	0.1408E-13
3483.	0.1422E-13
3555.	0.1435E-13
 
 
C4    Ar    Excitation    14.00 eV                              
E/N (Td)	Rate coefficient (m3/s)
0.9537E-06	0.2342E-21
0.9537E-06	0.2342E-21
0.9537E-06	0.2342E-21
0.9537E-06	0.2342E-21
0.9537E-06	0.2342E-21
0.9537E-06	0.2342E-21
0.9537E-06	0.2342E-21
0.9537E-06	0.2342E-21
0.9537E-06	0.2342E-21
0.9537E-06	0.2342E-21
0.9537E-06	0.2342E-21
0.9537E-06	0.2342E-21
0.9537E-06	0.2342E-21
0.9537E-06	0.2342E-21
0.9537E-06	0.2342E-21
0.9537E-06	0.2342E-21
0.9537E-06	0.2342E-21
0.9537E-06	0.2342E-21
0.9537E-06	0.2342E-21
0.9537E-06	0.2342E-21
0.9537E-06	0.2342E-21
0.9537E-06	0.2342E-21
0.9537E-06	0.2342E-21
0.9537E-06	0.2342E-21
0.9537E-06	0.2342E-21
0.9537E-06	0.2342E-21
0.9537E-06	0.2342E-21
0.9537E-06	0.2342E-21
0.9537E-06	0.2342E-21
0.9537E-06	0.2342E-21
0.9537E-06	0.2342E-21
0.9537E-06	0.2342E-21
0.9537E-06	0.2342E-21
0.9537E-06	0.2342E-21
0.9537E-06	0.2342E-21
0.9537E-06	0.2342E-21
0.9537E-06	0.2342E-21
0.9537E-06	0.2342E-21
0.9537E-06	0.2342E-21
0.9537E-06	0.2342E-21
0.9537E-06	0.2342E-21
0.9537E-06	0.2342E-21
0.9537E-06	0.2342E-21
0.9537E-06	0.2342E-21
0.9537E-06	0.2342E-21
0.9537E-06	0.2342E-21
0.9537E-06	0.2342E-21
0.5022E-02	0.2383E-21
0.1250E-01	0.2455E-21
0.2199E-01	0.2538E-21
0.3259E-01	0.2631E-21
0.4400E-01	0.2733E-21
0.5609E-01	0.2844E-21
0.6882E-01	0.2963E-21
0.8224E-01	0.3092E-21
0.9637E-01	0.3229E-21
0.1113	0.3375E-21
0.1270	0.3531E-21
0.1436	0.3696E-21
0.1612	0.3871E-21
0.1798	0.4063E-21
0.1995	0.4259E-21
0.2204	0.4465E-21
0.2426	0.4683E-21
0.2663	0.4911E-21
0.2914	0.5151E-21
0.3181	0.5401E-21
0.3465	0.5663E-21
0.3768	0.5936E-21
0.4091	0.6219E-21
0.4435	0.6512E-21
0.4801	0.6815E-21
0.5192	0.7127E-21
0.5609	0.7447E-21
0.6053	0.7774E-21
0.6527	0.8108E-21
0.7033	0.8446E-21
0.7572	0.8789E-21
0.8148	0.9134E-21
0.8763	0.9481E-21
0.9419	0.9828E-21
1.012	0.1017E-20
1.087	0.1052E-20
1.166	0.1086E-20
1.252	0.1119E-20
1.343	0.1153E-20
1.440	0.1185E-20
1.544	0.1217E-20
1.656	0.1248E-20
1.776	0.1278E-20
1.904	0.1308E-20
2.043	0.1336E-20
2.192	0.1364E-20
2.354	0.1391E-20
2.530	0.1417E-20
2.724	0.1442E-20
2.937	0.1467E-20
3.175	0.1491E-20
3.444	0.1515E-20
3.752	0.1540E-20
4.111	0.1570E-20
4.540	0.1610E-20
5.067	0.1680E-20
5.741	0.1837E-20
6.641	0.2289E-20
7.904	0.3881E-20
9.750	0.1048E-19
12.46	0.3935E-19
16.27	0.1532E-18
21.27	0.5116E-18
27.46	0.1393E-17
34.85	0.3177E-17
43.51	0.6289E-17
53.48	0.1116E-16
64.82	0.1821E-16
77.57	0.2780E-16
91.72	0.4026E-16
107.3	0.5582E-16
124.1	0.7470E-16
142.2	0.9706E-16
161.6	0.1230E-15
182.0	0.1527E-15
203.4	0.1861E-15
225.7	0.2232E-15
248.9	0.2642E-15
272.9	0.3090E-15
297.6	0.3575E-15
322.8	0.4097E-15
348.8	0.4659E-15
375.4	0.5259E-15
402.4	0.5896E-15
429.8	0.6567E-15
457.8	0.7277E-15
486.3	0.8026E-15
515.2	0.8810E-15
544.5	0.9633E-15
574.2	0.1049E-14
604.4	0.1139E-14
634.9	0.1232E-14
665.7	0.1329E-14
697.0	0.1429E-14
728.7	0.1533E-14
760.7	0.1641E-14
793.2	0.1752E-14
826.0	0.1866E-14
859.2	0.1984E-14
892.8	0.2106E-14
926.9	0.2231E-14
961.3	0.2360E-14
996.1	0.2492E-14
1031.	0.2627E-14
1067.	0.2766E-14
1103.	0.2908E-14
1140.	0.3054E-14
1177.	0.3203E-14
1215.	0.3355E-14
1253.	0.3511E-14
1291.	0.3670E-14
1331.	0.3832E-14
1370.	0.3997E-14
1411.	0.4166E-14
1451.	0.4338E-14
1493.	0.4513E-14
1535.	0.4691E-14
1577.	0.4873E-14
1621.	0.5057E-14
1664.	0.5245E-14
1709.	0.5435E-14
1754.	0.5629E-14
1800.	0.5825E-14
1847.	0.6024E-14
1894.	0.6227E-14
1942.	0.6432E-14
1990.	0.6639E-14
2040.	0.6850E-14
2090.	0.7062E-14
2141.	0.7278E-14
2193.	0.7496E-14
2246.	0.7716E-14
2299.	0.7939E-14
2353.	0.8163E-14
2408.	0.8390E-14
2464.	0.8619E-14
2521.	0.8850E-14
2579.	0.9083E-14
2637.	0.9317E-14
2697.	0.9553E-14
2757.	0.9791E-14
2818.	0.1003E-13
2880.	0.1027E-13
2944.	0.1051E-13
3008.	0.1076E-13
3073.	0.1100E-13
3139.	0.1124E-13
3205.	0.1149E-13
3274.	0.1174E-13
3342.	0.1198E-13
3412.	0.1223E-13
3483.	0.1248E-13
3555.	0.1272E-13
 
 
C5    Ar    Ionization    15.70 eV                              
E/N (Td)	Rate coefficient (m3/s)
0.9537E-06	0.1053E-21
0.9537E-06	0.1053E-21
0.9537E-06	0.1053E-21
0.9537E-06	0.1053E-21
0.9537E-06	0.1053E-21
0.9537E-06	0.1053E-21
0.9537E-06	0.1053E-21
0.9537E-06	0.1053E-21
0.9537E-06	0.1053E-21
0.9537E-06	0.1053E-21
0.9537E-06	0.1053E-21
0.9537E-06	0.1053E-21
0.9537E-06	0.1053E-21
0.9537E-06	0.1053E-21
0.9537E-06	0.1053E-21
0.9537E-06	0.1053E-21
0.9537E-06	0.1053E-21
0.9537E-06	0.1053E-21
0.9537E-06	0.1053E-21
0.9537E-06	0.1053E-21
0.9537E-06	0.1053E-21
0.9537E-06	0.1053E-21
0.9537E-06	0.1053E-21
0.9537E-06	0.1053E-21
0.9537E-06	0.1053E-21
0.9537E-06	0.1053E-21
0.9537E-06	0.1053E-21
0.9537E-06	0.1053E-21
0.9537E-06	0.1053E-21
0.9537E-06	0.1053E-21
0.9537E-06	0.1053E-21
0.9537E-06	0.1053E-21
0.9537E-06	0.1053E-21
0.9537E-06	0.1053E-21
0.9537E-06	0.1053E-21
0.9537E-06	0.1053E-21
0.9537E-06	0.1053E-21
0.9537E-06	0.1053E-21
0.9537E-06	0.1053E-21
0.9537E-06	0.1053E-21
0.9537E-06	0.1053E-21
0.9537E-06	0.1053E-21
0.9537E-06	0.1053E-21
0.9537E-06	0.1053E-21
0.9537E-06	0.1053E-21
0.9537E-06	0.1053E-21
0.9537E-06	0.1053E-21
0.5022E-02	0.1071E-21
0.1250E-01	0.1105E-21
0.2199E-01	0.1145E-21
0.3259E-01	0.1191E-21
0.4400E-01	0.1243E-21
0.5609E-01	0.1302E-21
0.6882E-01	0.1367E-21
0.8224E-01	0.1440E-21
0.9637E-01	0.1520E-21
0.1113	0.1609E-21
0.1270	0.1706E-21
0.1436	0.1813E-21
0.1612	0.1930E-21
0.1798	0.2094E-21
0.1995	0.2237E-21
0.2204	0.2395E-21
0.2426	0.2568E-21
0.2663	0.2757E-21
0.2914	0.2964E-21
0.3181	0.3191E-21
0.3465	0.3439E-21
0.3768	0.3710E-21
0.4091	0.4005E-21
0.4435	0.4328E-21
0.4801	0.4680E-21
0.5192	0.5063E-21
0.5609	0.5479E-21
0.6053	0.5930E-21
0.6527	0.6419E-21
0.7033	0.6947E-21
0.7572	0.7517E-21
0.8148	0.8131E-21
0.8763	0.8790E-21
0.9419	0.9497E-21
1.012	0.1025E-20
1.087	0.1105E-20
1.166	0.1191E-20
1.252	0.1281E-20
1.343	0.1377E-20
1.440	0.1477E-20
1.544	0.1583E-20
1.656	0.1693E-20
1.776	0.1809E-20
1.904	0.1929E-20
2.043	0.2054E-20
2.192	0.2183E-20
2.354	0.2316E-20
2.530	0.2454E-20
2.724	0.2595E-20
2.937	0.2740E-20
3.175	0.2888E-20
3.444	0.3041E-20
3.752	0.3196E-20
4.111	0.3354E-20
4.540	0.3514E-20
5.067	0.3677E-20
5.741	0.3842E-20
6.641	0.4009E-20
7.904	0.4179E-20
9.750	0.4381E-20
12.46	0.5027E-20
16.27	0.1077E-19
21.27	0.5512E-19
27.46	0.2814E-18
34.85	0.1089E-17
43.51	0.3286E-17
53.48	0.8175E-17
64.82	0.1756E-16
77.57	0.3366E-16
91.72	0.5898E-16
107.3	0.9611E-16
124.1	0.1476E-15
142.2	0.2160E-15
161.6	0.3033E-15
182.0	0.4116E-15
203.4	0.5423E-15
225.7	0.6968E-15
248.9	0.8762E-15
272.9	0.1081E-14
297.6	0.1312E-14
322.8	0.1570E-14
348.8	0.1856E-14
375.4	0.2169E-14
402.4	0.2510E-14
429.8	0.2876E-14
457.8	0.3271E-14
486.3	0.3695E-14
515.2	0.4146E-14
544.5	0.4626E-14
574.2	0.5132E-14
604.4	0.5666E-14
634.9	0.6227E-14
665.7	0.6816E-14
697.0	0.7431E-14
728.7	0.8072E-14
760.7	0.8740E-14
793.2	0.9434E-14
826.0	0.1015E-13
859.2	0.1090E-13
892.8	0.1167E-13
926.9	0.1247E-13
961.3	0.1328E-13
996.1	0.1413E-13
1031.	0.1500E-13
1067.	0.1589E-13
1103.	0.1680E-13
1140.	0.1774E-13
1177.	0.1870E-13
1215.	0.1969E-13
1253.	0.2069E-13
1291.	0.2172E-13
1331.	0.2277E-13
1370.	0.2384E-13
1411.	0.2494E-13
1451.	0.2605E-13
1493.	0.2718E-13
1535.	0.2834E-13
1577.	0.2951E-13
1621.	0.3070E-13
1664.	0.3192E-13
1709.	0.3315E-13
1754.	0.3440E-13
1800.	0.3566E-13
1847.	0.3695E-13
1894.	0.3825E-13
1942.	0.3957E-13
1990.	0.4090E-13
2040.	0.4225E-13
2090.	0.4362E-13
2141.	0.4500E-13
2193.	0.4639E-13
2246.	0.4781E-13
2299.	0.4923E-13
2353.	0.5066E-13
2408.	0.5211E-13
2464.	0.5357E-13
2521.	0.5504E-13
2579.	0.5652E-13
2637.	0.5801E-13
2697.	0.5951E-13
2757.	0.6102E-13
2818.	0.6254E-13
2880.	0.6407E-13
2944.	0.6560E-13
3008.	0.6714E-13
3073.	0.6869E-13
3139.	0.7024E-13
3205.	0.7180E-13
3274.	0.7336E-13
3342.	0.7491E-13
3412.	0.7648E-13
3483.	0.7805E-13
3555.	0.7962E-13
 
 
C6    Ar*    Ionization    4.20 eV                              
E/N (Td)	Rate coefficient (m3/s)
0.9537E-06	0.5879E-15
0.9537E-06	0.5879E-15
0.9537E-06	0.5879E-15
0.9537E-06	0.5879E-15
0.9537E-06	0.5879E-15
0.9537E-06	0.5879E-15
0.9537E-06	0.5879E-15
0.9537E-06	0.5879E-15
0.9537E-06	0.5879E-15
0.9537E-06	0.5879E-15
0.9537E-06	0.5879E-15
0.9537E-06	0.5879E-15
0.9537E-06	0.5879E-15
0.9537E-06	0.5879E-15
0.9537E-06	0.5879E-15
0.9537E-06	0.5879E-15
0.9537E-06	0.5879E-15
0.9537E-06	0.5879E-15
0.9537E-06	0.5879E-15
0.9537E-06	0.5879E-15
0.9537E-06	0.5879E-15
0.9537E-06	0.5879E-15
0.9537E-06	0.5879E-15
0.9537E-06	0.5879E-15
0.9537E-06	0.5879E-15
0.9537E-06	0.5879E-15
0.9537E-06	0.5879E-15
0.9537E-06	0.5879E-15
0.9537E-06	0.5879E-15
0.9537E-06	0.5879E-15
0.9537E-06	0.5879E-15
0.9537E-06	0.5879E-15
0.9537E-06	0.5879E-15
0.9537E-06	0.5879E-15
0.9537E-06	0.5879E-15
0.9537E-06	0.5879E-15
0.9537E-06	0.5879E-15
0.9537E-06	0.5879E-15
0.9537E-06	0.5879E-15
0.9537E-06	0.5879E-15
0.9537E-06	0.5879E-15
0.9537E-06	0.5879E-15
0.9537E-06	0.5879E-15
0.9537E-06	0.5879E-15
0.9537E-06	0.5879E-15
0.9537E-06	0.5879E-15
0.9537E-06	0.5879E-15
0.5022E-02	0.5981E-15
0.1250E-01	0.6166E-15
0.2199E-01	0.6387E-15
0.3259E-01	0.6644E-15
0.4400E-01	0.6939E-15
0.5609E-01	0.7273E-15
0.6882E-01	0.7648E-15
0.8224E-01	0.8068E-15
0.9637E-01	0.8537E-15
0.1113	0.9060E-15
0.1270	0.9643E-15
0.1436	0.1029E-14
0.1612	0.1101E-14
0.1798	0.1182E-14
0.1995	0.1272E-14
0.2204	0.1372E-14
0.2426	0.1484E-14
0.2663	0.1609E-14
0.2914	0.1749E-14
0.3181	0.1906E-14
0.3465	0.2082E-14
0.3768	0.2279E-14
0.4091	0.2500E-14
0.4435	0.2747E-14
0.4801	0.3025E-14
0.5192	0.3335E-14
0.5609	0.3683E-14
0.6053	0.4071E-14
0.6527	0.4504E-14
0.7033	0.4987E-14
0.7572	0.5524E-14
0.8148	0.6119E-14
0.8763	0.6778E-14
0.9419	0.7504E-14
1.012	0.8302E-14
1.087	0.9176E-14
1.166	0.1013E-13
1.252	0.1117E-13
1.343	0.1229E-13
1.440	0.1351E-13
1.544	0.1481E-13
1.656	0.1621E-13
1.776	0.1770E-13
1.904	0.1929E-13
2.043	0.2097E-13
2.192	0.2274E-13
2.354	0.2461E-13
2.530	0.2656E-13
2.724	0.2861E-13
2.937	0.3074E-13
3.175	0.3296E-13
3.444	0.3527E-13
3.752	0.3765E-13
4.111	0.4010E-13
4.540	0.4263E-13
5.067	0.4522E-13
5.741	0.4785E-13
6.641	0.5053E-13
7.904	0.5323E-13
9.750	0.5591E-13
12.46	0.5854E-13
16.27	0.6111E-13
21.27	0.6364E-13
27.46	0.6613E-13
34.85	0.6861E-13
43.51	0.7107E-13
53.48	0.7352E-13
64.82	0.7595E-13
77.57	0.7838E-13
91.72	0.8079E-13
107.3	0.8319E-13
124.1	0.8556E-13
142.2	0.8791E-13
161.6	0.9024E-13
182.0	0.9255E-13
203.4	0.9485E-13
225.7	0.9712E-13
248.9	0.9938E-13
272.9	0.1016E-12
297.6	0.1038E-12
322.8	0.1060E-12
348.8	0.1082E-12
375.4	0.1104E-12
402.4	0.1126E-12
429.8	0.1147E-12
457.8	0.1169E-12
486.3	0.1190E-12
515.2	0.1211E-12
544.5	0.1231E-12
574.2	0.1252E-12
604.4	0.1272E-12
634.9	0.1293E-12
665.7	0.1313E-12
697.0	0.1333E-12
728.7	0.1352E-12
760.7	0.1372E-12
793.2	0.1391E-12
826.0	0.1411E-12
859.2	0.1430E-12
892.8	0.1449E-12
926.9	0.1467E-12
961.3	0.1486E-12
996.1	0.1504E-12
1031.	0.1523E-12
1067.	0.1541E-12
1103.	0.1559E-12
1140.	0.1577E-12
1177.	0.1594E-12
1215.	0.1612E-12
1253.	0.1629E-12
1291.	0.1646E-12
1331.	0.1663E-12
1370.	0.1680E-12
1411.	0.1697E-12
1451.	0.1713E-12
1493.	0.1729E-12
1535.	0.1746E-12
1577.	0.1762E-12
1621.	0.1777E-12
1664.	0.1793E-12
1709.	0.1808E-12
1754.	0.1824E-12
1800.	0.1839E-12
1847.	0.1854E-12
1894.	0.1868E-12
1942.	0.1883E-12
1990.	0.1897E-12
2040.	0.1911E-12
2090.	0.1925E-12
2141.	0.1939E-12
2193.	0.1952E-12
2246.	0.1966E-12
2299.	0.1979E-12
2353.	0.1992E-12
2408.	0.2004E-12
2464.	0.2017E-12
2521.	0.2029E-12
2579.	0.2041E-12
2637.	0.2053E-12
2697.	0.2064E-12
2757.	0.2076E-12
2818.	0.2087E-12
2880.	0.2098E-12
2944.	0.2108E-12
3008.	0.2119E-12
3073.	0.2129E-12
3139.	0.2139E-12
3205.	0.2149E-12
3274.	0.2158E-12
3342.	0.2167E-12
3412.	0.2176E-12
3483.	0.2185E-12
3555.	0.2193E-12
 
 
Ar                                                              
E/N (Td)	Inelastic energy loss coefficient (eV m3/s)
0.9537E-06	-0.1262E-20
0.9537E-06	-0.1262E-20
0.9537E-06	-0.1262E-20
0.9537E-06	-0.1262E-20
0.9537E-06	-0.1262E-20
0.9537E-06	-0.1262E-20
0.9537E-06	-0.1262E-20
0.9537E-06	-0.1262E-20
0.9537E-06	-0.1262E-20
0.9537E-06	-0.1262E-20
0.9537E-06	-0.1262E-20
0.9537E-06	-0.1262E-20
0.9537E-06	-0.1262E-20
0.9537E-06	-0.1262E-20
0.9537E-06	-0.1262E-20
0.9537E-06	-0.1262E-20
0.9537E-06	-0.1262E-20
0.9537E-06	-0.1262E-20
0.9537E-06	-0.1262E-20
0.9537E-06	-0.1262E-20
0.9537E-06	-0.1262E-20
0.9537E-06	-0.1262E-20
0.9537E-06	-0.1262E-20
0.9537E-06	-0.1262E-20
0.9537E-06	-0.1262E-20
0.9537E-06	-0.1262E-20
0.9537E-06	-0.1262E-20
0.9537E-06	-0.1262E-20
0.9537E-06	-0.1262E-20
0.9537E-06	-0.1262E-20
0.9537E-06	-0.1262E-20
0.9537E-06	-0.1262E-20
0.9537E-06	-0.1262E-20
0.9537E-06	-0.1262E-20
0.9537E-06	-0.1262E-20
0.9537E-06	-0.1262E-20
0.9537E-06	-0.1262E-20
0.9537E-06	-0.1262E-20
0.9537E-06	-0.1262E-20
0.9537E-06	-0.1262E-20
0.9537E-06	-0.1262E-20
0.9537E-06	-0.1262E-20
0.9537E-06	-0.1262E-20
0.9537E-06	-0.1262E-20
0.9537E-06	-0.1262E-20
0.9537E-06	-0.1262E-20
0.9537E-06	-0.1262E-20
0.5022E-02	-0.1133E-20
0.1250E-01	-0.8884E-21
0.2199E-01	-0.6006E-21
0.3259E-01	-0.2803E-21
0.4400E-01	0.6884E-22
0.5609E-01	0.4435E-21
0.6882E-01	0.8444E-21
0.8224E-01	0.1273E-20
0.9637E-01	0.1731E-20
0.1113	0.2222E-20
0.1270	0.2749E-20
0.1436	0.3317E-20
0.1612	0.3930E-20
0.1798	0.4696E-20
0.1995	0.5427E-20
0.2204	0.6227E-20
0.2426	0.7106E-20
0.2663	0.8076E-20
0.2914	0.9152E-20
0.3181	0.1035E-19
0.3465	0.1170E-19
0.3768	0.1321E-19
0.4091	0.1493E-19
0.4435	0.1689E-19
0.4801	0.1914E-19
0.5192	0.2174E-19
0.5609	0.2475E-19
0.6053	0.2827E-19
0.6527	0.3242E-19
0.7033	0.3732E-19
0.7572	0.4315E-19
0.8148	0.5014E-19
0.8763	0.5858E-19
0.9419	0.6882E-19
1.012	0.8133E-19
1.087	0.9671E-19
1.166	0.1157E-18
1.252	0.1394E-18
1.343	0.1690E-18
1.440	0.2063E-18
1.544	0.2534E-18
1.656	0.3136E-18
1.776	0.3905E-18
1.904	0.4893E-18
2.043	0.6167E-18
2.192	0.7828E-18
2.354	0.9999E-18
2.530	0.1286E-17
2.724	0.1665E-17
2.937	0.2170E-17
3.175	0.2852E-17
3.444	0.3786E-17
3.752	0.5077E-17
4.111	0.6896E-17
4.540	0.9522E-17
5.067	0.1343E-16
5.741	0.1946E-16
6.641	0.2927E-16
7.904	0.4613E-16
9.750	0.7670E-16
12.46	0.1332E-15
16.27	0.2341E-15
21.27	0.4020E-15
27.46	0.6617E-15
34.85	0.1044E-14
43.51	0.1583E-14
53.48	0.2321E-14
64.82	0.3301E-14
77.57	0.4574E-14
91.72	0.6186E-14
107.3	0.8182E-14
124.1	0.1061E-13
142.2	0.1349E-13
161.6	0.1688E-13
182.0	0.2078E-13
203.4	0.2523E-13
225.7	0.3022E-13
248.9	0.3579E-13
272.9	0.4192E-13
297.6	0.4862E-13
322.8	0.5589E-13
348.8	0.6376E-13
375.4	0.7222E-13
402.4	0.8125E-13
429.8	0.9080E-13
457.8	0.1010E-12
486.3	0.1117E-12
515.2	0.1230E-12
544.5	0.1348E-12
574.2	0.1473E-12
604.4	0.1602E-12
634.9	0.1737E-12
665.7	0.1878E-12
697.0	0.2024E-12
728.7	0.2175E-12
760.7	0.2331E-12
793.2	0.2492E-12
826.0	0.2658E-12
859.2	0.2830E-12
892.8	0.3006E-12
926.9	0.3186E-12
961.3	0.3372E-12
996.1	0.3562E-12
1031.	0.3757E-12
1067.	0.3956E-12
1103.	0.4160E-12
1140.	0.4368E-12
1177.	0.4581E-12
1215.	0.4797E-12
1253.	0.5018E-12
1291.	0.5243E-12
1331.	0.5472E-12
1370.	0.5704E-12
1411.	0.5941E-12
1451.	0.6181E-12
1493.	0.6425E-12
1535.	0.6673E-12
1577.	0.6924E-12
1621.	0.7178E-12
1664.	0.7436E-12
1709.	0.7698E-12
1754.	0.7962E-12
1800.	0.8230E-12
1847.	0.8500E-12
1894.	0.8774E-12
1942.	0.9051E-12
1990.	0.9329E-12
2040.	0.9612E-12
2090.	0.9895E-12
2141.	0.1018E-11
2193.	0.1047E-11
2246.	0.1076E-11
2299.	0.1106E-11
2353.	0.1135E-11
2408.	0.1165E-11
2464.	0.1195E-11
2521.	0.1225E-11
2579.	0.1255E-11
2637.	0.1285E-11
2697.	0.1316E-11
2757.	0.1347E-11
2818.	0.1377E-11
2880.	0.1408E-11
2944.	0.1439E-11
3008.	0.1470E-11
3073.	0.1501E-11
3139.	0.1532E-11
3205.	0.1563E-11
3274.	0.1594E-11
3342.	0.1625E-11
3412.	0.1656E-11
3483.	0.1687E-11
3555.	0.1718E-11
 
 
Ar*                                                             
E/N (Td)	Inelastic energy loss coefficient (eV m3/s)
0.9537E-06	0.2469E-14
0.9537E-06	0.2469E-14
0.9537E-06	0.2469E-14
0.9537E-06	0.2469E-14
0.9537E-06	0.2469E-14
0.9537E-06	0.2469E-14
0.9537E-06	0.2469E-14
0.9537E-06	0.2469E-14
0.9537E-06	0.2469E-14
0.9537E-06	0.2469E-14
0.9537E-06	0.2469E-14
0.9537E-06	0.2469E-14
0.9537E-06	0.2469E-14
0.9537E-06	0.2469E-14
0.9537E-06	0.2469E-14
0.9537E-06	0.2469E-14
0.9537E-06	0.2469E-14
0.9537E-06	0.2469E-14
0.9537E-06	0.2469E-14
0.9537E-06	0.2469E-14
0.9537E-06	0.2469E-14
0.9537E-06	0.2469E-14
0.9537E-06	0.2469E-14
0.9537E-06	0.2469E-14
0.9537E-06	0.2469E-14
0.9537E-06	0.2469E-14
0.9537E-06	0.2469E-14
0.9537E-06	0.2469E-14
0.9537E-06	0.2469E-14
0.9537E-06	0.2469E-14
0.9537E-06	0.2469E-14
0.9537E-06	0.2469E-14
0.9537E-06	0.2469E-14
0.9537E-06	0.2469E-14
0.9537E-06	0.2469E-14
0.9537E-06	0.2469E-14
0.9537E-06	0.2469E-14
0.9537E-06	0.2469E-14
0.9537E-06	0.2469E-14
0.9537E-06	0.2469E-14
0.9537E-06	0.2469E-14
0.9537E-06	0.2469E-14
0.9537E-06	0.2469E-14
0.9537E-06	0.2469E-14
0.9537E-06	0.2469E-14
0.9537E-06	0.2469E-14
0.9537E-06	0.2469E-14
0.5022E-02	0.2512E-14
0.1250E-01	0.2590E-14
0.2199E-01	0.2683E-14
0.3259E-01	0.2790E-14
0.4400E-01	0.2914E-14
0.5609E-01	0.3054E-14
0.6882E-01	0.3212E-14
0.8224E-01	0.3389E-14
0.9637E-01	0.3586E-14
0.1113	0.3805E-14
0.1270	0.4050E-14
0.1436	0.4323E-14
0.1612	0.4626E-14
0.1798	0.4965E-14
0.1995	0.5341E-14
0.2204	0.5762E-14
0.2426	0.6233E-14
0.2663	0.6759E-14
0.2914	0.7347E-14
0.3181	0.8006E-14
0.3465	0.8744E-14
0.3768	0.9572E-14
0.4091	0.1050E-13
0.4435	0.1154E-13
0.4801	0.1270E-13
0.5192	0.1401E-13
0.5609	0.1547E-13
0.6053	0.1710E-13
0.6527	0.1892E-13
0.7033	0.2095E-13
0.7572	0.2320E-13
0.8148	0.2570E-13
0.8763	0.2847E-13
0.9419	0.3151E-13
1.012	0.3487E-13
1.087	0.3854E-13
1.166	0.4255E-13
1.252	0.4691E-13
1.343	0.5163E-13
1.440	0.5673E-13
1.544	0.6221E-13
1.656	0.6809E-13
1.776	0.7435E-13
1.904	0.8101E-13
2.043	0.8807E-13
2.192	0.9551E-13
2.354	0.1033E-12
2.530	0.1116E-12
2.724	0.1202E-12
2.937	0.1291E-12
3.175	0.1384E-12
3.444	0.1481E-12
3.752	0.1581E-12
4.111	0.1684E-12
4.540	0.1790E-12
5.067	0.1899E-12
5.741	0.2010E-12
6.641	0.2122E-12
7.904	0.2235E-12
9.750	0.2348E-12
12.46	0.2459E-12
16.27	0.2567E-12
21.27	0.2673E-12
27.46	0.2778E-12
34.85	0.2881E-12
43.51	0.2985E-12
53.48	0.3088E-12
64.82	0.3190E-12
77.57	0.3292E-12
91.72	0.3393E-12
107.3	0.3494E-12
124.1	0.3593E-12
142.2	0.3692E-12
161.6	0.3790E-12
182.0	0.3887E-12
203.4	0.3984E-12
225.7	0.4079E-12
248.9	0.4174E-12
272.9	0.4268E-12
297.6	0.4361E-12
322.8	0.4454E-12
348.8	0.4546E-12
375.4	0.4638E-12
402.4	0.4729E-12
429.8	0.4819E-12
457.8	0.4908E-12
486.3	0.4997E-12
515.2	0.5085E-12
544.5	0.5172E-12
574.2	0.5259E-12
604.4	0.5344E-12
634.9	0.5429E-12
665.7	0.5514E-12
697.0	0.5597E-12
728.7	0.5680E-12
760.7	0.5763E-12
793.2	0.5844E-12
826.0	0.5925E-12
859.2	0.6005E-12
892.8	0.6085E-12
926.9	0.6163E-12
961.3	0.6241E-12
996.1	0.6319E-12
1031.	0.6396E-12
1067.	0.6472E-12
1103.	0.6547E-12
1140.	0.6622E-12
1177.	0.6696E-12
1215.	0.6769E-12
1253.	0.6842E-12
1291.	0.6914E-12
1331.	0.6985E-12
1370.	0.7056E-12
1411.	0.7126E-12
1451.	0.7195E-12
1493.	0.7264E-12
1535.	0.7332E-12
1577.	0.7399E-12
1621.	0.7465E-12
1664.	0.7531E-12
1709.	0.7596E-12
1754.	0.7660E-12
1800.	0.7723E-12
1847.	0.7786E-12
1894.	0.7847E-12
1942.	0.7908E-12
1990.	0.7968E-12
2040.	0.8028E-12
2090.	0.8086E-12
2141.	0.8143E-12
2193.	0.8200E-12
2246.	0.8256E-12
2299.	0.8311E-12
2353.	0.8365E-12
2408.	0.8418E-12
2464.	0.8470E-12
2521.	0.8522E-12
2579.	0.8572E-12
2637.	0.8621E-12
2697.	0.8670E-12
2757.	0.8718E-12
2818.	0.8764E-12
2880.	0.8810E-12
2944.	0.8854E-12
3008.	0.8899E-12
3073.	0.8941E-12
3139.	0.8983E-12
3205.	0.9024E-12
3274.	0.9064E-12
3342.	0.9102E-12
3412.	0.9140E-12
3483.	0.9177E-12
3555.	0.9212E-12
 
 
