BOLSIG+ version: 03/2016
Collision input data:
--------------------------------------------------
Ar                                                              
crs-Biagi_v7.1+step.txt
--------------------------------------------------
Ar*                                                             
crs-Biagi_v7.1+step.txt
 
 
 
Angular frequency / N (m3/s)               0.000    
Cosine of E-B field angle                  0.000    
Gas temperature (K)                        3000.    
Excitation temperature (K)                 3000.    
Transition energy (eV)                     0.000    
Ionization degree                         0.1000E-01
Plasma density (1/m3)                     0.8000E+17
Ion charge parameter                       1.000    
Ion/neutral mass ratio                     1.000    
e-e momentum effects                       1.000    
Energy sharing                             1.000    
Growth model                               1.000    
Maxwellian mean energy (eV)                0.000    
# of grid points                           200.0    
Grid type                                  0.000    
Maximum energy                             200.0    
Precision                                 0.1000E-14
Convergence                               0.1000E-03
Maximum # of iterations                    5000.    
Mole fraction Ar                           1.000    
Mole fraction Ar*                         0.1000E-04
 
 
E/N (Td)    	Electric field / N (Td)                                         
1.731	1.731
2.119	2.119
2.426	2.426
2.681	2.681
2.897	2.897
3.084	3.084
3.248	3.248
3.392	3.392
3.520	3.520
3.634	3.634
3.735	3.735
3.825	3.825
3.906	3.906
3.978	3.978
4.042	4.042
4.099	4.099
4.149	4.149
4.193	4.193
4.232	4.232
4.266	4.266
4.296	4.296
4.321	4.321
4.342	4.342
4.360	4.360
4.374	4.374
4.386	4.386
4.387	4.387
4.405	4.405
4.314	4.314
4.344	4.344
4.368	4.368
4.385	4.385
4.450	4.450
4.460	4.460
4.388	4.388
4.399	4.399
4.393	4.393
4.394	4.394
4.844	4.844
4.978	4.978
4.742	4.742
4.287	4.287
4.607	4.607
5.204	5.204
4.898	4.898
4.388	4.388
4.403	4.403
4.409	4.409
4.661	4.661
4.679	4.679
4.383	4.383
4.415	4.415
4.389	4.389
4.437	4.437
4.617	4.617
4.385	4.385
4.398	4.398
4.466	4.466
4.393	4.393
4.762	4.762
4.400	4.400
5.171	5.171
4.564	4.564
4.389	4.389
4.389	4.389
4.331	4.331
4.052	4.052
3.614	3.614
4.399	4.399
4.415	4.415
4.191	4.191
2.695	2.695
4.393	4.393
4.395	4.395
4.022	4.022
4.071	4.071
4.409	4.409
4.167	4.167
4.393	4.393
4.470	4.470
3.579	3.579
4.299	4.299
4.427	4.427
4.373	4.373
4.506	4.506
4.655	4.655
4.248	4.248
4.351	4.351
4.509	4.509
4.654	4.654
4.818	4.818
5.005	5.005
5.214	5.214
5.448	5.448
5.708	5.708
5.995	5.995
6.310	6.310
6.656	6.656
7.032	7.032
7.441	7.441
7.884	7.884
8.362	8.362
8.876	8.876
9.428	9.428
10.02	10.02
10.65	10.65
11.32	11.32
12.04	12.04
12.80	12.80
13.61	13.61
14.47	14.47
15.38	15.38
16.34	16.34
17.35	17.35
18.41	18.41
19.54	19.54
20.72	20.72
21.97	21.97
23.28	23.28
24.65	24.65
26.10	26.10
27.61	27.61
29.20	29.20
30.86	30.86
32.60	32.60
34.42	34.42
36.32	36.32
38.31	38.31
40.39	40.39
42.56	42.56
44.83	44.83
47.20	47.20
49.66	49.66
52.24	52.24
54.92	54.92
57.72	57.72
60.64	60.64
63.67	63.67
66.84	66.84
70.13	70.13
73.56	73.56
77.13	77.13
80.84	80.84
84.71	84.71
88.73	88.73
92.91	92.91
97.26	97.26
101.8	101.8
106.5	106.5
111.4	111.4
116.5	116.5
121.7	121.7
127.2	127.2
132.9	132.9
138.9	138.9
145.0	145.0
151.4	151.4
158.1	158.1
165.0	165.0
172.1	172.1
179.6	179.6
187.3	187.3
195.3	195.3
203.6	203.6
212.2	212.2
221.2	221.2
230.5	230.5
240.1	240.1
250.0	250.0
260.3	260.3
270.9	270.9
281.9	281.9
293.3	293.3
305.1	305.1
317.2	317.2
329.7	329.7
342.6	342.6
355.8	355.8
369.5	369.5
383.5	383.5
397.9	397.9
412.7	412.7
427.9	427.9
443.5	443.5
459.4	459.4
475.6	475.6
492.2	492.2
509.2	509.2
526.6	526.6
544.3	544.3
562.3	562.3
580.7	580.7
599.4	599.4
618.3	618.3
637.7	637.7
657.2	657.2
677.1	677.1
697.3	697.3
717.7	717.7
738.5	738.5
 
 
E/N (Td)	Mean energy (eV)
1.731	0.4000
2.119	0.4069
2.426	0.4139
2.681	0.4210
2.897	0.4283
3.084	0.4357
3.248	0.4432
3.392	0.4508
3.520	0.4586
3.634	0.4665
3.735	0.4746
3.825	0.4827
3.906	0.4911
3.978	0.4995
4.042	0.5081
4.099	0.5169
4.149	0.5258
4.193	0.5349
4.232	0.5441
4.266	0.5535
4.296	0.5630
4.321	0.5727
4.342	0.5826
4.360	0.5926
4.374	0.6028
4.386	0.6132
4.387	0.6141
4.405	1.775
4.314	0.5697
4.344	0.5833
4.368	0.5982
4.385	0.6127
4.450	1.786
4.460	1.789
4.388	0.6153
4.399	1.774
4.393	1.772
4.394	1.773
4.844	1.867
4.978	1.890
4.742	1.848
4.287	0.5602
4.607	1.821
5.204	1.926
4.898	1.877
4.388	0.6152
4.403	1.775
4.409	1.776
4.661	1.833
4.679	1.836
4.383	0.6101
4.415	1.778
4.389	0.6163
4.437	1.783
4.617	1.823
4.385	0.6120
4.398	1.774
4.466	1.790
4.393	0.6989
4.762	1.852
4.400	1.774
5.171	1.921
4.564	1.812
4.389	0.6162
4.389	0.6164
4.331	0.5774
4.052	0.5096
3.614	0.4651
4.399	1.774
4.415	1.778
4.191	0.5344
2.695	0.4215
4.393	0.6990
4.395	1.773
4.022	0.5054
4.071	0.5125
4.409	1.776
4.167	0.5295
4.393	1.772
4.470	1.791
3.579	0.4626
4.299	0.5642
4.427	1.781
4.373	0.6015
4.506	1.799
4.655	1.831
4.248	0.5485
4.351	0.5874
4.509	1.800
4.654	1.831
4.818	1.862
5.005	1.894
5.214	1.927
5.448	1.960
5.708	1.994
5.995	2.029
6.310	2.064
6.656	2.099
7.032	2.135
7.441	2.172
7.884	2.210
8.362	2.248
8.876	2.286
9.428	2.326
10.02	2.366
10.65	2.407
11.32	2.448
12.04	2.490
12.80	2.533
13.61	2.577
14.47	2.622
15.38	2.667
16.34	2.713
17.35	2.759
18.41	2.807
19.54	2.855
20.72	2.905
21.97	2.955
23.28	3.006
24.65	3.057
26.10	3.110
27.61	3.164
29.20	3.218
30.86	3.274
32.60	3.330
34.42	3.388
36.32	3.446
38.31	3.505
40.39	3.566
42.56	3.627
44.83	3.690
47.20	3.753
49.66	3.818
52.24	3.884
54.92	3.951
57.72	4.019
60.64	4.088
63.67	4.159
66.84	4.231
70.13	4.303
73.56	4.378
77.13	4.453
80.84	4.530
84.71	4.608
88.73	4.687
92.91	4.768
97.26	4.850
101.8	4.934
106.5	5.019
111.4	5.106
116.5	5.194
121.7	5.283
127.2	5.374
132.9	5.467
138.9	5.561
145.0	5.657
151.4	5.754
158.1	5.854
165.0	5.955
172.1	6.057
179.6	6.162
187.3	6.268
195.3	6.376
203.6	6.486
212.2	6.598
221.2	6.711
230.5	6.827
240.1	6.945
250.0	7.064
260.3	7.186
270.9	7.310
281.9	7.436
293.3	7.564
305.1	7.695
317.2	7.827
329.7	7.962
342.6	8.099
355.8	8.239
369.5	8.381
383.5	8.526
397.9	8.673
412.7	8.822
427.9	8.974
443.5	9.129
459.4	9.286
475.6	9.446
492.2	9.608
509.2	9.774
526.6	9.943
544.3	10.11
562.3	10.29
580.7	10.47
599.4	10.65
618.3	10.83
637.7	11.02
657.2	11.21
677.1	11.40
697.3	11.60
717.7	11.80
738.5	12.00
 
 
E/N (Td)	Mobility *N (1/m/V/s)
1.731	0.1905E+24
2.119	0.1946E+24
2.426	0.1987E+24
2.681	0.2029E+24
2.897	0.2073E+24
3.084	0.2117E+24
3.248	0.2162E+24
3.392	0.2208E+24
3.520	0.2255E+24
3.634	0.2303E+24
3.735	0.2352E+24
3.825	0.2403E+24
3.906	0.2454E+24
3.978	0.2506E+24
4.042	0.2559E+24
4.099	0.2613E+24
4.149	0.2668E+24
4.193	0.2725E+24
4.232	0.2783E+24
4.266	0.2841E+24
4.296	0.2901E+24
4.321	0.2962E+24
4.342	0.3024E+24
4.360	0.3087E+24
4.374	0.3151E+24
4.386	0.3217E+24
4.387	0.3222E+24
4.405	0.8449E+24
4.314	0.2943E+24
4.344	0.3028E+24
4.368	0.3122E+24
4.385	0.3214E+24
4.450	0.8471E+24
4.460	0.8476E+24
4.388	0.3230E+24
4.399	0.8446E+24
4.393	0.8443E+24
4.394	0.8444E+24
4.844	0.8619E+24
4.978	0.8657E+24
4.742	0.8587E+24
4.287	0.2883E+24
4.607	0.8539E+24
5.204	0.8713E+24
4.898	0.8635E+24
4.388	0.3229E+24
4.403	0.8448E+24
4.409	0.8451E+24
4.661	0.8559E+24
4.679	0.8565E+24
4.383	0.3197E+24
4.415	0.8454E+24
4.389	0.3236E+24
4.437	0.8465E+24
4.617	0.8542E+24
4.385	0.3209E+24
4.398	0.8446E+24
4.466	0.8479E+24
4.393	0.3757E+24
4.762	0.8594E+24
4.400	0.8447E+24
5.171	0.8705E+24
4.564	0.8522E+24
4.389	0.3236E+24
4.389	0.3237E+24
4.331	0.2991E+24
4.052	0.2568E+24
3.614	0.2295E+24
4.399	0.8446E+24
4.415	0.8454E+24
4.191	0.2722E+24
2.695	0.2032E+24
4.393	0.3757E+24
4.395	0.8444E+24
4.022	0.2542E+24
4.071	0.2586E+24
4.409	0.8451E+24
4.167	0.2692E+24
4.393	0.8443E+24
4.470	0.8481E+24
3.579	0.2280E+24
4.299	0.2909E+24
4.427	0.8460E+24
4.373	0.3143E+24
4.506	0.8497E+24
4.655	0.8556E+24
4.248	0.2810E+24
4.351	0.3055E+24
4.509	0.8498E+24
4.654	0.8556E+24
4.818	0.8611E+24
5.005	0.8664E+24
5.214	0.8715E+24
5.448	0.8763E+24
5.708	0.8808E+24
5.995	0.8850E+24
6.310	0.8890E+24
6.656	0.8927E+24
7.032	0.8961E+24
7.441	0.8992E+24
7.884	0.9021E+24
8.362	0.9046E+24
8.876	0.9069E+24
9.428	0.9089E+24
10.02	0.9107E+24
10.65	0.9121E+24
11.32	0.9133E+24
12.04	0.9142E+24
12.80	0.9149E+24
13.61	0.9152E+24
14.47	0.9154E+24
15.38	0.9152E+24
16.34	0.9148E+24
17.35	0.9142E+24
18.41	0.9133E+24
19.54	0.9121E+24
20.72	0.9108E+24
21.97	0.9092E+24
23.28	0.9074E+24
24.65	0.9054E+24
26.10	0.9031E+24
27.61	0.9007E+24
29.20	0.8981E+24
30.86	0.8952E+24
32.60	0.8922E+24
34.42	0.8890E+24
36.32	0.8857E+24
38.31	0.8821E+24
40.39	0.8784E+24
42.56	0.8746E+24
44.83	0.8706E+24
47.20	0.8665E+24
49.66	0.8623E+24
52.24	0.8579E+24
54.92	0.8534E+24
57.72	0.8488E+24
60.64	0.8441E+24
63.67	0.8393E+24
66.84	0.8344E+24
70.13	0.8294E+24
73.56	0.8244E+24
77.13	0.8193E+24
80.84	0.8141E+24
84.71	0.8088E+24
88.73	0.8036E+24
92.91	0.7982E+24
97.26	0.7928E+24
101.8	0.7874E+24
106.5	0.7820E+24
111.4	0.7765E+24
116.5	0.7711E+24
121.7	0.7656E+24
127.2	0.7601E+24
132.9	0.7546E+24
138.9	0.7492E+24
145.0	0.7437E+24
151.4	0.7383E+24
158.1	0.7329E+24
165.0	0.7276E+24
172.1	0.7223E+24
179.6	0.7170E+24
187.3	0.7118E+24
195.3	0.7066E+24
203.6	0.7015E+24
212.2	0.6965E+24
221.2	0.6915E+24
230.5	0.6866E+24
240.1	0.6818E+24
250.0	0.6772E+24
260.3	0.6725E+24
270.9	0.6679E+24
281.9	0.6635E+24
293.3	0.6591E+24
305.1	0.6549E+24
317.2	0.6508E+24
329.7	0.6467E+24
342.6	0.6427E+24
355.8	0.6389E+24
369.5	0.6351E+24
383.5	0.6315E+24
397.9	0.6280E+24
412.7	0.6245E+24
427.9	0.6212E+24
443.5	0.6179E+24
459.4	0.6148E+24
475.6	0.6117E+24
492.2	0.6088E+24
509.2	0.6059E+24
526.6	0.6031E+24
544.3	0.6004E+24
562.3	0.5978E+24
580.7	0.5952E+24
599.4	0.5928E+24
618.3	0.5903E+24
637.7	0.5880E+24
657.2	0.5857E+24
677.1	0.5835E+24
697.3	0.5814E+24
717.7	0.5793E+24
738.5	0.5772E+24
 
 
E/N (Td)	Diffusion coefficient *N (1/m/s)
1.731	0.5094E+23
2.119	0.5293E+23
2.426	0.5499E+23
2.681	0.5713E+23
2.897	0.5935E+23
3.084	0.6165E+23
3.248	0.6405E+23
3.392	0.6653E+23
3.520	0.6912E+23
3.634	0.7180E+23
3.735	0.7459E+23
3.825	0.7749E+23
3.906	0.8049E+23
3.978	0.8361E+23
4.042	0.8685E+23
4.099	0.9022E+23
4.149	0.9371E+23
4.193	0.9736E+23
4.232	0.1011E+24
4.266	0.1050E+24
4.296	0.1091E+24
4.321	0.1133E+24
4.342	0.1176E+24
4.360	0.1222E+24
4.374	0.1268E+24
4.386	0.1317E+24
4.387	0.1321E+24
4.405	0.1000E+25
4.314	0.1120E+24
4.344	0.1179E+24
4.368	0.1247E+24
4.385	0.1315E+24
4.450	0.1009E+25
4.460	0.1011E+25
4.388	0.1327E+24
4.399	0.9992E+24
4.393	0.9980E+24
4.394	0.9982E+24
4.844	0.1073E+25
4.978	0.1091E+25
4.742	0.1058E+25
4.287	0.1079E+24
4.607	0.1037E+25
5.204	0.1119E+25
4.898	0.1081E+25
4.388	0.1326E+24
4.403	0.1000E+25
4.409	0.1001E+25
4.661	0.1046E+25
4.679	0.1049E+25
4.383	0.1302E+24
4.415	0.1002E+25
4.389	0.1332E+24
4.437	0.1007E+25
4.617	0.1039E+25
4.385	0.1311E+24
4.398	0.9990E+24
4.466	0.1012E+25
4.393	0.1753E+24
4.762	0.1061E+25
4.400	0.9995E+24
5.171	0.1115E+25
4.564	0.1030E+25
4.389	0.1331E+24
4.389	0.1332E+24
4.331	0.1153E+24
4.052	0.8743E+23
3.614	0.7131E+23
4.399	0.9992E+24
4.415	0.1002E+25
4.191	0.9717E+23
2.695	0.5726E+23
4.393	0.1753E+24
4.395	0.9985E+24
4.022	0.8581E+23
4.071	0.8853E+23
4.409	0.1001E+25
4.167	0.9522E+23
4.393	0.9981E+24
4.470	0.1013E+25
3.579	0.7047E+23
4.299	0.1096E+24
4.427	0.1005E+25
4.373	0.1262E+24
4.506	0.1020E+25
4.655	0.1045E+25
4.248	0.1029E+24
4.351	0.1198E+24
4.509	0.1020E+25
4.654	0.1045E+25
4.818	0.1070E+25
5.005	0.1095E+25
5.214	0.1120E+25
5.448	0.1146E+25
5.708	0.1171E+25
5.995	0.1197E+25
6.310	0.1224E+25
6.656	0.1250E+25
7.032	0.1276E+25
7.441	0.1303E+25
7.884	0.1329E+25
8.362	0.1356E+25
8.876	0.1383E+25
9.428	0.1410E+25
10.02	0.1437E+25
10.65	0.1464E+25
11.32	0.1492E+25
12.04	0.1519E+25
12.80	0.1546E+25
13.61	0.1574E+25
14.47	0.1601E+25
15.38	0.1629E+25
16.34	0.1656E+25
17.35	0.1684E+25
18.41	0.1711E+25
19.54	0.1739E+25
20.72	0.1766E+25
21.97	0.1794E+25
23.28	0.1822E+25
24.65	0.1849E+25
26.10	0.1877E+25
27.61	0.1904E+25
29.20	0.1932E+25
30.86	0.1959E+25
32.60	0.1987E+25
34.42	0.2015E+25
36.32	0.2042E+25
38.31	0.2070E+25
40.39	0.2097E+25
42.56	0.2125E+25
44.83	0.2152E+25
47.20	0.2180E+25
49.66	0.2208E+25
52.24	0.2235E+25
54.92	0.2263E+25
57.72	0.2291E+25
60.64	0.2319E+25
63.67	0.2346E+25
66.84	0.2374E+25
70.13	0.2402E+25
73.56	0.2430E+25
77.13	0.2458E+25
80.84	0.2487E+25
84.71	0.2515E+25
88.73	0.2543E+25
92.91	0.2572E+25
97.26	0.2600E+25
101.8	0.2629E+25
106.5	0.2658E+25
111.4	0.2687E+25
116.5	0.2717E+25
121.7	0.2746E+25
127.2	0.2776E+25
132.9	0.2806E+25
138.9	0.2836E+25
145.0	0.2867E+25
151.4	0.2897E+25
158.1	0.2928E+25
165.0	0.2960E+25
172.1	0.2991E+25
179.6	0.3023E+25
187.3	0.3056E+25
195.3	0.3088E+25
203.6	0.3121E+25
212.2	0.3155E+25
221.2	0.3189E+25
230.5	0.3223E+25
240.1	0.3258E+25
250.0	0.3294E+25
260.3	0.3330E+25
270.9	0.3366E+25
281.9	0.3403E+25
293.3	0.3441E+25
305.1	0.3479E+25
317.2	0.3518E+25
329.7	0.3558E+25
342.6	0.3598E+25
355.8	0.3639E+25
369.5	0.3681E+25
383.5	0.3724E+25
397.9	0.3767E+25
412.7	0.3811E+25
427.9	0.3856E+25
443.5	0.3902E+25
459.4	0.3949E+25
475.6	0.3996E+25
492.2	0.4045E+25
509.2	0.4094E+25
526.6	0.4145E+25
544.3	0.4196E+25
562.3	0.4248E+25
580.7	0.4301E+25
599.4	0.4357E+25
618.3	0.4411E+25
637.7	0.4468E+25
657.2	0.4525E+25
677.1	0.4583E+25
697.3	0.4643E+25
717.7	0.4703E+25
738.5	0.4765E+25
 
 
E/N (Td)	Energy mobility *N (1/m/V/s)
1.731	0.4078E+24
2.119	0.4165E+24
2.426	0.4251E+24
2.681	0.4340E+24
2.897	0.4431E+24
3.084	0.4523E+24
3.248	0.4617E+24
3.392	0.4714E+24
3.520	0.4812E+24
3.634	0.4912E+24
3.735	0.5014E+24
3.825	0.5118E+24
3.906	0.5224E+24
3.978	0.5332E+24
4.042	0.5442E+24
4.099	0.5554E+24
4.149	0.5669E+24
4.193	0.5786E+24
4.232	0.5905E+24
4.266	0.6025E+24
4.296	0.6148E+24
4.321	0.6273E+24
4.342	0.6400E+24
4.360	0.6529E+24
4.374	0.6660E+24
4.386	0.6793E+24
4.387	0.6804E+24
4.405	0.1555E+25
4.314	0.6234E+24
4.344	0.6408E+24
4.368	0.6601E+24
4.385	0.6786E+24
4.450	0.1557E+25
4.460	0.1557E+25
4.388	0.6819E+24
4.399	0.1555E+25
4.393	0.1554E+25
4.394	0.1555E+25
4.844	0.1567E+25
4.978	0.1570E+25
4.742	0.1565E+25
4.287	0.6111E+24
4.607	0.1562E+25
5.204	0.1573E+25
4.898	0.1568E+25
4.388	0.6818E+24
4.403	0.1555E+25
4.409	0.1555E+25
4.661	0.1563E+25
4.679	0.1564E+25
4.383	0.6752E+24
4.415	0.1555E+25
4.389	0.6832E+24
4.437	0.1556E+25
4.617	0.1562E+25
4.385	0.6778E+24
4.398	0.1555E+25
4.466	0.1557E+25
4.393	0.7880E+24
4.762	0.1566E+25
4.400	0.1555E+25
5.171	0.1572E+25
4.564	0.1561E+25
4.389	0.6831E+24
4.389	0.6834E+24
4.331	0.6333E+24
4.052	0.5461E+24
3.614	0.4894E+24
4.399	0.1555E+25
4.415	0.1555E+25
4.191	0.5780E+24
2.695	0.4346E+24
4.393	0.7880E+24
4.395	0.1555E+25
4.022	0.5407E+24
4.071	0.5498E+24
4.409	0.1555E+25
4.167	0.5718E+24
4.393	0.1554E+25
4.470	0.1558E+25
3.579	0.4862E+24
4.299	0.6163E+24
4.427	0.1556E+25
4.373	0.6643E+24
4.506	0.1559E+25
4.655	0.1563E+25
4.248	0.5961E+24
4.351	0.6462E+24
4.509	0.1559E+25
4.654	0.1563E+25
4.818	0.1567E+25
5.005	0.1570E+25
5.214	0.1573E+25
5.448	0.1575E+25
5.708	0.1576E+25
5.995	0.1577E+25
6.310	0.1577E+25
6.656	0.1577E+25
7.032	0.1576E+25
7.441	0.1575E+25
7.884	0.1573E+25
8.362	0.1570E+25
8.876	0.1567E+25
9.428	0.1564E+25
10.02	0.1560E+25
10.65	0.1556E+25
11.32	0.1551E+25
12.04	0.1545E+25
12.80	0.1540E+25
13.61	0.1534E+25
14.47	0.1527E+25
15.38	0.1520E+25
16.34	0.1513E+25
17.35	0.1506E+25
18.41	0.1498E+25
19.54	0.1489E+25
20.72	0.1481E+25
21.97	0.1472E+25
23.28	0.1463E+25
24.65	0.1454E+25
26.10	0.1445E+25
27.61	0.1435E+25
29.20	0.1426E+25
30.86	0.1416E+25
32.60	0.1406E+25
34.42	0.1396E+25
36.32	0.1385E+25
38.31	0.1375E+25
40.39	0.1365E+25
42.56	0.1354E+25
44.83	0.1344E+25
47.20	0.1334E+25
49.66	0.1323E+25
52.24	0.1313E+25
54.92	0.1302E+25
57.72	0.1292E+25
60.64	0.1281E+25
63.67	0.1271E+25
66.84	0.1261E+25
70.13	0.1251E+25
73.56	0.1241E+25
77.13	0.1231E+25
80.84	0.1221E+25
84.71	0.1211E+25
88.73	0.1201E+25
92.91	0.1192E+25
97.26	0.1182E+25
101.8	0.1173E+25
106.5	0.1164E+25
111.4	0.1155E+25
116.5	0.1146E+25
121.7	0.1138E+25
127.2	0.1129E+25
132.9	0.1121E+25
138.9	0.1113E+25
145.0	0.1105E+25
151.4	0.1098E+25
158.1	0.1090E+25
165.0	0.1083E+25
172.1	0.1076E+25
179.6	0.1069E+25
187.3	0.1062E+25
195.3	0.1056E+25
203.6	0.1050E+25
212.2	0.1044E+25
221.2	0.1038E+25
230.5	0.1032E+25
240.1	0.1027E+25
250.0	0.1022E+25
260.3	0.1017E+25
270.9	0.1012E+25
281.9	0.1007E+25
293.3	0.1003E+25
305.1	0.9985E+24
317.2	0.9945E+24
329.7	0.9906E+24
342.6	0.9869E+24
355.8	0.9833E+24
369.5	0.9799E+24
383.5	0.9767E+24
397.9	0.9736E+24
412.7	0.9706E+24
427.9	0.9678E+24
443.5	0.9650E+24
459.4	0.9624E+24
475.6	0.9600E+24
492.2	0.9576E+24
509.2	0.9552E+24
526.6	0.9531E+24
544.3	0.9509E+24
562.3	0.9488E+24
580.7	0.9468E+24
599.4	0.9449E+24
618.3	0.9429E+24
637.7	0.9410E+24
657.2	0.9391E+24
677.1	0.9373E+24
697.3	0.9356E+24
717.7	0.9338E+24
738.5	0.9320E+24
 
 
E/N (Td)	Energy diffusion coef. D*N (1/m/s)
1.731	0.1088E+24
2.119	0.1130E+24
2.426	0.1173E+24
2.681	0.1219E+24
2.897	0.1265E+24
3.084	0.1314E+24
3.248	0.1365E+24
3.392	0.1417E+24
3.520	0.1471E+24
3.634	0.1528E+24
3.735	0.1587E+24
3.825	0.1647E+24
3.906	0.1711E+24
3.978	0.1776E+24
4.042	0.1844E+24
4.099	0.1914E+24
4.149	0.1987E+24
4.193	0.2064E+24
4.232	0.2142E+24
4.266	0.2224E+24
4.296	0.2308E+24
4.321	0.2396E+24
4.342	0.2486E+24
4.360	0.2580E+24
4.374	0.2677E+24
4.386	0.2777E+24
4.387	0.2786E+24
4.405	0.1840E+25
4.314	0.2368E+24
4.344	0.2492E+24
4.368	0.2633E+24
4.385	0.2773E+24
4.450	0.1854E+25
4.460	0.1857E+25
4.388	0.2798E+24
4.399	0.1838E+25
4.393	0.1837E+25
4.394	0.1837E+25
4.844	0.1951E+25
4.978	0.1978E+25
4.742	0.1929E+25
4.287	0.2283E+24
4.607	0.1897E+25
5.204	0.2019E+25
4.898	0.1962E+25
4.388	0.2797E+24
4.403	0.1840E+25
4.409	0.1842E+25
4.661	0.1910E+25
4.679	0.1914E+25
4.383	0.2747E+24
4.415	0.1843E+25
4.389	0.2808E+24
4.437	0.1850E+25
4.617	0.1899E+25
4.385	0.2766E+24
4.398	0.1838E+25
4.466	0.1859E+25
4.393	0.3672E+24
4.762	0.1933E+25
4.400	0.1839E+25
5.171	0.2013E+25
4.564	0.1886E+25
4.389	0.2807E+24
4.389	0.2809E+24
4.331	0.2438E+24
4.052	0.1856E+24
3.614	0.1518E+24
4.399	0.1838E+25
4.415	0.1843E+25
4.191	0.2060E+24
2.695	0.1221E+24
4.393	0.3673E+24
4.395	0.1837E+25
4.022	0.1822E+24
4.071	0.1879E+24
4.409	0.1842E+25
4.167	0.2019E+24
4.393	0.1837E+25
4.470	0.1860E+25
3.579	0.1500E+24
4.299	0.2319E+24
4.427	0.1847E+25
4.373	0.2664E+24
4.506	0.1870E+25
4.655	0.1908E+25
4.248	0.2180E+24
4.351	0.2531E+24
4.509	0.1871E+25
4.654	0.1908E+25
4.818	0.1945E+25
5.005	0.1983E+25
5.214	0.2020E+25
5.448	0.2058E+25
5.708	0.2095E+25
5.995	0.2132E+25
6.310	0.2169E+25
6.656	0.2206E+25
7.032	0.2243E+25
7.441	0.2279E+25
7.884	0.2316E+25
8.362	0.2352E+25
8.876	0.2388E+25
9.428	0.2423E+25
10.02	0.2459E+25
10.65	0.2494E+25
11.32	0.2529E+25
12.04	0.2563E+25
12.80	0.2598E+25
13.61	0.2631E+25
14.47	0.2665E+25
15.38	0.2699E+25
16.34	0.2732E+25
17.35	0.2764E+25
18.41	0.2797E+25
19.54	0.2829E+25
20.72	0.2861E+25
21.97	0.2892E+25
23.28	0.2923E+25
24.65	0.2954E+25
26.10	0.2985E+25
27.61	0.3016E+25
29.20	0.3046E+25
30.86	0.3076E+25
32.60	0.3106E+25
34.42	0.3135E+25
36.32	0.3164E+25
38.31	0.3194E+25
40.39	0.3223E+25
42.56	0.3252E+25
44.83	0.3280E+25
47.20	0.3309E+25
49.66	0.3337E+25
52.24	0.3366E+25
54.92	0.3394E+25
57.72	0.3423E+25
60.64	0.3451E+25
63.67	0.3480E+25
66.84	0.3508E+25
70.13	0.3536E+25
73.56	0.3565E+25
77.13	0.3594E+25
80.84	0.3623E+25
84.71	0.3652E+25
88.73	0.3681E+25
92.91	0.3711E+25
97.26	0.3740E+25
101.8	0.3771E+25
106.5	0.3801E+25
111.4	0.3832E+25
116.5	0.3863E+25
121.7	0.3895E+25
127.2	0.3927E+25
132.9	0.3960E+25
138.9	0.3993E+25
145.0	0.4027E+25
151.4	0.4061E+25
158.1	0.4096E+25
165.0	0.4132E+25
172.1	0.4169E+25
179.6	0.4207E+25
187.3	0.4245E+25
195.3	0.4285E+25
203.6	0.4326E+25
212.2	0.4367E+25
221.2	0.4410E+25
230.5	0.4454E+25
240.1	0.4500E+25
250.0	0.4547E+25
260.3	0.4595E+25
270.9	0.4644E+25
281.9	0.4696E+25
293.3	0.4749E+25
305.1	0.4803E+25
317.2	0.4860E+25
329.7	0.4918E+25
342.6	0.4978E+25
355.8	0.5040E+25
369.5	0.5105E+25
383.5	0.5171E+25
397.9	0.5240E+25
412.7	0.5311E+25
427.9	0.5384E+25
443.5	0.5460E+25
459.4	0.5538E+25
475.6	0.5619E+25
492.2	0.5702E+25
509.2	0.5787E+25
526.6	0.5876E+25
544.3	0.5967E+25
562.3	0.6061E+25
580.7	0.6157E+25
599.4	0.6258E+25
618.3	0.6358E+25
637.7	0.6464E+25
657.2	0.6571E+25
677.1	0.6681E+25
697.3	0.6795E+25
717.7	0.6910E+25
738.5	0.7029E+25
 
 
E/N (Td)	Total collision freq. /N (m3/s)
1.731	0.2362E-14
2.119	0.2421E-14
2.426	0.2482E-14
2.681	0.2544E-14
2.897	0.2609E-14
3.084	0.2676E-14
3.248	0.2745E-14
3.392	0.2816E-14
3.520	0.2890E-14
3.634	0.2965E-14
3.735	0.3043E-14
3.825	0.3124E-14
3.906	0.3207E-14
3.978	0.3292E-14
4.042	0.3381E-14
4.099	0.3471E-14
4.149	0.3565E-14
4.193	0.3661E-14
4.232	0.3760E-14
4.266	0.3861E-14
4.296	0.3966E-14
4.321	0.4074E-14
4.342	0.4185E-14
4.360	0.4298E-14
4.374	0.4415E-14
4.386	0.4536E-14
4.387	0.4546E-14
4.405	0.2440E-13
4.314	0.4041E-14
4.344	0.4192E-14
4.368	0.4363E-14
4.385	0.4530E-14
4.450	0.2464E-13
4.460	0.2470E-13
4.388	0.4560E-14
4.399	0.2437E-13
4.393	0.2434E-13
4.394	0.2434E-13
4.844	0.2644E-13
4.978	0.2696E-13
4.742	0.2602E-13
4.287	0.3935E-14
4.607	0.2542E-13
5.204	0.2777E-13
4.898	0.2666E-13
4.388	0.4559E-14
4.403	0.2439E-13
4.409	0.2443E-13
4.661	0.2567E-13
4.679	0.2574E-13
4.383	0.4499E-14
4.415	0.2446E-13
4.389	0.4572E-14
4.437	0.2457E-13
4.617	0.2547E-13
4.385	0.4522E-14
4.398	0.2436E-13
4.466	0.2473E-13
4.393	0.5576E-14
4.762	0.2610E-13
4.400	0.2438E-13
5.171	0.2766E-13
4.564	0.2522E-13
4.389	0.4571E-14
4.389	0.4573E-14
4.331	0.4126E-14
4.052	0.3396E-14
3.614	0.2951E-14
4.399	0.2437E-13
4.415	0.2446E-13
4.191	0.3656E-14
2.695	0.2548E-14
4.393	0.5576E-14
4.395	0.2435E-13
4.022	0.3352E-14
4.071	0.3426E-14
4.409	0.2443E-13
4.167	0.3604E-14
4.393	0.2434E-13
4.470	0.2475E-13
3.579	0.2928E-14
4.299	0.3979E-14
4.427	0.2452E-13
4.373	0.4400E-14
4.506	0.2493E-13
4.655	0.2564E-13
4.248	0.3807E-14
4.351	0.4240E-14
4.509	0.2495E-13
4.654	0.2563E-13
4.818	0.2634E-13
5.005	0.2706E-13
5.214	0.2781E-13
5.448	0.2857E-13
5.708	0.2936E-13
5.995	0.3016E-13
6.310	0.3099E-13
6.656	0.3184E-13
7.032	0.3271E-13
7.441	0.3360E-13
7.884	0.3452E-13
8.362	0.3545E-13
8.876	0.3642E-13
9.428	0.3740E-13
10.02	0.3841E-13
10.65	0.3944E-13
11.32	0.4050E-13
12.04	0.4159E-13
12.80	0.4270E-13
13.61	0.4383E-13
14.47	0.4499E-13
15.38	0.4618E-13
16.34	0.4739E-13
17.35	0.4863E-13
18.41	0.4990E-13
19.54	0.5120E-13
20.72	0.5252E-13
21.97	0.5387E-13
23.28	0.5525E-13
24.65	0.5666E-13
26.10	0.5809E-13
27.61	0.5955E-13
29.20	0.6105E-13
30.86	0.6257E-13
32.60	0.6412E-13
34.42	0.6570E-13
36.32	0.6730E-13
38.31	0.6894E-13
40.39	0.7061E-13
42.56	0.7230E-13
44.83	0.7402E-13
47.20	0.7578E-13
49.66	0.7756E-13
52.24	0.7937E-13
54.92	0.8121E-13
57.72	0.8307E-13
60.64	0.8497E-13
63.67	0.8689E-13
66.84	0.8884E-13
70.13	0.9082E-13
73.56	0.9283E-13
77.13	0.9486E-13
80.84	0.9692E-13
84.71	0.9901E-13
88.73	0.1011E-12
92.91	0.1033E-12
97.26	0.1054E-12
101.8	0.1076E-12
106.5	0.1098E-12
111.4	0.1120E-12
116.5	0.1143E-12
121.7	0.1166E-12
127.2	0.1189E-12
132.9	0.1212E-12
138.9	0.1235E-12
145.0	0.1259E-12
151.4	0.1282E-12
158.1	0.1306E-12
165.0	0.1330E-12
172.1	0.1354E-12
179.6	0.1378E-12
187.3	0.1403E-12
195.3	0.1427E-12
203.6	0.1451E-12
212.2	0.1476E-12
221.2	0.1500E-12
230.5	0.1525E-12
240.1	0.1549E-12
250.0	0.1574E-12
260.3	0.1598E-12
270.9	0.1622E-12
281.9	0.1647E-12
293.3	0.1671E-12
305.1	0.1695E-12
317.2	0.1719E-12
329.7	0.1742E-12
342.6	0.1766E-12
355.8	0.1789E-12
369.5	0.1812E-12
383.5	0.1835E-12
397.9	0.1857E-12
412.7	0.1879E-12
427.9	0.1901E-12
443.5	0.1923E-12
459.4	0.1944E-12
475.6	0.1965E-12
492.2	0.1986E-12
509.2	0.2006E-12
526.6	0.2026E-12
544.3	0.2046E-12
562.3	0.2065E-12
580.7	0.2084E-12
599.4	0.2103E-12
618.3	0.2121E-12
637.7	0.2139E-12
657.2	0.2157E-12
677.1	0.2174E-12
697.3	0.2191E-12
717.7	0.2207E-12
738.5	0.2224E-12
 
 
E/N (Td)	Momentum frequency /N (m3/s)
1.731	0.6796E-14
2.119	0.6986E-14
2.426	0.7180E-14
2.681	0.7378E-14
2.897	0.7582E-14
3.084	0.7790E-14
3.248	0.8003E-14
3.392	0.8222E-14
3.520	0.8445E-14
3.634	0.8674E-14
3.735	0.8908E-14
3.825	0.9148E-14
3.906	0.9394E-14
3.978	0.9645E-14
4.042	0.9903E-14
4.099	0.1017E-13
4.149	0.1044E-13
4.193	0.1071E-13
4.232	0.1100E-13
4.266	0.1129E-13
4.296	0.1158E-13
4.321	0.1188E-13
4.342	0.1219E-13
4.360	0.1251E-13
4.374	0.1284E-13
4.386	0.1317E-13
4.387	0.1320E-13
4.405	0.5677E-13
4.314	0.1179E-13
4.344	0.1222E-13
4.368	0.1269E-13
4.385	0.1315E-13
4.450	0.5720E-13
4.460	0.5730E-13
4.388	0.1324E-13
4.399	0.5671E-13
4.393	0.5666E-13
4.394	0.5667E-13
4.844	0.6036E-13
4.978	0.6126E-13
4.742	0.5963E-13
4.287	0.1149E-13
4.607	0.5858E-13
5.204	0.6265E-13
4.898	0.6073E-13
4.388	0.1323E-13
4.403	0.5676E-13
4.409	0.5681E-13
4.661	0.5901E-13
4.679	0.5915E-13
4.383	0.1307E-13
4.415	0.5687E-13
4.389	0.1327E-13
4.437	0.5708E-13
4.617	0.5866E-13
4.385	0.1313E-13
4.398	0.5671E-13
4.466	0.5736E-13
4.393	0.1599E-13
4.762	0.5978E-13
4.400	0.5673E-13
5.171	0.6245E-13
4.564	0.5822E-13
4.389	0.1327E-13
4.389	0.1327E-13
4.331	0.1203E-13
4.052	0.9948E-14
3.614	0.8632E-14
4.399	0.5672E-13
4.415	0.5687E-13
4.191	0.1070E-13
2.695	0.7390E-14
4.393	0.1599E-13
4.395	0.5668E-13
4.022	0.9820E-14
4.071	0.1003E-13
4.409	0.5682E-13
4.167	0.1055E-13
4.393	0.5666E-13
4.470	0.5739E-13
3.579	0.8561E-14
4.299	0.1162E-13
4.427	0.5699E-13
4.373	0.1279E-13
4.506	0.5772E-13
4.655	0.5896E-13
4.248	0.1113E-13
4.351	0.1235E-13
4.509	0.5774E-13
4.654	0.5895E-13
4.818	0.6018E-13
5.005	0.6143E-13
5.214	0.6271E-13
5.448	0.6400E-13
5.708	0.6532E-13
5.995	0.6665E-13
6.310	0.6801E-13
6.656	0.6938E-13
7.032	0.7078E-13
7.441	0.7220E-13
7.884	0.7364E-13
8.362	0.7510E-13
8.876	0.7658E-13
9.428	0.7809E-13
10.02	0.7961E-13
10.65	0.8116E-13
11.32	0.8274E-13
12.04	0.8433E-13
12.80	0.8595E-13
13.61	0.8759E-13
14.47	0.8925E-13
15.38	0.9094E-13
16.34	0.9265E-13
17.35	0.9438E-13
18.41	0.9614E-13
19.54	0.9792E-13
20.72	0.9972E-13
21.97	0.1016E-12
23.28	0.1034E-12
24.65	0.1053E-12
26.10	0.1072E-12
27.61	0.1091E-12
29.20	0.1111E-12
30.86	0.1131E-12
32.60	0.1151E-12
34.42	0.1171E-12
36.32	0.1192E-12
38.31	0.1212E-12
40.39	0.1233E-12
42.56	0.1255E-12
44.83	0.1276E-12
47.20	0.1298E-12
49.66	0.1320E-12
52.24	0.1343E-12
54.92	0.1365E-12
57.72	0.1388E-12
60.64	0.1412E-12
63.67	0.1435E-12
66.84	0.1459E-12
70.13	0.1483E-12
73.56	0.1507E-12
77.13	0.1531E-12
80.84	0.1556E-12
84.71	0.1581E-12
88.73	0.1606E-12
92.91	0.1631E-12
97.26	0.1657E-12
101.8	0.1683E-12
106.5	0.1709E-12
111.4	0.1735E-12
116.5	0.1762E-12
121.7	0.1788E-12
127.2	0.1815E-12
132.9	0.1842E-12
138.9	0.1869E-12
145.0	0.1896E-12
151.4	0.1923E-12
158.1	0.1950E-12
165.0	0.1978E-12
172.1	0.2005E-12
179.6	0.2033E-12
187.3	0.2060E-12
195.3	0.2087E-12
203.6	0.2115E-12
212.2	0.2142E-12
221.2	0.2169E-12
230.5	0.2196E-12
240.1	0.2223E-12
250.0	0.2250E-12
260.3	0.2277E-12
270.9	0.2303E-12
281.9	0.2329E-12
293.3	0.2354E-12
305.1	0.2380E-12
317.2	0.2405E-12
329.7	0.2430E-12
342.6	0.2454E-12
355.8	0.2478E-12
369.5	0.2502E-12
383.5	0.2525E-12
397.9	0.2548E-12
412.7	0.2570E-12
427.9	0.2592E-12
443.5	0.2614E-12
459.4	0.2635E-12
475.6	0.2655E-12
492.2	0.2675E-12
509.2	0.2695E-12
526.6	0.2714E-12
544.3	0.2733E-12
562.3	0.2751E-12
580.7	0.2769E-12
599.4	0.2786E-12
618.3	0.2804E-12
637.7	0.2820E-12
657.2	0.2837E-12
677.1	0.2853E-12
697.3	0.2868E-12
717.7	0.2883E-12
738.5	0.2898E-12
 
 
E/N (Td)	e-i momentum frequency /N (m3/s)
1.731	0.9177E-12
2.119	0.8980E-12
2.426	0.8789E-12
2.681	0.8602E-12
2.897	0.8418E-12
3.084	0.8238E-12
3.248	0.8062E-12
3.392	0.7890E-12
3.520	0.7721E-12
3.634	0.7556E-12
3.735	0.7394E-12
3.825	0.7235E-12
3.906	0.7080E-12
3.978	0.6928E-12
4.042	0.6779E-12
4.099	0.6634E-12
4.149	0.6491E-12
4.193	0.6351E-12
4.232	0.6214E-12
4.266	0.6081E-12
4.296	0.5950E-12
4.321	0.5823E-12
4.342	0.5697E-12
4.360	0.5575E-12
4.374	0.5456E-12
4.386	0.5339E-12
4.387	0.5329E-12
4.405	0.1514E-12
4.314	0.5861E-12
4.344	0.5689E-12
4.368	0.5509E-12
4.385	0.5344E-12
4.450	0.1504E-12
4.460	0.1502E-12
4.388	0.5316E-12
4.399	0.1515E-12
4.393	0.1517E-12
4.394	0.1516E-12
4.844	0.1437E-12
4.978	0.1419E-12
4.742	0.1452E-12
4.287	0.5989E-12
4.607	0.1474E-12
5.204	0.1392E-12
4.898	0.1430E-12
4.388	0.5317E-12
4.403	0.1514E-12
4.409	0.1513E-12
4.661	0.1465E-12
4.679	0.1462E-12
4.383	0.5374E-12
4.415	0.1512E-12
4.389	0.5305E-12
4.437	0.1507E-12
4.617	0.1472E-12
4.385	0.5352E-12
4.398	0.1516E-12
4.466	0.1501E-12
4.393	0.4524E-12
4.762	0.1449E-12
4.400	0.1515E-12
5.171	0.1396E-12
4.564	0.1482E-12
4.389	0.5306E-12
4.389	0.5304E-12
4.331	0.5763E-12
4.052	0.6754E-12
3.614	0.7585E-12
4.399	0.1515E-12
4.415	0.1512E-12
4.191	0.6358E-12
2.695	0.8591E-12
4.393	0.4523E-12
4.395	0.1516E-12
4.022	0.6827E-12
4.071	0.6706E-12
4.409	0.1513E-12
4.167	0.6432E-12
4.393	0.1517E-12
4.470	0.1500E-12
3.579	0.7636E-12
4.299	0.5934E-12
4.427	0.1509E-12
4.373	0.5471E-12
4.506	0.1493E-12
4.655	0.1466E-12
4.248	0.6152E-12
4.351	0.5638E-12
4.509	0.1492E-12
4.654	0.1466E-12
4.818	0.1441E-12
5.005	0.1416E-12
5.214	0.1391E-12
5.448	0.1367E-12
5.708	0.1344E-12
5.995	0.1321E-12
6.310	0.1298E-12
6.656	0.1276E-12
7.032	0.1255E-12
7.441	0.1234E-12
7.884	0.1213E-12
8.362	0.1193E-12
8.876	0.1173E-12
9.428	0.1154E-12
10.02	0.1135E-12
10.65	0.1117E-12
11.32	0.1098E-12
12.04	0.1081E-12
12.80	0.1063E-12
13.61	0.1046E-12
14.47	0.1029E-12
15.38	0.1012E-12
16.34	0.9961E-13
17.35	0.9802E-13
18.41	0.9645E-13
19.54	0.9490E-13
20.72	0.9339E-13
21.97	0.9189E-13
23.28	0.9042E-13
24.65	0.8898E-13
26.10	0.8755E-13
27.61	0.8615E-13
29.20	0.8477E-13
30.86	0.8341E-13
32.60	0.8206E-13
34.42	0.8074E-13
36.32	0.7943E-13
38.31	0.7814E-13
40.39	0.7687E-13
42.56	0.7561E-13
44.83	0.7437E-13
47.20	0.7314E-13
49.66	0.7193E-13
52.24	0.7073E-13
54.92	0.6954E-13
57.72	0.6836E-13
60.64	0.6720E-13
63.67	0.6605E-13
66.84	0.6491E-13
70.13	0.6378E-13
73.56	0.6265E-13
77.13	0.6154E-13
80.84	0.6044E-13
84.71	0.5935E-13
88.73	0.5827E-13
92.91	0.5719E-13
97.26	0.5613E-13
101.8	0.5507E-13
106.5	0.5402E-13
111.4	0.5298E-13
116.5	0.5194E-13
121.7	0.5092E-13
127.2	0.4990E-13
132.9	0.4889E-13
138.9	0.4789E-13
145.0	0.4689E-13
151.4	0.4591E-13
158.1	0.4493E-13
165.0	0.4396E-13
172.1	0.4299E-13
179.6	0.4204E-13
187.3	0.4109E-13
195.3	0.4016E-13
203.6	0.3923E-13
212.2	0.3831E-13
221.2	0.3740E-13
230.5	0.3651E-13
240.1	0.3562E-13
250.0	0.3475E-13
260.3	0.3388E-13
270.9	0.3303E-13
281.9	0.3219E-13
293.3	0.3137E-13
305.1	0.3056E-13
317.2	0.2976E-13
329.7	0.2897E-13
342.6	0.2820E-13
355.8	0.2745E-13
369.5	0.2671E-13
383.5	0.2598E-13
397.9	0.2527E-13
412.7	0.2458E-13
427.9	0.2390E-13
443.5	0.2324E-13
459.4	0.2260E-13
475.6	0.2197E-13
492.2	0.2136E-13
509.2	0.2077E-13
526.6	0.2019E-13
544.3	0.1963E-13
562.3	0.1908E-13
580.7	0.1855E-13
599.4	0.1804E-13
618.3	0.1754E-13
637.7	0.1706E-13
657.2	0.1659E-13
677.1	0.1614E-13
697.3	0.1570E-13
717.7	0.1528E-13
738.5	0.1487E-13
 
 
E/N (Td)	Total ionization freq. /N (m3/s)
1.731	0.6565E-25
2.119	0.8664E-25
2.426	0.1138E-24
2.681	0.1489E-24
2.897	0.1939E-24
3.084	0.2515E-24
3.248	0.3248E-24
3.392	0.4176E-24
3.520	0.5349E-24
3.634	0.6823E-24
3.735	0.8669E-24
3.825	0.1097E-23
3.906	0.1383E-23
3.978	0.1738E-23
4.042	0.2175E-23
4.099	0.2712E-23
4.149	0.3370E-23
4.193	0.4173E-23
4.232	0.5149E-23
4.266	0.6333E-23
4.296	0.7762E-23
4.321	0.9484E-23
4.342	0.1155E-22
4.360	0.1402E-22
4.374	0.1697E-22
4.386	0.2047E-22
4.387	0.2080E-22
4.405	0.5179E-19
4.314	0.8924E-23
4.344	0.1170E-22
4.368	0.1558E-22
4.385	0.2028E-22
4.450	0.5433E-19
4.460	0.5491E-19
4.388	0.2123E-22
4.399	0.5146E-19
4.393	0.5114E-19
4.394	0.5119E-19
4.844	0.7767E-19
4.978	0.8614E-19
4.742	0.7139E-19
4.287	0.7312E-23
4.607	0.6341E-19
5.204	0.1011E-18
4.898	0.8104E-19
4.388	0.2120E-22
4.403	0.5171E-19
4.409	0.5204E-19
4.661	0.6659E-19
4.679	0.6761E-19
4.383	0.1935E-22
4.415	0.5237E-19
4.389	0.2162E-22
4.437	0.5359E-19
4.617	0.6397E-19
4.385	0.2004E-22
4.398	0.5141E-19
4.466	0.5527E-19
4.393	0.7833E-22
4.762	0.7261E-19
4.400	0.5154E-19
5.171	0.9887E-19
4.564	0.6090E-19
4.389	0.2159E-22
4.389	0.2166E-22
4.331	0.1042E-22
4.052	0.2260E-23
3.614	0.6532E-24
4.399	0.5147E-19
4.415	0.5238E-19
4.191	0.4127E-23
2.695	0.1513E-24
4.393	0.7835E-22
4.395	0.5128E-19
4.022	0.2025E-23
4.071	0.2431E-23
4.409	0.5205E-19
4.167	0.3682E-23
4.393	0.5115E-19
4.470	0.5547E-19
3.579	0.6057E-24
4.299	0.7960E-23
4.427	0.5305E-19
4.373	0.1656E-22
4.506	0.5754E-19
4.655	0.6619E-19
4.248	0.5675E-23
4.351	0.1270E-22
4.509	0.5772E-19
4.654	0.6613E-19
4.818	0.7606E-19
5.005	0.8786E-19
5.214	0.1018E-18
5.448	0.1184E-18
5.708	0.1380E-18
5.995	0.1612E-18
6.310	0.1887E-18
6.656	0.2212E-18
7.032	0.2595E-18
7.441	0.3047E-18
7.884	0.3580E-18
8.362	0.4205E-18
8.876	0.4938E-18
9.428	0.5797E-18
10.02	0.6799E-18
10.65	0.7968E-18
11.32	0.9327E-18
12.04	0.1090E-17
12.80	0.1273E-17
13.61	0.1484E-17
14.47	0.1727E-17
15.38	0.2007E-17
16.34	0.2328E-17
17.35	0.2696E-17
18.41	0.3116E-17
19.54	0.3595E-17
20.72	0.4141E-17
21.97	0.4760E-17
23.28	0.5463E-17
24.65	0.6257E-17
26.10	0.7155E-17
27.61	0.8167E-17
29.20	0.9305E-17
30.86	0.1058E-16
32.60	0.1202E-16
34.42	0.1362E-16
36.32	0.1542E-16
38.31	0.1742E-16
40.39	0.1965E-16
42.56	0.2213E-16
44.83	0.2489E-16
47.20	0.2795E-16
49.66	0.3134E-16
52.24	0.3510E-16
54.92	0.3925E-16
57.72	0.4383E-16
60.64	0.4888E-16
63.67	0.5445E-16
66.84	0.6057E-16
70.13	0.6731E-16
73.56	0.7470E-16
77.13	0.8282E-16
80.84	0.9172E-16
84.71	0.1015E-15
88.73	0.1121E-15
92.91	0.1238E-15
97.26	0.1366E-15
101.8	0.1505E-15
106.5	0.1657E-15
111.4	0.1823E-15
116.5	0.2004E-15
121.7	0.2201E-15
127.2	0.2415E-15
132.9	0.2648E-15
138.9	0.2902E-15
145.0	0.3178E-15
151.4	0.3478E-15
158.1	0.3803E-15
165.0	0.4157E-15
172.1	0.4540E-15
179.6	0.4955E-15
187.3	0.5405E-15
195.3	0.5892E-15
203.6	0.6419E-15
212.2	0.6989E-15
221.2	0.7605E-15
230.5	0.8269E-15
240.1	0.8987E-15
250.0	0.9761E-15
260.3	0.1059E-14
270.9	0.1149E-14
281.9	0.1245E-14
293.3	0.1349E-14
305.1	0.1460E-14
317.2	0.1579E-14
329.7	0.1706E-14
342.6	0.1842E-14
355.8	0.1988E-14
369.5	0.2142E-14
383.5	0.2307E-14
397.9	0.2482E-14
412.7	0.2668E-14
427.9	0.2864E-14
443.5	0.3072E-14
459.4	0.3292E-14
475.6	0.3522E-14
492.2	0.3766E-14
509.2	0.4022E-14
526.6	0.4292E-14
544.3	0.4573E-14
562.3	0.4868E-14
580.7	0.5176E-14
599.4	0.5499E-14
618.3	0.5831E-14
637.7	0.6181E-14
657.2	0.6542E-14
677.1	0.6917E-14
697.3	0.7307E-14
717.7	0.7708E-14
738.5	0.8124E-14
 
 
E/N (Td)	Townsend ioniz. coef. alpha/N (m2)
1.731	0.1992E-27
2.119	0.2101E-27
2.426	0.2361E-27
2.681	0.2737E-27
2.897	0.3230E-27
3.084	0.3852E-27
3.248	0.4625E-27
3.392	0.5576E-27
3.520	0.6738E-27
3.634	0.8152E-27
3.735	0.9867E-27
3.825	0.1194E-26
3.906	0.1444E-26
3.978	0.1744E-26
4.042	0.2103E-26
4.099	0.2532E-26
4.149	0.3044E-26
4.193	0.3652E-26
4.232	0.4373E-26
4.266	0.5224E-26
4.296	0.6229E-26
4.321	0.7410E-26
4.342	0.8796E-26
4.360	0.1042E-25
4.374	0.1231E-25
4.386	0.1451E-25
4.387	0.1471E-25
4.405	0.1392E-22
4.314	0.7029E-26
4.344	0.8898E-26
4.368	0.1142E-25
4.385	0.1439E-25
4.450	0.1441E-22
4.460	0.1453E-22
4.388	0.1498E-25
4.399	0.1385E-22
4.393	0.1379E-22
4.394	0.1380E-22
4.844	0.1860E-22
4.978	0.1999E-22
4.742	0.1753E-22
4.287	0.5915E-26
4.607	0.1612E-22
5.204	0.2231E-22
4.898	0.1916E-22
4.388	0.1496E-25
4.403	0.1390E-22
4.409	0.1397E-22
4.661	0.1669E-22
4.679	0.1687E-22
4.383	0.1381E-25
4.415	0.1403E-22
4.389	0.1522E-25
4.437	0.1427E-22
4.617	0.1622E-22
4.385	0.1424E-25
4.398	0.1384E-22
4.466	0.1460E-22
4.393	0.4747E-25
4.762	0.1774E-22
4.400	0.1387E-22
5.171	0.2197E-22
4.564	0.1566E-22
4.389	0.1520E-25
4.389	0.1525E-25
4.331	0.8043E-26
4.052	0.2172E-26
3.614	0.7876E-27
4.399	0.1385E-22
4.415	0.1403E-22
4.191	0.3618E-26
2.695	0.2764E-27
4.393	0.4748E-25
4.395	0.1381E-22
4.022	0.1981E-26
4.071	0.2309E-26
4.409	0.1397E-22
4.167	0.3282E-26
4.393	0.1379E-22
4.470	0.1463E-22
3.579	0.7424E-27
4.299	0.6366E-26
4.427	0.1416E-22
4.373	0.1205E-25
4.506	0.1503E-22
4.655	0.1662E-22
4.248	0.4753E-26
4.351	0.9554E-26
4.509	0.1506E-22
4.654	0.1661E-22
4.818	0.1833E-22
5.005	0.2026E-22
5.214	0.2241E-22
5.448	0.2480E-22
5.708	0.2745E-22
5.995	0.3039E-22
6.310	0.3364E-22
6.656	0.3723E-22
7.032	0.4119E-22
7.441	0.4554E-22
7.884	0.5033E-22
8.362	0.5559E-22
8.876	0.6135E-22
9.428	0.6764E-22
10.02	0.7452E-22
10.65	0.8201E-22
11.32	0.9017E-22
12.04	0.9904E-22
12.80	0.1087E-21
13.61	0.1191E-21
14.47	0.1304E-21
15.38	0.1426E-21
16.34	0.1558E-21
17.35	0.1700E-21
18.41	0.1853E-21
19.54	0.2017E-21
20.72	0.2194E-21
21.97	0.2383E-21
23.28	0.2586E-21
24.65	0.2803E-21
26.10	0.3036E-21
27.61	0.3284E-21
29.20	0.3549E-21
30.86	0.3831E-21
32.60	0.4132E-21
34.42	0.4452E-21
36.32	0.4793E-21
38.31	0.5154E-21
40.39	0.5538E-21
42.56	0.5945E-21
44.83	0.6378E-21
47.20	0.6835E-21
49.66	0.7319E-21
52.24	0.7832E-21
54.92	0.8373E-21
57.72	0.8946E-21
60.64	0.9550E-21
63.67	0.1019E-20
66.84	0.1086E-20
70.13	0.1157E-20
73.56	0.1232E-20
77.13	0.1311E-20
80.84	0.1394E-20
84.71	0.1481E-20
88.73	0.1573E-20
92.91	0.1670E-20
97.26	0.1771E-20
101.8	0.1878E-20
106.5	0.1990E-20
111.4	0.2108E-20
116.5	0.2232E-20
121.7	0.2361E-20
127.2	0.2497E-20
132.9	0.2640E-20
138.9	0.2790E-20
145.0	0.2947E-20
151.4	0.3111E-20
158.1	0.3283E-20
165.0	0.3463E-20
172.1	0.3651E-20
179.6	0.3848E-20
187.3	0.4054E-20
195.3	0.4269E-20
203.6	0.4493E-20
212.2	0.4727E-20
221.2	0.4972E-20
230.5	0.5226E-20
240.1	0.5491E-20
250.0	0.5766E-20
260.3	0.6053E-20
270.9	0.6350E-20
281.9	0.6658E-20
293.3	0.6977E-20
305.1	0.7309E-20
317.2	0.7650E-20
329.7	0.8003E-20
342.6	0.8368E-20
355.8	0.8743E-20
369.5	0.9129E-20
383.5	0.9525E-20
397.9	0.9932E-20
412.7	0.1035E-19
427.9	0.1078E-19
443.5	0.1121E-19
459.4	0.1166E-19
475.6	0.1211E-19
492.2	0.1257E-19
509.2	0.1304E-19
526.6	0.1351E-19
544.3	0.1399E-19
562.3	0.1448E-19
580.7	0.1498E-19
599.4	0.1548E-19
618.3	0.1598E-19
637.7	0.1649E-19
657.2	0.1699E-19
677.1	0.1751E-19
697.3	0.1802E-19
717.7	0.1854E-19
738.5	0.1906E-19
 
 
E/N (Td)	Power /N (eV m3/s)
1.731	0.5704E-18
2.119	0.8737E-18
2.426	0.1170E-17
2.681	0.1458E-17
2.897	0.1740E-17
3.084	0.2014E-17
3.248	0.2281E-17
3.392	0.2541E-17
3.520	0.2794E-17
3.634	0.3041E-17
3.735	0.3281E-17
3.825	0.3515E-17
3.906	0.3743E-17
3.978	0.3964E-17
4.042	0.4180E-17
4.099	0.4390E-17
4.149	0.4593E-17
4.193	0.4791E-17
4.232	0.4984E-17
4.266	0.5171E-17
4.296	0.5353E-17
4.321	0.5530E-17
4.342	0.5702E-17
4.360	0.5869E-17
4.374	0.6031E-17
4.386	0.6188E-17
4.387	0.6201E-17
4.405	0.1639E-16
4.314	0.5476E-17
4.344	0.5713E-17
4.368	0.5959E-17
4.385	0.6180E-17
4.450	0.1677E-16
4.460	0.1686E-16
4.388	0.6218E-17
4.399	0.1634E-16
4.393	0.1629E-16
4.394	0.1630E-16
4.844	0.2023E-16
4.978	0.2145E-16
4.742	0.1931E-16
4.287	0.5300E-17
4.607	0.1813E-16
5.204	0.2360E-16
4.898	0.2072E-16
4.388	0.6217E-17
4.403	0.1638E-16
4.409	0.1643E-16
4.661	0.1860E-16
4.679	0.1875E-16
4.383	0.6141E-17
4.415	0.1648E-16
4.389	0.6233E-17
4.437	0.1666E-16
4.617	0.1821E-16
4.385	0.6170E-17
4.398	0.1633E-16
4.466	0.1691E-16
4.393	0.7248E-17
4.762	0.1949E-16
4.400	0.1635E-16
5.171	0.2327E-16
4.564	0.1775E-16
4.389	0.6232E-17
4.389	0.6235E-17
4.331	0.5612E-17
4.052	0.4217E-17
3.614	0.2997E-17
4.399	0.1634E-16
4.415	0.1648E-16
4.191	0.4781E-17
2.695	0.1475E-17
4.393	0.7250E-17
4.395	0.1631E-16
4.022	0.4112E-17
4.071	0.4286E-17
4.409	0.1643E-16
4.167	0.4675E-17
4.393	0.1630E-16
4.470	0.1694E-16
3.579	0.2921E-17
4.299	0.5375E-17
4.427	0.1658E-16
4.373	0.6010E-17
4.506	0.1725E-16
4.655	0.1854E-16
4.248	0.5072E-17
4.351	0.5784E-17
4.509	0.1728E-16
4.654	0.1853E-16
4.818	0.1999E-16
5.005	0.2170E-16
5.214	0.2369E-16
5.448	0.2601E-16
5.708	0.2870E-16
5.995	0.3181E-16
6.310	0.3540E-16
6.656	0.3954E-16
7.032	0.4431E-16
7.441	0.4979E-16
7.884	0.5607E-16
8.362	0.6325E-16
8.876	0.7146E-16
9.428	0.8080E-16
10.02	0.9142E-16
10.65	0.1035E-15
11.32	0.1171E-15
12.04	0.1326E-15
12.80	0.1500E-15
13.61	0.1696E-15
14.47	0.1916E-15
15.38	0.2164E-15
16.34	0.2441E-15
17.35	0.2751E-15
18.41	0.3097E-15
19.54	0.3483E-15
20.72	0.3912E-15
21.97	0.4388E-15
23.28	0.4917E-15
24.65	0.5503E-15
26.10	0.6151E-15
27.61	0.6866E-15
29.20	0.7655E-15
30.86	0.8524E-15
32.60	0.9481E-15
34.42	0.1053E-14
36.32	0.1168E-14
38.31	0.1295E-14
40.39	0.1433E-14
42.56	0.1584E-14
44.83	0.1750E-14
47.20	0.1930E-14
49.66	0.2127E-14
52.24	0.2341E-14
54.92	0.2574E-14
57.72	0.2828E-14
60.64	0.3104E-14
63.67	0.3403E-14
66.84	0.3727E-14
70.13	0.4079E-14
73.56	0.4461E-14
77.13	0.4873E-14
80.84	0.5320E-14
84.71	0.5804E-14
88.73	0.6326E-14
92.91	0.6890E-14
97.26	0.7499E-14
101.8	0.8157E-14
106.5	0.8867E-14
111.4	0.9632E-14
116.5	0.1046E-13
121.7	0.1135E-13
127.2	0.1230E-13
132.9	0.1334E-13
138.9	0.1445E-13
145.0	0.1564E-13
151.4	0.1693E-13
158.1	0.1831E-13
165.0	0.1980E-13
172.1	0.2140E-13
179.6	0.2312E-13
187.3	0.2497E-13
195.3	0.2696E-13
203.6	0.2909E-13
212.2	0.3138E-13
221.2	0.3383E-13
230.5	0.3647E-13
240.1	0.3929E-13
250.0	0.4232E-13
260.3	0.4556E-13
270.9	0.4903E-13
281.9	0.5274E-13
293.3	0.5671E-13
305.1	0.6095E-13
317.2	0.6547E-13
329.7	0.7029E-13
342.6	0.7543E-13
355.8	0.8089E-13
369.5	0.8671E-13
383.5	0.9289E-13
397.9	0.9944E-13
412.7	0.1064E-12
427.9	0.1137E-12
443.5	0.1215E-12
459.4	0.1297E-12
475.6	0.1384E-12
492.2	0.1475E-12
509.2	0.1571E-12
526.6	0.1673E-12
544.3	0.1779E-12
562.3	0.1890E-12
580.7	0.2007E-12
599.4	0.2130E-12
618.3	0.2257E-12
637.7	0.2391E-12
657.2	0.2530E-12
677.1	0.2675E-12
697.3	0.2827E-12
717.7	0.2984E-12
738.5	0.3148E-12
 
 
E/N (Td)	Elastic power loss /N (eV m3/s)
1.731	0.1531E-20
2.119	0.2466E-20
2.426	0.3470E-20
2.681	0.4548E-20
2.897	0.5703E-20
3.084	0.6938E-20
3.248	0.8259E-20
3.392	0.9669E-20
3.520	0.1117E-19
3.634	0.1278E-19
3.735	0.1449E-19
3.825	0.1631E-19
3.906	0.1824E-19
3.978	0.2030E-19
4.042	0.2248E-19
4.099	0.2480E-19
4.149	0.2726E-19
4.193	0.2986E-19
4.232	0.3263E-19
4.266	0.3555E-19
4.296	0.3865E-19
4.321	0.4193E-19
4.342	0.4540E-19
4.360	0.4906E-19
4.374	0.5293E-19
4.386	0.5702E-19
4.387	0.5739E-19
4.405	0.1898E-17
4.314	0.4091E-19
4.344	0.4564E-19
4.368	0.5117E-19
4.385	0.5682E-19
4.450	0.1932E-17
4.460	0.1940E-17
4.388	0.5786E-19
4.399	0.1894E-17
4.393	0.1889E-17
4.394	0.1890E-17
4.844	0.2191E-17
4.978	0.2268E-17
4.742	0.2129E-17
4.287	0.3772E-19
4.607	0.2043E-17
5.204	0.2390E-17
4.898	0.2222E-17
4.388	0.5782E-19
4.403	0.1897E-17
4.409	0.1902E-17
4.661	0.2078E-17
4.679	0.2089E-17
4.383	0.5577E-19
4.415	0.1906E-17
4.389	0.5827E-19
4.437	0.1922E-17
4.617	0.2049E-17
4.385	0.5655E-19
4.398	0.1893E-17
4.466	0.1944E-17
4.393	0.9688E-19
4.762	0.2141E-17
4.400	0.1895E-17
5.171	0.2373E-17
4.564	0.2014E-17
4.389	0.5824E-19
4.389	0.5832E-19
4.331	0.4356E-19
4.052	0.2287E-19
3.614	0.1248E-19
4.399	0.1894E-17
4.415	0.1906E-17
4.191	0.2972E-19
2.695	0.4616E-20
4.393	0.9690E-19
4.395	0.1891E-17
4.022	0.2177E-19
4.071	0.2363E-19
4.409	0.1902E-17
4.167	0.2831E-19
4.393	0.1889E-17
4.470	0.1947E-17
3.579	0.1198E-19
4.299	0.3905E-19
4.427	0.1915E-17
4.373	0.5243E-19
4.506	0.1973E-17
4.655	0.2074E-17
4.248	0.3397E-19
4.351	0.4716E-19
4.509	0.1975E-17
4.654	0.2073E-17
4.818	0.2175E-17
5.005	0.2283E-17
5.214	0.2396E-17
5.448	0.2513E-17
5.708	0.2636E-17
5.995	0.2764E-17
6.310	0.2898E-17
6.656	0.3038E-17
7.032	0.3184E-17
7.441	0.3336E-17
7.884	0.3494E-17
8.362	0.3660E-17
8.876	0.3832E-17
9.428	0.4011E-17
10.02	0.4198E-17
10.65	0.4392E-17
11.32	0.4594E-17
12.04	0.4804E-17
12.80	0.5022E-17
13.61	0.5249E-17
14.47	0.5485E-17
15.38	0.5729E-17
16.34	0.5983E-17
17.35	0.6246E-17
18.41	0.6520E-17
19.54	0.6803E-17
20.72	0.7096E-17
21.97	0.7400E-17
23.28	0.7714E-17
24.65	0.8039E-17
26.10	0.8376E-17
27.61	0.8724E-17
29.20	0.9084E-17
30.86	0.9455E-17
32.60	0.9839E-17
34.42	0.1024E-16
36.32	0.1064E-16
38.31	0.1107E-16
40.39	0.1150E-16
42.56	0.1195E-16
44.83	0.1241E-16
47.20	0.1289E-16
49.66	0.1338E-16
52.24	0.1388E-16
54.92	0.1440E-16
57.72	0.1494E-16
60.64	0.1549E-16
63.67	0.1605E-16
66.84	0.1663E-16
70.13	0.1723E-16
73.56	0.1784E-16
77.13	0.1847E-16
80.84	0.1911E-16
84.71	0.1978E-16
88.73	0.2046E-16
92.91	0.2115E-16
97.26	0.2187E-16
101.8	0.2260E-16
106.5	0.2335E-16
111.4	0.2412E-16
116.5	0.2490E-16
121.7	0.2571E-16
127.2	0.2653E-16
132.9	0.2737E-16
138.9	0.2823E-16
145.0	0.2911E-16
151.4	0.3001E-16
158.1	0.3093E-16
165.0	0.3187E-16
172.1	0.3283E-16
179.6	0.3381E-16
187.3	0.3481E-16
195.3	0.3583E-16
203.6	0.3687E-16
212.2	0.3793E-16
221.2	0.3901E-16
230.5	0.4011E-16
240.1	0.4123E-16
250.0	0.4238E-16
260.3	0.4354E-16
270.9	0.4472E-16
281.9	0.4593E-16
293.3	0.4715E-16
305.1	0.4839E-16
317.2	0.4966E-16
329.7	0.5095E-16
342.6	0.5225E-16
355.8	0.5358E-16
369.5	0.5493E-16
383.5	0.5630E-16
397.9	0.5769E-16
412.7	0.5910E-16
427.9	0.6053E-16
443.5	0.6199E-16
459.4	0.6346E-16
475.6	0.6495E-16
492.2	0.6647E-16
509.2	0.6801E-16
526.6	0.6958E-16
544.3	0.7116E-16
562.3	0.7277E-16
580.7	0.7440E-16
599.4	0.7606E-16
618.3	0.7773E-16
637.7	0.7944E-16
657.2	0.8116E-16
677.1	0.8292E-16
697.3	0.8470E-16
717.7	0.8650E-16
738.5	0.8833E-16
 
 
E/N (Td)	Inelastic power loss /N (eV m3/s)
1.731	0.2757E-24
2.119	0.3639E-24
2.426	0.4780E-24
2.681	0.6254E-24
2.897	0.8145E-24
3.084	0.1056E-23
3.248	0.1364E-23
3.392	0.1754E-23
3.520	0.2247E-23
3.634	0.2866E-23
3.735	0.3641E-23
3.825	0.4608E-23
3.906	0.5810E-23
3.978	0.7299E-23
4.042	0.9134E-23
4.099	0.1139E-22
4.149	0.1415E-22
4.193	0.1753E-22
4.232	0.2163E-22
4.266	0.2660E-22
4.296	0.3260E-22
4.321	0.3983E-22
4.342	0.4851E-22
4.360	0.5889E-22
4.374	0.7127E-22
4.386	0.8598E-22
4.387	0.8738E-22
4.405	0.5095E-17
4.314	0.3748E-22
4.344	0.4916E-22
4.368	0.6546E-22
4.385	0.8521E-22
4.450	0.5441E-17
4.460	0.5521E-17
4.388	0.8919E-22
4.399	0.5050E-17
4.393	0.5008E-17
4.394	0.5014E-17
4.844	0.8618E-17
4.978	0.9762E-17
4.742	0.7767E-17
4.287	0.3071E-22
4.607	0.6679E-17
5.204	0.1177E-16
4.898	0.9074E-17
4.388	0.8907E-22
4.403	0.5084E-17
4.409	0.5130E-17
4.661	0.7113E-17
4.679	0.7252E-17
4.383	0.8128E-22
4.415	0.5175E-17
4.389	0.9082E-22
4.437	0.5340E-17
4.617	0.6757E-17
4.385	0.8420E-22
4.398	0.5044E-17
4.466	0.5570E-17
4.393	0.3296E-21
4.762	0.7933E-17
4.400	0.5062E-17
5.171	0.1146E-16
4.564	0.6338E-17
4.389	0.9069E-22
4.389	0.9100E-22
4.331	0.4377E-22
4.052	0.9494E-23
3.614	0.2743E-23
4.399	0.5052E-17
4.415	0.5176E-17
4.191	0.1733E-22
2.695	0.6356E-24
4.393	0.3297E-21
4.395	0.5025E-17
4.022	0.8506E-23
4.071	0.1021E-22
4.409	0.5131E-17
4.167	0.1547E-22
4.393	0.5009E-17
4.470	0.5597E-17
3.579	0.2544E-23
4.299	0.3343E-22
4.427	0.5267E-17
4.373	0.6956E-22
4.506	0.5879E-17
4.655	0.7058E-17
4.248	0.2383E-22
4.351	0.5334E-22
4.509	0.5903E-17
4.654	0.7050E-17
4.818	0.8400E-17
5.005	0.9993E-17
5.214	0.1186E-16
5.448	0.1404E-16
5.708	0.1657E-16
5.995	0.1952E-16
6.310	0.2293E-16
6.656	0.2688E-16
7.032	0.3144E-16
7.441	0.3668E-16
7.884	0.4269E-16
8.362	0.4958E-16
8.876	0.5744E-16
9.428	0.6641E-16
10.02	0.7661E-16
10.65	0.8819E-16
11.32	0.1013E-15
12.04	0.1161E-15
12.80	0.1328E-15
13.61	0.1517E-15
14.47	0.1728E-15
15.38	0.1965E-15
16.34	0.2230E-15
17.35	0.2527E-15
18.41	0.2857E-15
19.54	0.3225E-15
20.72	0.3634E-15
21.97	0.4087E-15
23.28	0.4590E-15
24.65	0.5146E-15
26.10	0.5759E-15
27.61	0.6436E-15
29.20	0.7180E-15
30.86	0.7999E-15
32.60	0.8898E-15
34.42	0.9884E-15
36.32	0.1096E-14
38.31	0.1214E-14
40.39	0.1343E-14
42.56	0.1484E-14
44.83	0.1637E-14
47.20	0.1804E-14
49.66	0.1986E-14
52.24	0.2183E-14
54.92	0.2397E-14
57.72	0.2629E-14
60.64	0.2880E-14
63.67	0.3152E-14
66.84	0.3447E-14
70.13	0.3765E-14
73.56	0.4108E-14
77.13	0.4478E-14
80.84	0.4878E-14
84.71	0.5309E-14
88.73	0.5772E-14
92.91	0.6271E-14
97.26	0.6807E-14
101.8	0.7384E-14
106.5	0.8004E-14
111.4	0.8669E-14
116.5	0.9384E-14
121.7	0.1015E-13
127.2	0.1097E-13
132.9	0.1185E-13
138.9	0.1280E-13
145.0	0.1381E-13
151.4	0.1489E-13
158.1	0.1605E-13
165.0	0.1729E-13
172.1	0.1861E-13
179.6	0.2003E-13
187.3	0.2154E-13
195.3	0.2315E-13
203.6	0.2488E-13
212.2	0.2672E-13
221.2	0.2868E-13
230.5	0.3077E-13
240.1	0.3300E-13
250.0	0.3537E-13
260.3	0.3789E-13
270.9	0.4057E-13
281.9	0.4342E-13
293.3	0.4644E-13
305.1	0.4965E-13
317.2	0.5304E-13
329.7	0.5664E-13
342.6	0.6044E-13
355.8	0.6445E-13
369.5	0.6868E-13
383.5	0.7314E-13
397.9	0.7783E-13
412.7	0.8277E-13
427.9	0.8795E-13
443.5	0.9338E-13
459.4	0.9908E-13
475.6	0.1050E-12
492.2	0.1112E-12
509.2	0.1177E-12
526.6	0.1245E-12
544.3	0.1315E-12
562.3	0.1388E-12
580.7	0.1464E-12
599.4	0.1543E-12
618.3	0.1624E-12
637.7	0.1709E-12
657.2	0.1795E-12
677.1	0.1885E-12
697.3	0.1978E-12
717.7	0.2073E-12
738.5	0.2172E-12
 
 
E/N (Td)	Growth power /N (eV m3/s)
1.731	0.2626E-25
2.119	0.3526E-25
2.426	0.4712E-25
2.681	0.6271E-25
2.897	0.8308E-25
3.084	0.1096E-24
3.248	0.1440E-24
3.392	0.1883E-24
3.520	0.2454E-24
3.634	0.3184E-24
3.735	0.4115E-24
3.825	0.5298E-24
3.906	0.6795E-24
3.978	0.8682E-24
4.042	0.1105E-23
4.099	0.1402E-23
4.149	0.1772E-23
4.193	0.2232E-23
4.232	0.2802E-23
4.266	0.3506E-23
4.296	0.4371E-23
4.321	0.5432E-23
4.342	0.6730E-23
4.360	0.8310E-23
4.374	0.1023E-22
4.386	0.1255E-22
4.387	0.1278E-22
4.405	0.9195E-19
4.314	0.5085E-23
4.344	0.6828E-23
4.368	0.9324E-23
4.385	0.1243E-22
4.450	0.9706E-19
4.460	0.9824E-19
4.388	0.1307E-22
4.399	0.9128E-19
4.393	0.9066E-19
4.394	0.9076E-19
4.844	0.1450E-18
4.978	0.1628E-18
4.742	0.1320E-18
4.287	0.4097E-23
4.607	0.1155E-18
5.204	0.1948E-18
4.898	0.1521E-18
4.388	0.1305E-22
4.403	0.9179E-19
4.409	0.9245E-19
4.661	0.1220E-18
4.679	0.1241E-18
4.383	0.1181E-22
4.415	0.9312E-19
4.389	0.1333E-22
4.437	0.9557E-19
4.617	0.1167E-18
4.385	0.1227E-22
4.398	0.9119E-19
4.466	0.9896E-19
4.393	0.5475E-22
4.762	0.1345E-18
4.400	0.9146E-19
5.171	0.1899E-18
4.564	0.1104E-18
4.389	0.1330E-22
4.389	0.1335E-22
4.331	0.6019E-23
4.052	0.1152E-23
3.614	0.3038E-24
4.399	0.9131E-19
4.415	0.9315E-19
4.191	0.2206E-23
2.695	0.6379E-25
4.393	0.5477E-22
4.395	0.9092E-19
4.022	0.1024E-23
4.071	0.1246E-23
4.409	0.9248E-19
4.167	0.1950E-23
4.393	0.9067E-19
4.470	0.9936E-19
3.579	0.2803E-24
4.299	0.4492E-23
4.427	0.9449E-19
4.373	0.9963E-23
4.506	0.1035E-18
4.655	0.1212E-18
4.248	0.3113E-23
4.351	0.7461E-23
4.509	0.1039E-18
4.654	0.1211E-18
4.818	0.1417E-18
5.005	0.1665E-18
5.214	0.1963E-18
5.448	0.2321E-18
5.708	0.2752E-18
5.995	0.3271E-18
6.310	0.3894E-18
6.656	0.4643E-18
7.032	0.5543E-18
7.441	0.6620E-18
7.884	0.7911E-18
8.362	0.9453E-18
8.876	0.1129E-17
9.428	0.1348E-17
10.02	0.1609E-17
10.65	0.1918E-17
11.32	0.2284E-17
12.04	0.2716E-17
12.80	0.3225E-17
13.61	0.3825E-17
14.47	0.4528E-17
15.38	0.5352E-17
16.34	0.6315E-17
17.35	0.7439E-17
18.41	0.8747E-17
19.54	0.1027E-16
20.72	0.1203E-16
21.97	0.1407E-16
23.28	0.1642E-16
24.65	0.1913E-16
26.10	0.2226E-16
27.61	0.2584E-16
29.20	0.2995E-16
30.86	0.3465E-16
32.60	0.4003E-16
34.42	0.4615E-16
36.32	0.5313E-16
38.31	0.6107E-16
40.39	0.7008E-16
42.56	0.8029E-16
44.83	0.9186E-16
47.20	0.1049E-15
49.66	0.1197E-15
52.24	0.1363E-15
54.92	0.1551E-15
57.72	0.1762E-15
60.64	0.1999E-15
63.67	0.2265E-15
66.84	0.2563E-15
70.13	0.2897E-15
73.56	0.3271E-15
77.13	0.3688E-15
80.84	0.4155E-15
84.71	0.4676E-15
88.73	0.5257E-15
92.91	0.5904E-15
97.26	0.6625E-15
101.8	0.7427E-15
106.5	0.8318E-15
111.4	0.9308E-15
116.5	0.1041E-14
121.7	0.1163E-14
127.2	0.1298E-14
132.9	0.1448E-14
138.9	0.1614E-14
145.0	0.1798E-14
151.4	0.2002E-14
158.1	0.2227E-14
165.0	0.2475E-14
172.1	0.2750E-14
179.6	0.3053E-14
187.3	0.3388E-14
195.3	0.3757E-14
203.6	0.4164E-14
212.2	0.4611E-14
221.2	0.5104E-14
230.5	0.5646E-14
240.1	0.6242E-14
250.0	0.6896E-14
260.3	0.7614E-14
270.9	0.8401E-14
281.9	0.9263E-14
293.3	0.1021E-13
305.1	0.1124E-13
317.2	0.1236E-13
329.7	0.1359E-13
342.6	0.1492E-13
355.8	0.1638E-13
369.5	0.1796E-13
383.5	0.1967E-13
397.9	0.2153E-13
412.7	0.2354E-13
427.9	0.2571E-13
443.5	0.2805E-13
459.4	0.3057E-13
475.6	0.3328E-13
492.2	0.3619E-13
509.2	0.3932E-13
526.6	0.4268E-13
544.3	0.4626E-13
562.3	0.5010E-13
580.7	0.5419E-13
599.4	0.5856E-13
618.3	0.6316E-13
637.7	0.6812E-13
657.2	0.7333E-13
677.1	0.7888E-13
697.3	0.8477E-13
717.7	0.9095E-13
738.5	0.9753E-13
 
 
E/N (Td)	e-i power loss /N (eV m3/s)
1.731	0.5689E-18
2.119	0.8713E-18
2.426	0.1166E-17
2.681	0.1454E-17
2.897	0.1734E-17
3.084	0.2007E-17
3.248	0.2272E-17
3.392	0.2531E-17
3.520	0.2783E-17
3.634	0.3028E-17
3.735	0.3267E-17
3.825	0.3499E-17
3.906	0.3725E-17
3.978	0.3944E-17
4.042	0.4157E-17
4.099	0.4365E-17
4.149	0.4566E-17
4.193	0.4761E-17
4.232	0.4951E-17
4.266	0.5135E-17
4.296	0.5314E-17
4.321	0.5488E-17
4.342	0.5656E-17
4.360	0.5819E-17
4.374	0.5978E-17
4.386	0.6131E-17
4.387	0.6144E-17
4.405	0.9306E-17
4.314	0.5435E-17
4.344	0.5668E-17
4.368	0.5907E-17
4.385	0.6123E-17
4.450	0.9303E-17
4.460	0.9302E-17
4.388	0.6160E-17
4.399	0.9307E-17
4.393	0.9307E-17
4.394	0.9307E-17
4.844	0.9272E-17
4.978	0.9262E-17
4.742	0.9279E-17
4.287	0.5262E-17
4.607	0.9290E-17
5.204	0.9246E-17
4.898	0.9268E-17
4.388	0.6159E-17
4.403	0.9307E-17
4.409	0.9306E-17
4.661	0.9285E-17
4.679	0.9284E-17
4.383	0.6085E-17
4.415	0.9306E-17
4.389	0.6175E-17
4.437	0.9304E-17
4.617	0.9289E-17
4.385	0.6114E-17
4.398	0.9307E-17
4.466	0.9301E-17
4.393	0.7151E-17
4.762	0.9278E-17
4.400	0.9307E-17
5.171	0.9248E-17
4.564	0.9293E-17
4.389	0.6174E-17
4.389	0.6176E-17
4.331	0.5569E-17
4.052	0.4194E-17
3.614	0.2985E-17
4.399	0.9307E-17
4.415	0.9306E-17
4.191	0.4751E-17
2.695	0.1471E-17
4.393	0.7152E-17
4.395	0.9307E-17
4.022	0.4090E-17
4.071	0.4262E-17
4.409	0.9306E-17
4.167	0.4647E-17
4.393	0.9307E-17
4.470	0.9301E-17
3.579	0.2909E-17
4.299	0.5336E-17
4.427	0.9305E-17
4.373	0.5958E-17
4.506	0.9298E-17
4.655	0.9286E-17
4.248	0.5038E-17
4.351	0.5736E-17
4.509	0.9298E-17
4.654	0.9286E-17
4.818	0.9273E-17
5.005	0.9260E-17
5.214	0.9245E-17
5.448	0.9230E-17
5.708	0.9213E-17
5.995	0.9196E-17
6.310	0.9177E-17
6.656	0.9158E-17
7.032	0.9138E-17
7.441	0.9118E-17
7.884	0.9096E-17
8.362	0.9074E-17
8.876	0.9051E-17
9.428	0.9028E-17
10.02	0.9003E-17
10.65	0.8978E-17
11.32	0.8953E-17
12.04	0.8927E-17
12.80	0.8900E-17
13.61	0.8872E-17
14.47	0.8844E-17
15.38	0.8816E-17
16.34	0.8787E-17
17.35	0.8758E-17
18.41	0.8728E-17
19.54	0.8697E-17
20.72	0.8666E-17
21.97	0.8634E-17
23.28	0.8602E-17
24.65	0.8570E-17
26.10	0.8537E-17
27.61	0.8503E-17
29.20	0.8469E-17
30.86	0.8435E-17
32.60	0.8400E-17
34.42	0.8365E-17
36.32	0.8330E-17
38.31	0.8294E-17
40.39	0.8258E-17
42.56	0.8221E-17
44.83	0.8185E-17
47.20	0.8148E-17
49.66	0.8110E-17
52.24	0.8072E-17
54.92	0.8034E-17
57.72	0.7995E-17
60.64	0.7956E-17
63.67	0.7917E-17
66.84	0.7878E-17
70.13	0.7838E-17
73.56	0.7798E-17
77.13	0.7757E-17
80.84	0.7717E-17
84.71	0.7676E-17
88.73	0.7635E-17
92.91	0.7594E-17
97.26	0.7552E-17
101.8	0.7511E-17
106.5	0.7468E-17
111.4	0.7426E-17
116.5	0.7384E-17
121.7	0.7341E-17
127.2	0.7298E-17
132.9	0.7256E-17
138.9	0.7213E-17
145.0	0.7170E-17
151.4	0.7127E-17
158.1	0.7083E-17
165.0	0.7040E-17
172.1	0.6996E-17
179.6	0.6953E-17
187.3	0.6909E-17
195.3	0.6865E-17
203.6	0.6822E-17
212.2	0.6778E-17
221.2	0.6735E-17
230.5	0.6691E-17
240.1	0.6648E-17
250.0	0.6605E-17
260.3	0.6562E-17
270.9	0.6519E-17
281.9	0.6476E-17
293.3	0.6434E-17
305.1	0.6392E-17
317.2	0.6350E-17
329.7	0.6308E-17
342.6	0.6267E-17
355.8	0.6226E-17
369.5	0.6185E-17
383.5	0.6144E-17
397.9	0.6104E-17
412.7	0.6065E-17
427.9	0.6025E-17
443.5	0.5986E-17
459.4	0.5948E-17
475.6	0.5910E-17
492.2	0.5872E-17
509.2	0.5834E-17
526.6	0.5797E-17
544.3	0.5761E-17
562.3	0.5725E-17
580.7	0.5689E-17
599.4	0.5654E-17
618.3	0.5620E-17
637.7	0.5585E-17
657.2	0.5551E-17
677.1	0.5518E-17
697.3	0.5484E-17
717.7	0.5452E-17
738.5	0.5419E-17
 
 
E/N (Td)	Coulomb logarithm
1.731	8.928
2.119	8.954
2.426	8.979
2.681	9.005
2.897	9.031
3.084	9.056
3.248	9.082
3.392	9.107
3.520	9.133
3.634	9.159
3.735	9.184
3.825	9.210
3.906	9.236
3.978	9.261
4.042	9.287
4.099	9.313
4.149	9.338
4.193	9.364
4.232	9.389
4.266	9.415
4.296	9.441
4.321	9.466
4.342	9.492
4.360	9.518
4.374	9.543
4.386	9.569
4.387	9.571
4.405	11.16
4.314	9.459
4.344	9.494
4.368	9.532
4.385	9.568
4.450	11.17
4.460	11.17
4.388	9.574
4.399	11.16
4.393	11.16
4.394	11.16
4.844	11.24
4.978	11.26
4.742	11.22
4.287	9.433
4.607	11.20
5.204	11.29
4.898	11.25
4.388	9.574
4.403	11.16
4.409	11.16
4.661	11.21
4.679	11.21
4.383	9.561
4.415	11.17
4.389	9.576
4.437	11.17
4.617	11.20
4.385	9.566
4.398	11.16
4.466	11.18
4.393	9.765
4.762	11.23
4.400	11.16
5.171	11.28
4.564	11.19
4.389	9.576
4.389	9.577
4.331	9.479
4.052	9.291
3.614	9.154
4.399	11.16
4.415	11.17
4.191	9.363
2.695	9.006
4.393	9.765
4.395	11.16
4.022	9.279
4.071	9.300
4.409	11.16
4.167	9.349
4.393	11.16
4.470	11.18
3.579	9.146
4.299	9.444
4.427	11.17
4.373	9.540
4.506	11.18
4.655	11.21
4.248	9.401
4.351	9.505
4.509	11.18
4.654	11.21
4.818	11.24
5.005	11.26
5.214	11.29
5.448	11.31
5.708	11.34
5.995	11.36
6.310	11.39
6.656	11.41
7.032	11.44
7.441	11.47
7.884	11.49
8.362	11.52
8.876	11.54
9.428	11.57
10.02	11.59
10.65	11.62
11.32	11.65
12.04	11.67
12.80	11.70
13.61	11.72
14.47	11.75
15.38	11.77
16.34	11.80
17.35	11.82
18.41	11.85
19.54	11.88
20.72	11.90
21.97	11.93
23.28	11.95
24.65	11.98
26.10	12.00
27.61	12.03
29.20	12.06
30.86	12.08
32.60	12.11
34.42	12.13
36.32	12.16
38.31	12.18
40.39	12.21
42.56	12.24
44.83	12.26
47.20	12.29
49.66	12.31
52.24	12.34
54.92	12.36
57.72	12.39
60.64	12.41
63.67	12.44
66.84	12.47
70.13	12.49
73.56	12.52
77.13	12.54
80.84	12.57
84.71	12.59
88.73	12.62
92.91	12.65
97.26	12.67
101.8	12.70
106.5	12.72
111.4	12.75
116.5	12.77
121.7	12.80
127.2	12.82
132.9	12.85
138.9	12.88
145.0	12.90
151.4	12.93
158.1	12.95
165.0	12.98
172.1	13.00
179.6	13.03
187.3	13.06
195.3	13.08
203.6	13.11
212.2	13.13
221.2	13.16
230.5	13.18
240.1	13.21
250.0	13.24
260.3	13.26
270.9	13.29
281.9	13.31
293.3	13.34
305.1	13.36
317.2	13.39
329.7	13.41
342.6	13.44
355.8	13.47
369.5	13.49
383.5	13.52
397.9	13.54
412.7	13.57
427.9	13.59
443.5	13.62
459.4	13.65
475.6	13.67
492.2	13.70
509.2	13.72
526.6	13.75
544.3	13.77
562.3	13.80
580.7	13.82
599.4	13.85
618.3	13.88
637.7	13.90
657.2	13.93
677.1	13.95
697.3	13.98
717.7	14.00
738.5	14.03
 
 
E/N (Td)	Maximum energy
1.731	11.07
2.119	13.39
2.426	13.39
2.681	13.39
2.897	13.39
3.084	13.39
3.248	13.39
3.392	13.39
3.520	13.39
3.634	13.39
3.735	13.39
3.825	13.39
3.906	13.39
3.978	13.39
4.042	13.39
4.099	13.39
4.149	13.39
4.193	16.55
4.232	16.58
4.266	16.59
4.296	16.57
4.321	16.57
4.342	16.57
4.360	16.58
4.374	16.58
4.386	16.59
4.387	16.59
4.405	38.95
4.314	16.57
4.344	16.57
4.368	16.58
4.385	16.59
4.450	39.00
4.460	39.02
4.388	16.59
4.399	38.94
4.393	38.94
4.394	38.94
4.844	39.55
4.978	39.74
4.742	39.41
4.287	16.58
4.607	39.22
5.204	40.06
4.898	39.63
4.388	16.59
4.403	38.95
4.409	38.95
4.661	39.30
4.679	39.32
4.383	16.59
4.415	38.96
4.389	16.59
4.437	38.99
4.617	39.24
4.385	16.59
4.398	38.94
4.466	39.02
4.393	16.59
4.762	39.44
4.400	38.94
5.171	40.01
4.564	39.16
4.389	16.59
4.389	16.59
4.331	16.57
4.052	13.39
3.614	13.39
4.399	38.94
4.415	38.96
4.191	16.55
2.695	13.39
4.393	16.59
4.395	38.94
4.022	13.39
4.071	13.39
4.409	38.95
4.167	16.53
4.393	38.94
4.470	39.03
3.579	13.39
4.299	16.57
4.427	38.97
4.373	16.58
4.506	39.08
4.655	39.29
4.248	16.59
4.351	16.58
4.509	39.08
4.654	39.29
4.818	39.52
5.005	39.78
5.214	40.08
5.448	40.40
5.708	40.96
5.995	41.31
6.310	41.69
6.656	42.10
7.032	42.54
7.441	43.31
7.884	43.83
8.362	44.38
8.876	44.97
9.428	45.59
10.02	46.25
10.65	46.93
11.32	47.63
12.04	48.37
12.80	49.15
13.61	49.98
14.47	51.28
15.38	52.21
16.34	53.18
17.35	45.78
18.41	46.67
19.54	47.62
20.72	48.56
21.97	49.53
23.28	50.53
24.65	51.58
26.10	52.67
27.61	53.81
29.20	54.99
30.86	56.21
32.60	57.48
34.42	58.80
36.32	60.16
38.31	61.58
40.39	63.06
42.56	64.59
44.83	56.67
47.20	58.05
49.66	59.48
52.24	60.96
54.92	62.51
57.72	64.13
60.64	65.81
63.67	67.57
66.84	69.34
70.13	71.18
73.56	73.10
77.13	75.11
80.84	77.19
84.71	68.35
88.73	70.28
92.91	72.29
97.26	74.40
101.8	76.53
106.5	78.75
111.4	81.06
116.5	83.41
121.7	87.76
127.2	90.28
132.9	92.78
138.9	95.23
145.0	84.48
151.4	86.62
158.1	91.04
165.0	93.45
172.1	95.96
179.6	101.1
187.3	104.0
195.3	107.0
203.6	110.1
212.2	116.5
221.2	120.0
230.5	123.8
240.1	127.7
250.0	135.6
260.3	140.0
270.9	144.7
281.9	149.5
293.3	154.5
305.1	139.4
317.2	144.3
329.7	149.4
342.6	154.8
355.8	160.4
369.5	166.3
383.5	178.4
397.9	185.1
412.7	192.2
427.9	199.7
443.5	207.2
459.4	215.1
475.6	223.2
492.2	231.6
509.2	249.8
526.6	259.5
544.3	269.5
562.3	280.0
580.7	290.9
599.4	302.2
618.3	314.0
637.7	326.3
657.2	339.0
677.1	352.3
697.3	382.6
717.7	397.9
738.5	413.8
 
 
E/N (Td)	# of iterations
1.731	413.0
2.119	260.0
2.426	269.0
2.681	281.0
2.897	293.0
3.084	307.0
3.248	325.0
3.392	347.0
3.520	366.0
3.634	385.0
3.735	401.0
3.825	425.0
3.906	444.0
3.978	482.0
4.042	510.0
4.099	541.0
4.149	587.0
4.193	687.0
4.232	763.0
4.266	835.0
4.296	908.0
4.321	1044.
4.342	1190.
4.360	1398.
4.374	1652.
4.386	2121.
4.387	2119.
4.405	579.0
4.314	1014.
4.344	1181.
4.368	1534.
4.385	2083.
4.450	457.0
4.460	446.0
4.388	2266.
4.399	634.0
4.393	853.0
4.394	768.0
4.844	277.0
4.978	253.0
4.742	306.0
4.287	888.0
4.607	353.0
5.204	216.0
4.898	271.0
4.388	2204.
4.403	586.0
4.409	552.0
4.661	328.0
4.679	325.0
4.383	1943.
4.415	529.0
4.389	2291.
4.437	479.0
4.617	347.0
4.385	2069.
4.398	644.0
4.466	445.0
4.393	7.000
4.762	298.0
4.400	615.0
5.171	221.0
4.564	374.0
4.389	2287.
4.389	2356.
4.331	1115.
4.052	524.0
3.614	377.0
4.399	632.0
4.415	527.0
4.191	691.0
2.695	288.0
4.393	6.000
4.395	698.0
4.022	511.0
4.071	522.0
4.409	549.0
4.167	650.0
4.393	819.0
4.470	435.0
3.579	365.0
4.299	936.0
4.427	499.0
4.373	1637.
4.506	409.0
4.655	329.0
4.248	793.0
4.351	1279.
4.509	403.0
4.654	333.0
4.818	286.0
5.005	248.0
5.214	219.0
5.448	193.0
5.708	173.0
5.995	158.0
6.310	143.0
6.656	136.0
7.032	134.0
7.441	121.0
7.884	121.0
8.362	116.0
8.876	92.00
9.428	110.0
10.02	69.00
10.65	89.00
11.32	93.00
12.04	91.00
12.80	71.00
13.61	113.0
14.47	116.0
15.38	113.0
16.34	115.0
17.35	88.00
18.41	65.00
19.54	86.00
20.72	86.00
21.97	87.00
23.28	86.00
24.65	88.00
26.10	89.00
27.61	89.00
29.20	94.00
30.86	91.00
32.60	93.00
34.42	91.00
36.32	97.00
38.31	94.00
40.39	96.00
42.56	81.00
44.83	66.00
47.20	65.00
49.66	67.00
52.24	68.00
54.92	70.00
57.72	70.00
60.64	73.00
63.67	73.00
66.84	77.00
70.13	162.0
73.56	161.0
77.13	162.0
80.84	166.0
84.71	127.0
88.73	123.0
92.91	129.0
97.26	132.0
101.8	126.0
106.5	127.0
111.4	131.0
116.5	127.0
121.7	133.0
127.2	136.0
132.9	136.0
138.9	130.0
145.0	87.00
151.4	89.00
158.1	89.00
165.0	85.00
172.1	85.00
179.6	89.00
187.3	82.00
195.3	85.00
203.6	82.00
212.2	80.00
221.2	81.00
230.5	81.00
240.1	79.00
250.0	75.00
260.3	75.00
270.9	73.00
281.9	76.00
293.3	69.00
305.1	33.00
317.2	34.00
329.7	33.00
342.6	33.00
355.8	32.00
369.5	32.00
383.5	34.00
397.9	31.00
412.7	32.00
427.9	31.00
443.5	32.00
459.4	30.00
475.6	31.00
492.2	31.00
509.2	31.00
526.6	30.00
544.3	32.00
562.3	32.00
580.7	33.00
599.4	32.00
618.3	37.00
637.7	35.00
657.2	36.00
677.1	39.00
697.3	38.00
717.7	44.00
738.5	7.000
 
 
E/N (Td)	# of grid trials
1.731	2.000
2.119	1.000
2.426	1.000
2.681	1.000
2.897	1.000
3.084	1.000
3.248	1.000
3.392	1.000
3.520	1.000
3.634	1.000
3.735	1.000
3.825	1.000
3.906	1.000
3.978	1.000
4.042	1.000
4.099	1.000
4.149	1.000
4.193	1.000
4.232	1.000
4.266	1.000
4.296	1.000
4.321	1.000
4.342	1.000
4.360	1.000
4.374	1.000
4.386	1.000
4.387	1.000
4.405	6.000
4.314	1.000
4.344	1.000
4.368	1.000
4.385	1.000
4.450	6.000
4.460	6.000
4.388	1.000
4.399	6.000
4.393	6.000
4.394	6.000
4.844	6.000
4.978	6.000
4.742	6.000
4.287	1.000
4.607	6.000
5.204	6.000
4.898	6.000
4.388	1.000
4.403	6.000
4.409	6.000
4.661	6.000
4.679	6.000
4.383	1.000
4.415	6.000
4.389	1.000
4.437	6.000
4.617	6.000
4.385	1.000
4.398	6.000
4.466	6.000
4.393	1.000
4.762	6.000
4.400	6.000
5.171	6.000
4.564	6.000
4.389	1.000
4.389	1.000
4.331	1.000
4.052	1.000
3.614	1.000
4.399	6.000
4.415	6.000
4.191	1.000
2.695	1.000
4.393	1.000
4.395	6.000
4.022	1.000
4.071	1.000
4.409	6.000
4.167	1.000
4.393	6.000
4.470	6.000
3.579	1.000
4.299	1.000
4.427	6.000
4.373	1.000
4.506	6.000
4.655	6.000
4.248	1.000
4.351	1.000
4.509	6.000
4.654	6.000
4.818	6.000
5.005	6.000
5.214	6.000
5.448	6.000
5.708	6.000
5.995	6.000
6.310	6.000
6.656	6.000
7.032	6.000
7.441	6.000
7.884	6.000
8.362	6.000
8.876	6.000
9.428	6.000
10.02	6.000
10.65	6.000
11.32	6.000
12.04	6.000
12.80	6.000
13.61	6.000
14.47	6.000
15.38	6.000
16.34	6.000
17.35	5.000
18.41	5.000
19.54	5.000
20.72	5.000
21.97	5.000
23.28	5.000
24.65	5.000
26.10	5.000
27.61	5.000
29.20	5.000
30.86	5.000
32.60	5.000
34.42	5.000
36.32	5.000
38.31	5.000
40.39	5.000
42.56	5.000
44.83	4.000
47.20	4.000
49.66	4.000
52.24	4.000
54.92	4.000
57.72	4.000
60.64	4.000
63.67	4.000
66.84	4.000
70.13	4.000
73.56	4.000
77.13	4.000
80.84	4.000
84.71	3.000
88.73	3.000
92.91	3.000
97.26	3.000
101.8	3.000
106.5	3.000
111.4	3.000
116.5	3.000
121.7	3.000
127.2	3.000
132.9	3.000
138.9	3.000
145.0	2.000
151.4	2.000
158.1	2.000
165.0	2.000
172.1	2.000
179.6	2.000
187.3	2.000
195.3	2.000
203.6	2.000
212.2	2.000
221.2	2.000
230.5	2.000
240.1	2.000
250.0	2.000
260.3	2.000
270.9	2.000
281.9	2.000
293.3	2.000
305.1	1.000
317.2	1.000
329.7	1.000
342.6	1.000
355.8	1.000
369.5	1.000
383.5	1.000
397.9	1.000
412.7	1.000
427.9	1.000
443.5	1.000
459.4	1.000
475.6	1.000
492.2	1.000
509.2	1.000
526.6	1.000
544.3	1.000
562.3	1.000
580.7	1.000
599.4	1.000
618.3	1.000
637.7	1.000
657.2	1.000
677.1	1.000
697.3	1.000
717.7	1.000
738.5	1.000
 
 
E/N (Td)	Error code
1.731	0.000
2.119	0.000
2.426	0.000
2.681	0.000
2.897	0.000
3.084	0.000
3.248	0.000
3.392	0.000
3.520	0.000
3.634	0.000
3.735	0.000
3.825	0.000
3.906	0.000
3.978	0.000
4.042	0.000
4.099	0.000
4.149	0.000
4.193	0.000
4.232	0.000
4.266	0.000
4.296	0.000
4.321	0.000
4.342	0.000
4.360	0.000
4.374	0.000
4.386	0.000
4.387	7.000
4.405	7.000
4.314	7.000
4.344	7.000
4.368	7.000
4.385	7.000
4.450	7.000
4.460	7.000
4.388	7.000
4.399	7.000
4.393	7.000
4.394	7.000
4.844	7.000
4.978	7.000
4.742	7.000
4.287	7.000
4.607	7.000
5.204	7.000
4.898	7.000
4.388	7.000
4.403	7.000
4.409	7.000
4.661	7.000
4.679	7.000
4.383	7.000
4.415	7.000
4.389	7.000
4.437	7.000
4.617	7.000
4.385	7.000
4.398	7.000
4.466	7.000
4.393	7.000
4.762	7.000
4.400	7.000
5.171	7.000
4.564	7.000
4.389	7.000
4.389	7.000
4.331	7.000
4.052	7.000
3.614	7.000
4.399	7.000
4.415	7.000
4.191	7.000
2.695	7.000
4.393	7.000
4.395	7.000
4.022	7.000
4.071	7.000
4.409	7.000
4.167	7.000
4.393	7.000
4.470	7.000
3.579	7.000
4.299	7.000
4.427	7.000
4.373	7.000
4.506	7.000
4.655	7.000
4.248	7.000
4.351	7.000
4.509	0.000
4.654	0.000
4.818	0.000
5.005	0.000
5.214	0.000
5.448	0.000
5.708	0.000
5.995	0.000
6.310	0.000
6.656	0.000
7.032	0.000
7.441	0.000
7.884	0.000
8.362	0.000
8.876	0.000
9.428	0.000
10.02	0.000
10.65	0.000
11.32	0.000
12.04	0.000
12.80	0.000
13.61	0.000
14.47	0.000
15.38	0.000
16.34	0.000
17.35	0.000
18.41	0.000
19.54	0.000
20.72	0.000
21.97	0.000
23.28	0.000
24.65	0.000
26.10	0.000
27.61	0.000
29.20	0.000
30.86	0.000
32.60	0.000
34.42	0.000
36.32	0.000
38.31	0.000
40.39	0.000
42.56	0.000
44.83	0.000
47.20	0.000
49.66	0.000
52.24	0.000
54.92	0.000
57.72	0.000
60.64	0.000
63.67	0.000
66.84	0.000
70.13	0.000
73.56	0.000
77.13	0.000
80.84	0.000
84.71	0.000
88.73	0.000
92.91	0.000
97.26	0.000
101.8	0.000
106.5	0.000
111.4	0.000
116.5	0.000
121.7	0.000
127.2	0.000
132.9	0.000
138.9	0.000
145.0	0.000
151.4	0.000
158.1	0.000
165.0	0.000
172.1	0.000
179.6	0.000
187.3	0.000
195.3	0.000
203.6	0.000
212.2	0.000
221.2	0.000
230.5	0.000
240.1	0.000
250.0	0.000
260.3	0.000
270.9	0.000
281.9	0.000
293.3	0.000
305.1	0.000
317.2	0.000
329.7	0.000
342.6	0.000
355.8	0.000
369.5	0.000
383.5	0.000
397.9	0.000
412.7	0.000
427.9	0.000
443.5	0.000
459.4	0.000
475.6	0.000
492.2	0.000
509.2	0.000
526.6	0.000
544.3	0.000
562.3	0.000
580.7	0.000
599.4	0.000
618.3	0.000
637.7	0.000
657.2	0.000
677.1	0.000
697.3	0.000
717.7	0.000
738.5	0.000
 
 
C1    Ar    Elastic                                             
E/N (Td)	Rate coefficient (m3/s)
1.731	0.2362E-14
2.119	0.2421E-14
2.426	0.2482E-14
2.681	0.2544E-14
2.897	0.2609E-14
3.084	0.2676E-14
3.248	0.2745E-14
3.392	0.2816E-14
3.520	0.2890E-14
3.634	0.2965E-14
3.735	0.3043E-14
3.825	0.3124E-14
3.906	0.3207E-14
3.978	0.3292E-14
4.042	0.3381E-14
4.099	0.3471E-14
4.149	0.3565E-14
4.193	0.3661E-14
4.232	0.3760E-14
4.266	0.3861E-14
4.296	0.3966E-14
4.321	0.4074E-14
4.342	0.4185E-14
4.360	0.4298E-14
4.374	0.4416E-14
4.386	0.4536E-14
4.387	0.4546E-14
4.405	0.2440E-13
4.314	0.4041E-14
4.344	0.4192E-14
4.368	0.4363E-14
4.385	0.4530E-14
4.450	0.2464E-13
4.460	0.2470E-13
4.388	0.4560E-14
4.399	0.2437E-13
4.393	0.2434E-13
4.394	0.2434E-13
4.844	0.2644E-13
4.978	0.2696E-13
4.742	0.2602E-13
4.287	0.3935E-14
4.607	0.2542E-13
5.204	0.2777E-13
4.898	0.2665E-13
4.388	0.4559E-14
4.403	0.2439E-13
4.409	0.2443E-13
4.661	0.2567E-13
4.679	0.2574E-13
4.383	0.4499E-14
4.415	0.2446E-13
4.389	0.4572E-14
4.437	0.2457E-13
4.617	0.2547E-13
4.385	0.4522E-14
4.398	0.2436E-13
4.466	0.2473E-13
4.393	0.5576E-14
4.762	0.2610E-13
4.400	0.2438E-13
5.171	0.2766E-13
4.564	0.2522E-13
4.389	0.4571E-14
4.389	0.4573E-14
4.331	0.4126E-14
4.052	0.3396E-14
3.614	0.2951E-14
4.399	0.2437E-13
4.415	0.2446E-13
4.191	0.3656E-14
2.695	0.2548E-14
4.393	0.5576E-14
4.395	0.2435E-13
4.022	0.3352E-14
4.071	0.3426E-14
4.409	0.2443E-13
4.167	0.3604E-14
4.393	0.2434E-13
4.470	0.2475E-13
3.579	0.2928E-14
4.299	0.3979E-14
4.427	0.2452E-13
4.373	0.4400E-14
4.506	0.2493E-13
4.655	0.2564E-13
4.248	0.3807E-14
4.351	0.4240E-14
4.509	0.2495E-13
4.654	0.2563E-13
4.818	0.2634E-13
5.005	0.2706E-13
5.214	0.2781E-13
5.448	0.2857E-13
5.708	0.2936E-13
5.995	0.3016E-13
6.310	0.3099E-13
6.656	0.3184E-13
7.032	0.3271E-13
7.441	0.3360E-13
7.884	0.3451E-13
8.362	0.3545E-13
8.876	0.3641E-13
9.428	0.3740E-13
10.02	0.3841E-13
10.65	0.3944E-13
11.32	0.4050E-13
12.04	0.4158E-13
12.80	0.4269E-13
13.61	0.4382E-13
14.47	0.4498E-13
15.38	0.4616E-13
16.34	0.4738E-13
17.35	0.4861E-13
18.41	0.4988E-13
19.54	0.5117E-13
20.72	0.5249E-13
21.97	0.5384E-13
23.28	0.5521E-13
24.65	0.5662E-13
26.10	0.5805E-13
27.61	0.5951E-13
29.20	0.6099E-13
30.86	0.6251E-13
32.60	0.6405E-13
34.42	0.6562E-13
36.32	0.6722E-13
38.31	0.6885E-13
40.39	0.7050E-13
42.56	0.7219E-13
44.83	0.7390E-13
47.20	0.7564E-13
49.66	0.7741E-13
52.24	0.7920E-13
54.92	0.8102E-13
57.72	0.8287E-13
60.64	0.8475E-13
63.67	0.8665E-13
66.84	0.8858E-13
70.13	0.9054E-13
73.56	0.9252E-13
77.13	0.9452E-13
80.84	0.9655E-13
84.71	0.9861E-13
88.73	0.1007E-12
92.91	0.1028E-12
97.26	0.1049E-12
101.8	0.1071E-12
106.5	0.1092E-12
111.4	0.1114E-12
116.5	0.1136E-12
121.7	0.1158E-12
127.2	0.1181E-12
132.9	0.1203E-12
138.9	0.1226E-12
145.0	0.1249E-12
151.4	0.1271E-12
158.1	0.1294E-12
165.0	0.1317E-12
172.1	0.1341E-12
179.6	0.1364E-12
187.3	0.1387E-12
195.3	0.1410E-12
203.6	0.1433E-12
212.2	0.1456E-12
221.2	0.1480E-12
230.5	0.1503E-12
240.1	0.1525E-12
250.0	0.1548E-12
260.3	0.1571E-12
270.9	0.1593E-12
281.9	0.1615E-12
293.3	0.1637E-12
305.1	0.1659E-12
317.2	0.1680E-12
329.7	0.1702E-12
342.6	0.1722E-12
355.8	0.1743E-12
369.5	0.1763E-12
383.5	0.1782E-12
397.9	0.1802E-12
412.7	0.1820E-12
427.9	0.1839E-12
443.5	0.1857E-12
459.4	0.1874E-12
475.6	0.1891E-12
492.2	0.1907E-12
509.2	0.1923E-12
526.6	0.1938E-12
544.3	0.1953E-12
562.3	0.1968E-12
580.7	0.1981E-12
599.4	0.1995E-12
618.3	0.2007E-12
637.7	0.2019E-12
657.2	0.2031E-12
677.1	0.2042E-12
697.3	0.2053E-12
717.7	0.2063E-12
738.5	0.2072E-12
 
 
C2    Ar    Excitation    11.55 eV                              
E/N (Td)	Rate coefficient (m3/s)
1.731	0.000
2.119	0.6432E-33
2.426	0.1337E-32
2.681	0.2746E-32
2.897	0.5570E-32
3.084	0.1116E-31
3.248	0.2210E-31
3.392	0.4324E-31
3.520	0.8363E-31
3.634	0.1600E-30
3.735	0.3025E-30
3.825	0.5660E-30
3.906	0.1048E-29
3.978	0.1919E-29
4.042	0.3478E-29
4.099	0.6241E-29
4.149	0.1109E-28
4.193	0.2027E-28
4.232	0.3542E-28
4.266	0.6131E-28
4.296	0.1052E-27
4.321	0.1787E-27
4.342	0.3012E-27
4.360	0.5030E-27
4.374	0.8327E-27
4.386	0.1367E-26
4.387	0.1426E-26
4.405	0.2497E-18
4.314	0.1521E-27
4.344	0.3119E-27
4.368	0.6650E-27
4.385	0.1335E-26
4.450	0.2658E-18
4.460	0.2695E-18
4.388	0.1506E-26
4.399	0.2475E-18
4.393	0.2456E-18
4.394	0.2459E-18
4.844	0.4112E-18
4.978	0.4626E-18
4.742	0.3727E-18
4.287	0.8975E-28
4.607	0.3230E-18
5.204	0.5516E-18
4.898	0.4318E-18
4.388	0.1500E-26
4.403	0.2491E-18
4.409	0.2513E-18
4.661	0.3429E-18
4.679	0.3492E-18
4.383	0.1178E-26
4.415	0.2534E-18
4.389	0.1579E-26
4.437	0.2611E-18
4.617	0.3266E-18
4.385	0.1293E-26
4.398	0.2473E-18
4.466	0.2718E-18
4.393	0.4685E-25
4.762	0.3802E-18
4.400	0.2481E-18
5.171	0.5383E-18
4.564	0.3073E-18
4.389	0.1573E-26
4.389	0.1587E-26
4.331	0.2294E-27
4.052	0.3853E-29
3.614	0.1424E-30
4.399	0.2476E-18
4.415	0.2535E-18
4.191	0.1968E-28
2.695	0.2867E-32
4.393	0.4690E-25
4.395	0.2464E-18
4.022	0.2879E-29
4.071	0.4674E-29
4.409	0.2513E-18
4.167	0.1454E-28
4.393	0.2456E-18
4.470	0.2730E-18
3.579	0.1165E-30
4.299	0.1124E-27
4.427	0.2577E-18
4.373	0.7810E-27
4.506	0.2861E-18
4.655	0.3404E-18
4.248	0.4583E-28
4.351	0.3870E-27
4.509	0.2872E-18
4.654	0.3400E-18
4.818	0.4014E-18
5.005	0.4729E-18
5.214	0.5556E-18
5.448	0.6510E-18
5.708	0.7607E-18
5.995	0.8865E-18
6.310	0.1030E-17
6.656	0.1195E-17
7.032	0.1382E-17
7.441	0.1594E-17
7.884	0.1834E-17
8.362	0.2105E-17
8.876	0.2411E-17
9.428	0.2755E-17
10.02	0.3141E-17
10.65	0.3573E-17
11.32	0.4056E-17
12.04	0.4594E-17
12.80	0.5192E-17
13.61	0.5856E-17
14.47	0.6591E-17
15.38	0.7405E-17
16.34	0.8302E-17
17.35	0.9290E-17
18.41	0.1038E-16
19.54	0.1157E-16
20.72	0.1287E-16
21.97	0.1430E-16
23.28	0.1586E-16
24.65	0.1756E-16
26.10	0.1940E-16
27.61	0.2141E-16
29.20	0.2359E-16
30.86	0.2595E-16
32.60	0.2850E-16
34.42	0.3125E-16
36.32	0.3422E-16
38.31	0.3742E-16
40.39	0.4087E-16
42.56	0.4457E-16
44.83	0.4854E-16
47.20	0.5279E-16
49.66	0.5734E-16
52.24	0.6221E-16
54.92	0.6741E-16
57.72	0.7296E-16
60.64	0.7888E-16
63.67	0.8518E-16
66.84	0.9188E-16
70.13	0.9900E-16
73.56	0.1066E-15
77.13	0.1146E-15
80.84	0.1231E-15
84.71	0.1321E-15
88.73	0.1416E-15
92.91	0.1517E-15
97.26	0.1623E-15
101.8	0.1736E-15
106.5	0.1854E-15
111.4	0.1979E-15
116.5	0.2110E-15
121.7	0.2249E-15
127.2	0.2394E-15
132.9	0.2547E-15
138.9	0.2708E-15
145.0	0.2876E-15
151.4	0.3053E-15
158.1	0.3238E-15
165.0	0.3432E-15
172.1	0.3636E-15
179.6	0.3848E-15
187.3	0.4070E-15
195.3	0.4302E-15
203.6	0.4544E-15
212.2	0.4796E-15
221.2	0.5059E-15
230.5	0.5333E-15
240.1	0.5618E-15
250.0	0.5914E-15
260.3	0.6222E-15
270.9	0.6541E-15
281.9	0.6872E-15
293.3	0.7216E-15
305.1	0.7571E-15
317.2	0.7939E-15
329.7	0.8319E-15
342.6	0.8711E-15
355.8	0.9115E-15
369.5	0.9533E-15
383.5	0.9962E-15
397.9	0.1040E-14
412.7	0.1086E-14
427.9	0.1133E-14
443.5	0.1180E-14
459.4	0.1230E-14
475.6	0.1280E-14
492.2	0.1331E-14
509.2	0.1384E-14
526.6	0.1438E-14
544.3	0.1493E-14
562.3	0.1550E-14
580.7	0.1607E-14
599.4	0.1666E-14
618.3	0.1725E-14
637.7	0.1786E-14
657.2	0.1848E-14
677.1	0.1911E-14
697.3	0.1975E-14
717.7	0.2040E-14
738.5	0.2106E-14
 
 
C3    Ar    Excitation    13.00 eV                              
E/N (Td)	Rate coefficient (m3/s)
1.731	0.000
2.119	0.2136E-35
2.426	0.4770E-35
2.681	0.1051E-34
2.897	0.2284E-34
3.084	0.4894E-34
3.248	0.1034E-33
3.392	0.2158E-33
3.520	0.4442E-33
3.634	0.9028E-33
3.735	0.1812E-32
3.825	0.3592E-32
3.906	0.7034E-32
3.978	0.1361E-31
4.042	0.2604E-31
4.099	0.4923E-31
4.149	0.9205E-31
4.193	0.6011E-30
4.232	0.1124E-29
4.266	0.2080E-29
4.296	0.3808E-29
4.321	0.6901E-29
4.342	0.1238E-28
4.360	0.2200E-28
4.374	0.3870E-28
4.386	0.6741E-28
4.387	0.7071E-28
4.405	0.1128E-18
4.314	0.5761E-29
4.344	0.1288E-28
4.368	0.3008E-28
4.385	0.6565E-28
4.450	0.1210E-18
4.460	0.1228E-18
4.388	0.7513E-28
4.399	0.1117E-18
4.393	0.1107E-18
4.394	0.1109E-18
4.844	0.1966E-18
4.978	0.2241E-18
4.742	0.1762E-18
4.287	0.3188E-29
4.607	0.1503E-18
5.204	0.2725E-18
4.898	0.2075E-18
4.388	0.7482E-28
4.403	0.1126E-18
4.409	0.1136E-18
4.661	0.1606E-18
4.679	0.1639E-18
4.383	0.5709E-28
4.415	0.1147E-18
4.389	0.7926E-28
4.437	0.1186E-18
4.617	0.1521E-18
4.385	0.6338E-28
4.398	0.1116E-18
4.466	0.1240E-18
4.393	0.3523E-26
4.762	0.1801E-18
4.400	0.1120E-18
5.171	0.2652E-18
4.564	0.1421E-18
4.389	0.7892E-28
4.389	0.7972E-28
4.331	0.9130E-29
4.052	0.2911E-31
3.614	0.7950E-33
4.399	0.1118E-18
4.415	0.1147E-18
4.191	0.5816E-30
2.695	0.1102E-34
4.393	0.3527E-26
4.395	0.1112E-18
4.022	0.2119E-31
4.071	0.3593E-31
4.409	0.1137E-18
4.167	0.4142E-30
4.393	0.1108E-18
4.470	0.1246E-18
3.579	0.6383E-33
4.299	0.4103E-29
4.427	0.1169E-18
4.373	0.3602E-28
4.506	0.1313E-18
4.655	0.1593E-18
4.248	0.1501E-29
4.351	0.1640E-28
4.509	0.1319E-18
4.654	0.1591E-18
4.818	0.1913E-18
5.005	0.2296E-18
5.214	0.2747E-18
5.448	0.3277E-18
5.708	0.3898E-18
5.995	0.4622E-18
6.310	0.5464E-18
6.656	0.6443E-18
7.032	0.7575E-18
7.441	0.8881E-18
7.884	0.1039E-17
8.362	0.1211E-17
8.876	0.1409E-17
9.428	0.1635E-17
10.02	0.1892E-17
10.65	0.2185E-17
11.32	0.2517E-17
12.04	0.2892E-17
12.80	0.3315E-17
13.61	0.3792E-17
14.47	0.4328E-17
15.38	0.4929E-17
16.34	0.5602E-17
17.35	0.6353E-17
18.41	0.7190E-17
19.54	0.8121E-17
20.72	0.9154E-17
21.97	0.1030E-16
23.28	0.1157E-16
24.65	0.1296E-16
26.10	0.1451E-16
27.61	0.1620E-16
29.20	0.1807E-16
30.86	0.2011E-16
32.60	0.2235E-16
34.42	0.2480E-16
36.32	0.2747E-16
38.31	0.3038E-16
40.39	0.3356E-16
42.56	0.3701E-16
44.83	0.4076E-16
47.20	0.4482E-16
49.66	0.4923E-16
52.24	0.5400E-16
54.92	0.5915E-16
57.72	0.6471E-16
60.64	0.7071E-16
63.67	0.7718E-16
66.84	0.8413E-16
70.13	0.9162E-16
73.56	0.9965E-16
77.13	0.1083E-15
80.84	0.1175E-15
84.71	0.1275E-15
88.73	0.1381E-15
92.91	0.1494E-15
97.26	0.1616E-15
101.8	0.1745E-15
106.5	0.1884E-15
111.4	0.2031E-15
116.5	0.2188E-15
121.7	0.2356E-15
127.2	0.2534E-15
132.9	0.2724E-15
138.9	0.2925E-15
145.0	0.3140E-15
151.4	0.3367E-15
158.1	0.3608E-15
165.0	0.3864E-15
172.1	0.4135E-15
179.6	0.4422E-15
187.3	0.4725E-15
195.3	0.5046E-15
203.6	0.5385E-15
212.2	0.5743E-15
221.2	0.6121E-15
230.5	0.6519E-15
240.1	0.6938E-15
250.0	0.7379E-15
260.3	0.7843E-15
270.9	0.8330E-15
281.9	0.8842E-15
293.3	0.9378E-15
305.1	0.9939E-15
317.2	0.1053E-14
329.7	0.1114E-14
342.6	0.1178E-14
355.8	0.1244E-14
369.5	0.1314E-14
383.5	0.1386E-14
397.9	0.1461E-14
412.7	0.1539E-14
427.9	0.1619E-14
443.5	0.1702E-14
459.4	0.1788E-14
475.6	0.1876E-14
492.2	0.1968E-14
509.2	0.2062E-14
526.6	0.2158E-14
544.3	0.2257E-14
562.3	0.2359E-14
580.7	0.2463E-14
599.4	0.2570E-14
618.3	0.2678E-14
637.7	0.2790E-14
657.2	0.2903E-14
677.1	0.3018E-14
697.3	0.3136E-14
717.7	0.3255E-14
738.5	0.3377E-14
 
 
C4    Ar    Excitation    14.00 eV                              
E/N (Td)	Rate coefficient (m3/s)
1.731	0.000
2.119	0.000
2.426	0.000
2.681	0.000
2.897	0.000
3.084	0.000
3.248	0.000
3.392	0.000
3.520	0.000
3.634	0.000
3.735	0.000
3.825	0.000
3.906	0.000
3.978	0.000
4.042	0.000
4.099	0.000
4.149	0.000
4.193	0.1679E-31
4.232	0.3292E-31
4.266	0.6379E-31
4.296	0.1222E-30
4.321	0.2315E-30
4.342	0.4339E-30
4.360	0.8048E-30
4.374	0.1477E-29
4.386	0.2681E-29
4.387	0.2822E-29
4.405	0.2155E-19
4.314	0.1906E-30
4.344	0.4527E-30
4.368	0.1127E-29
4.385	0.2606E-29
4.450	0.2322E-19
4.460	0.2360E-19
4.388	0.3012E-29
4.399	0.2134E-19
4.393	0.2113E-19
4.394	0.2117E-19
4.844	0.3898E-19
4.978	0.4482E-19
4.742	0.3468E-19
4.287	0.1009E-30
4.607	0.2926E-19
5.204	0.5523E-19
4.898	0.4130E-19
4.388	0.2999E-29
4.403	0.2150E-19
4.409	0.2172E-19
4.661	0.3141E-19
4.679	0.3210E-19
4.383	0.2243E-29
4.415	0.2194E-19
4.389	0.3191E-29
4.437	0.2273E-19
4.617	0.2965E-19
4.385	0.2509E-29
4.398	0.2131E-19
4.466	0.2384E-19
4.393	0.1877E-27
4.762	0.3551E-19
4.400	0.2139E-19
5.171	0.5365E-19
4.564	0.2758E-19
4.389	0.3176E-29
4.389	0.3210E-29
4.331	0.3127E-30
4.052	0.000
3.614	0.000
4.399	0.2135E-19
4.415	0.2194E-19
4.191	0.1620E-31
2.695	0.000
4.393	0.1879E-27
4.395	0.2122E-19
4.022	0.000
4.071	0.000
4.409	0.2173E-19
4.167	0.1125E-31
4.393	0.2114E-19
4.470	0.2397E-19
3.579	0.000
4.299	0.1324E-30
4.427	0.2238E-19
4.373	0.1367E-29
4.506	0.2534E-19
4.655	0.3114E-19
4.248	0.4492E-31
4.351	0.5870E-30
4.509	0.2546E-19
4.654	0.3110E-19
4.818	0.3787E-19
5.005	0.4601E-19
5.214	0.5570E-19
5.448	0.6722E-19
5.708	0.8086E-19
5.995	0.9696E-19
6.310	0.1159E-18
6.656	0.1381E-18
7.032	0.1641E-18
7.441	0.1944E-18
7.884	0.2297E-18
8.362	0.2705E-18
8.876	0.3178E-18
9.428	0.3723E-18
10.02	0.4349E-18
10.65	0.5068E-18
11.32	0.5890E-18
12.04	0.6829E-18
12.80	0.7897E-18
13.61	0.9111E-18
14.47	0.1049E-17
15.38	0.1204E-17
16.34	0.1379E-17
17.35	0.1577E-17
18.41	0.1798E-17
19.54	0.2047E-17
20.72	0.2325E-17
21.97	0.2635E-17
23.28	0.2981E-17
24.65	0.3366E-17
26.10	0.3792E-17
27.61	0.4266E-17
29.20	0.4789E-17
30.86	0.5367E-17
32.60	0.6005E-17
34.42	0.6706E-17
36.32	0.7478E-17
38.31	0.8325E-17
40.39	0.9253E-17
42.56	0.1027E-16
44.83	0.1138E-16
47.20	0.1259E-16
49.66	0.1392E-16
52.24	0.1536E-16
54.92	0.1692E-16
57.72	0.1862E-16
60.64	0.2047E-16
63.67	0.2247E-16
66.84	0.2464E-16
70.13	0.2699E-16
73.56	0.2953E-16
77.13	0.3227E-16
80.84	0.3523E-16
84.71	0.3843E-16
88.73	0.4187E-16
92.91	0.4557E-16
97.26	0.4955E-16
101.8	0.5384E-16
106.5	0.5844E-16
111.4	0.6338E-16
116.5	0.6869E-16
121.7	0.7438E-16
127.2	0.8047E-16
132.9	0.8700E-16
138.9	0.9400E-16
145.0	0.1015E-15
151.4	0.1095E-15
158.1	0.1180E-15
165.0	0.1272E-15
172.1	0.1370E-15
179.6	0.1474E-15
187.3	0.1585E-15
195.3	0.1703E-15
203.6	0.1830E-15
212.2	0.1964E-15
221.2	0.2107E-15
230.5	0.2260E-15
240.1	0.2421E-15
250.0	0.2593E-15
260.3	0.2776E-15
270.9	0.2969E-15
281.9	0.3175E-15
293.3	0.3392E-15
305.1	0.3622E-15
317.2	0.3865E-15
329.7	0.4121E-15
342.6	0.4392E-15
355.8	0.4677E-15
369.5	0.4976E-15
383.5	0.5292E-15
397.9	0.5623E-15
412.7	0.5971E-15
427.9	0.6335E-15
443.5	0.6716E-15
459.4	0.7114E-15
475.6	0.7528E-15
492.2	0.7961E-15
509.2	0.8413E-15
526.6	0.8884E-15
544.3	0.9371E-15
562.3	0.9879E-15
580.7	0.1041E-14
599.4	0.1095E-14
618.3	0.1151E-14
637.7	0.1210E-14
657.2	0.1270E-14
677.1	0.1332E-14
697.3	0.1396E-14
717.7	0.1461E-14
738.5	0.1529E-14
 
 
C5    Ar    Ionization    15.70 eV                              
E/N (Td)	Rate coefficient (m3/s)
1.731	0.000
2.119	0.000
2.426	0.000
2.681	0.000
2.897	0.000
3.084	0.000
3.248	0.000
3.392	0.000
3.520	0.000
3.634	0.000
3.735	0.000
3.825	0.000
3.906	0.000
3.978	0.000
4.042	0.000
4.099	0.000
4.149	0.000
4.193	0.3322E-33
4.232	0.7196E-33
4.266	0.1511E-32
4.296	0.3029E-32
4.321	0.6098E-32
4.342	0.1223E-31
4.360	0.2428E-31
4.374	0.4760E-31
4.386	0.9211E-31
4.387	0.9749E-31
4.405	0.1965E-19
4.314	0.4925E-32
4.344	0.1282E-31
4.368	0.3526E-31
4.385	0.8926E-31
4.450	0.2137E-19
4.460	0.2177E-19
4.388	0.1048E-30
4.399	0.1943E-19
4.393	0.1922E-19
4.394	0.1925E-19
4.844	0.3838E-19
4.978	0.4495E-19
4.742	0.3363E-19
4.287	0.2464E-32
4.607	0.2776E-19
5.204	0.5692E-19
4.898	0.4097E-19
4.388	0.1043E-30
4.403	0.1960E-19
4.409	0.1982E-19
4.661	0.3008E-19
4.679	0.3082E-19
4.383	0.7560E-31
4.415	0.2004E-19
4.389	0.1117E-30
4.437	0.2087E-19
4.617	0.2817E-19
4.385	0.8560E-31
4.398	0.1940E-19
4.466	0.2202E-19
4.393	0.9742E-29
4.762	0.3455E-19
4.400	0.1949E-19
5.171	0.5508E-19
4.564	0.2597E-19
4.389	0.1111E-30
4.389	0.1124E-30
4.331	0.8500E-32
4.052	0.000
3.614	0.000
4.399	0.1944E-19
4.415	0.2005E-19
4.191	0.3189E-33
2.695	0.000
4.393	0.9755E-29
4.395	0.1931E-19
4.022	0.000
4.071	0.000
4.409	0.1983E-19
4.167	0.2092E-33
4.393	0.1922E-19
4.470	0.2216E-19
3.579	0.000
4.299	0.3305E-32
4.427	0.2050E-19
4.373	0.4370E-31
4.506	0.2359E-19
4.655	0.2978E-19
4.248	0.1027E-32
4.351	0.1710E-31
4.509	0.2372E-19
4.654	0.2974E-19
4.818	0.3715E-19
5.005	0.4630E-19
5.214	0.5748E-19
5.448	0.7109E-19
5.708	0.8762E-19
5.995	0.1076E-18
6.310	0.1317E-18
6.656	0.1607E-18
7.032	0.1953E-18
7.441	0.2367E-18
7.884	0.2859E-18
8.362	0.3443E-18
8.876	0.4132E-18
9.428	0.4945E-18
10.02	0.5901E-18
10.65	0.7020E-18
11.32	0.8329E-18
12.04	0.9853E-18
12.80	0.1162E-17
13.61	0.1368E-17
14.47	0.1605E-17
15.38	0.1879E-17
16.34	0.2194E-17
17.35	0.2555E-17
18.41	0.2969E-17
19.54	0.3441E-17
20.72	0.3980E-17
21.97	0.4592E-17
23.28	0.5287E-17
24.65	0.6074E-17
26.10	0.6964E-17
27.61	0.7967E-17
29.20	0.9097E-17
30.86	0.1037E-16
32.60	0.1179E-16
34.42	0.1339E-16
36.32	0.1517E-16
38.31	0.1717E-16
40.39	0.1939E-16
42.56	0.2186E-16
44.83	0.2461E-16
47.20	0.2766E-16
49.66	0.3104E-16
52.24	0.3479E-16
54.92	0.3892E-16
57.72	0.4349E-16
60.64	0.4853E-16
63.67	0.5409E-16
66.84	0.6020E-16
70.13	0.6692E-16
73.56	0.7431E-16
77.13	0.8241E-16
80.84	0.9130E-16
84.71	0.1010E-15
88.73	0.1117E-15
92.91	0.1234E-15
97.26	0.1361E-15
101.8	0.1500E-15
106.5	0.1652E-15
111.4	0.1818E-15
116.5	0.1999E-15
121.7	0.2195E-15
127.2	0.2410E-15
132.9	0.2643E-15
138.9	0.2896E-15
145.0	0.3172E-15
151.4	0.3472E-15
158.1	0.3797E-15
165.0	0.4150E-15
172.1	0.4533E-15
179.6	0.4948E-15
187.3	0.5398E-15
195.3	0.5885E-15
203.6	0.6412E-15
212.2	0.6981E-15
221.2	0.7597E-15
230.5	0.8262E-15
240.1	0.8979E-15
250.0	0.9753E-15
260.3	0.1059E-14
270.9	0.1148E-14
281.9	0.1245E-14
293.3	0.1348E-14
305.1	0.1459E-14
317.2	0.1578E-14
329.7	0.1705E-14
342.6	0.1841E-14
355.8	0.1987E-14
369.5	0.2141E-14
383.5	0.2306E-14
397.9	0.2481E-14
412.7	0.2667E-14
427.9	0.2863E-14
443.5	0.3071E-14
459.4	0.3291E-14
475.6	0.3521E-14
492.2	0.3765E-14
509.2	0.4021E-14
526.6	0.4291E-14
544.3	0.4572E-14
562.3	0.4867E-14
580.7	0.5175E-14
599.4	0.5497E-14
618.3	0.5830E-14
637.7	0.6180E-14
657.2	0.6540E-14
677.1	0.6916E-14
697.3	0.7306E-14
717.7	0.7707E-14
738.5	0.8123E-14
 
 
C6    Ar*    Ionization    4.20 eV                              
E/N (Td)	Rate coefficient (m3/s)
1.731	0.6565E-20
2.119	0.8664E-20
2.426	0.1138E-19
2.681	0.1489E-19
2.897	0.1939E-19
3.084	0.2515E-19
3.248	0.3248E-19
3.392	0.4176E-19
3.520	0.5349E-19
3.634	0.6823E-19
3.735	0.8669E-19
3.825	0.1097E-18
3.906	0.1383E-18
3.978	0.1738E-18
4.042	0.2175E-18
4.099	0.2712E-18
4.149	0.3370E-18
4.193	0.4173E-18
4.232	0.5149E-18
4.266	0.6333E-18
4.296	0.7762E-18
4.321	0.9484E-18
4.342	0.1155E-17
4.360	0.1402E-17
4.374	0.1697E-17
4.386	0.2047E-17
4.387	0.2080E-17
4.405	0.3214E-14
4.314	0.8924E-18
4.344	0.1170E-17
4.368	0.1558E-17
4.385	0.2028E-17
4.450	0.3296E-14
4.460	0.3314E-14
4.388	0.2123E-17
4.399	0.3203E-14
4.393	0.3193E-14
4.394	0.3194E-14
4.844	0.3929E-14
4.978	0.4120E-14
4.742	0.3776E-14
4.287	0.7312E-18
4.607	0.3565E-14
5.204	0.4423E-14
4.898	0.4007E-14
4.388	0.2120E-17
4.403	0.3211E-14
4.409	0.3222E-14
4.661	0.3651E-14
4.679	0.3678E-14
4.383	0.1935E-17
4.415	0.3233E-14
4.389	0.2162E-17
4.437	0.3272E-14
4.617	0.3580E-14
4.385	0.2004E-17
4.398	0.3202E-14
4.466	0.3325E-14
4.393	0.7833E-17
4.762	0.3806E-14
4.400	0.3206E-14
5.171	0.4379E-14
4.564	0.3494E-14
4.389	0.2159E-17
4.389	0.2166E-17
4.331	0.1042E-17
4.052	0.2260E-18
3.614	0.6532E-19
4.399	0.3203E-14
4.415	0.3233E-14
4.191	0.4127E-18
2.695	0.1513E-19
4.393	0.7836E-17
4.395	0.3197E-14
4.022	0.2025E-18
4.071	0.2431E-18
4.409	0.3223E-14
4.167	0.3682E-18
4.393	0.3193E-14
4.470	0.3331E-14
3.579	0.6057E-19
4.299	0.7960E-18
4.427	0.3255E-14
4.373	0.1656E-17
4.506	0.3395E-14
4.655	0.3640E-14
4.248	0.5675E-18
4.351	0.1270E-17
4.509	0.3400E-14
4.654	0.3639E-14
4.818	0.3890E-14
5.005	0.4156E-14
5.214	0.4436E-14
5.448	0.4729E-14
5.708	0.5037E-14
5.995	0.5360E-14
6.310	0.5697E-14
6.656	0.6051E-14
7.032	0.6420E-14
7.441	0.6805E-14
7.884	0.7206E-14
8.362	0.7625E-14
8.876	0.8060E-14
9.428	0.8514E-14
10.02	0.8985E-14
10.65	0.9474E-14
11.32	0.9981E-14
12.04	0.1051E-13
12.80	0.1105E-13
13.61	0.1162E-13
14.47	0.1220E-13
15.38	0.1280E-13
16.34	0.1343E-13
17.35	0.1407E-13
18.41	0.1473E-13
19.54	0.1541E-13
20.72	0.1612E-13
21.97	0.1684E-13
23.28	0.1759E-13
24.65	0.1835E-13
26.10	0.1914E-13
27.61	0.1995E-13
29.20	0.2078E-13
30.86	0.2163E-13
32.60	0.2250E-13
34.42	0.2339E-13
36.32	0.2431E-13
38.31	0.2525E-13
40.39	0.2620E-13
42.56	0.2718E-13
44.83	0.2818E-13
47.20	0.2920E-13
49.66	0.3025E-13
52.24	0.3131E-13
54.92	0.3240E-13
57.72	0.3350E-13
60.64	0.3463E-13
63.67	0.3578E-13
66.84	0.3695E-13
70.13	0.3814E-13
73.56	0.3936E-13
77.13	0.4059E-13
80.84	0.4184E-13
84.71	0.4311E-13
88.73	0.4441E-13
92.91	0.4572E-13
97.26	0.4705E-13
101.8	0.4840E-13
106.5	0.4978E-13
111.4	0.5116E-13
116.5	0.5257E-13
121.7	0.5400E-13
127.2	0.5544E-13
132.9	0.5690E-13
138.9	0.5838E-13
145.0	0.5988E-13
151.4	0.6139E-13
158.1	0.6291E-13
165.0	0.6445E-13
172.1	0.6601E-13
179.6	0.6757E-13
187.3	0.6915E-13
195.3	0.7075E-13
203.6	0.7235E-13
212.2	0.7397E-13
221.2	0.7559E-13
230.5	0.7723E-13
240.1	0.7887E-13
250.0	0.8052E-13
260.3	0.8218E-13
270.9	0.8384E-13
281.9	0.8550E-13
293.3	0.8717E-13
305.1	0.8885E-13
317.2	0.9052E-13
329.7	0.9220E-13
342.6	0.9387E-13
355.8	0.9555E-13
369.5	0.9722E-13
383.5	0.9889E-13
397.9	0.1006E-12
412.7	0.1022E-12
427.9	0.1039E-12
443.5	0.1055E-12
459.4	0.1072E-12
475.6	0.1088E-12
492.2	0.1104E-12
509.2	0.1121E-12
526.6	0.1137E-12
544.3	0.1153E-12
562.3	0.1169E-12
580.7	0.1185E-12
599.4	0.1201E-12
618.3	0.1216E-12
637.7	0.1232E-12
657.2	0.1247E-12
677.1	0.1263E-12
697.3	0.1278E-12
717.7	0.1293E-12
738.5	0.1308E-12
 
 
Ar                                                              
E/N (Td)	Inelastic energy loss coefficient (eV m3/s)
1.731	-0.9131E-33
2.119	0.6535E-32
2.426	0.1457E-31
2.681	0.3092E-31
2.897	0.6369E-31
3.084	0.1286E-30
3.248	0.2556E-30
3.392	0.5012E-30
3.520	0.9708E-30
3.634	0.1858E-29
3.735	0.3517E-29
3.825	0.6583E-29
3.906	0.1219E-28
3.978	0.2234E-28
4.042	0.4051E-28
4.099	0.7273E-28
4.149	0.1293E-27
4.193	0.2421E-27
4.232	0.4241E-27
4.266	0.7360E-27
4.296	0.1266E-26
4.321	0.2158E-26
4.342	0.3646E-26
4.360	0.6107E-26
4.374	0.1014E-25
4.386	0.1670E-25
4.387	0.1743E-25
4.405	0.4960E-17
4.314	0.1835E-26
4.344	0.3777E-26
4.368	0.8089E-26
4.385	0.1631E-25
4.450	0.5303E-17
4.460	0.5382E-17
4.388	0.1841E-25
4.399	0.4916E-17
4.393	0.4874E-17
4.394	0.4880E-17
4.844	0.8454E-17
4.978	0.9590E-17
4.742	0.7608E-17
4.287	0.1080E-26
4.607	0.6530E-17
5.204	0.1158E-16
4.898	0.8906E-17
4.388	0.1834E-25
4.403	0.4950E-17
4.409	0.4994E-17
4.661	0.6960E-17
4.679	0.7098E-17
4.383	0.1438E-25
4.415	0.5039E-17
4.389	0.1932E-25
4.437	0.5203E-17
4.617	0.6607E-17
4.385	0.1580E-25
4.398	0.4910E-17
4.466	0.5430E-17
4.393	0.5897E-24
4.762	0.7773E-17
4.400	0.4928E-17
5.171	0.1128E-16
4.564	0.6191E-17
4.389	0.1924E-25
4.389	0.1942E-25
4.331	0.2773E-26
4.052	0.4488E-28
3.614	0.1654E-29
4.399	0.4917E-17
4.415	0.5041E-17
4.191	0.2351E-27
2.695	0.3232E-31
4.393	0.5903E-24
4.395	0.4891E-17
4.022	0.3353E-28
4.071	0.5445E-28
4.409	0.4996E-17
4.167	0.1735E-27
4.393	0.4875E-17
4.470	0.5457E-17
3.579	0.1353E-29
4.299	0.1353E-26
4.427	0.5131E-17
4.373	0.9509E-26
4.506	0.5736E-17
4.655	0.6906E-17
4.248	0.5495E-27
4.351	0.4692E-26
4.509	0.5760E-17
4.654	0.6898E-17
4.818	0.8237E-17
5.005	0.9819E-17
5.214	0.1167E-16
5.448	0.1384E-16
5.708	0.1636E-16
5.995	0.1929E-16
6.310	0.2270E-16
6.656	0.2663E-16
7.032	0.3117E-16
7.441	0.3639E-16
7.884	0.4239E-16
8.362	0.4926E-16
8.876	0.5711E-16
9.428	0.6606E-16
10.02	0.7624E-16
10.65	0.8780E-16
11.32	0.1009E-15
12.04	0.1157E-15
12.80	0.1324E-15
13.61	0.1512E-15
14.47	0.1723E-15
15.38	0.1960E-15
16.34	0.2225E-15
17.35	0.2521E-15
18.41	0.2851E-15
19.54	0.3219E-15
20.72	0.3627E-15
21.97	0.4081E-15
23.28	0.4583E-15
24.65	0.5138E-15
26.10	0.5751E-15
27.61	0.6427E-15
29.20	0.7172E-15
30.86	0.7990E-15
32.60	0.8889E-15
34.42	0.9874E-15
36.32	0.1095E-14
38.31	0.1213E-14
40.39	0.1342E-14
42.56	0.1483E-14
44.83	0.1636E-14
47.20	0.1803E-14
49.66	0.1985E-14
52.24	0.2182E-14
54.92	0.2396E-14
57.72	0.2628E-14
60.64	0.2879E-14
63.67	0.3151E-14
66.84	0.3445E-14
70.13	0.3763E-14
73.56	0.4107E-14
77.13	0.4477E-14
80.84	0.4876E-14
84.71	0.5307E-14
88.73	0.5770E-14
92.91	0.6269E-14
97.26	0.6806E-14
101.8	0.7382E-14
106.5	0.8002E-14
111.4	0.8668E-14
116.5	0.9382E-14
121.7	0.1015E-13
127.2	0.1097E-13
132.9	0.1185E-13
138.9	0.1279E-13
145.0	0.1381E-13
151.4	0.1489E-13
158.1	0.1605E-13
165.0	0.1728E-13
172.1	0.1861E-13
179.6	0.2002E-13
187.3	0.2154E-13
195.3	0.2315E-13
203.6	0.2488E-13
212.2	0.2672E-13
221.2	0.2868E-13
230.5	0.3077E-13
240.1	0.3300E-13
250.0	0.3537E-13
260.3	0.3789E-13
270.9	0.4057E-13
281.9	0.4342E-13
293.3	0.4644E-13
305.1	0.4965E-13
317.2	0.5304E-13
329.7	0.5663E-13
342.6	0.6043E-13
355.8	0.6445E-13
369.5	0.6868E-13
383.5	0.7314E-13
397.9	0.7783E-13
412.7	0.8277E-13
427.9	0.8795E-13
443.5	0.9339E-13
459.4	0.9908E-13
475.6	0.1050E-12
492.2	0.1112E-12
509.2	0.1177E-12
526.6	0.1245E-12
544.3	0.1315E-12
562.3	0.1388E-12
580.7	0.1464E-12
599.4	0.1543E-12
618.3	0.1624E-12
637.7	0.1709E-12
657.2	0.1796E-12
677.1	0.1885E-12
697.3	0.1978E-12
717.7	0.2073E-12
738.5	0.2172E-12
 
 
Ar*                                                             
E/N (Td)	Inelastic energy loss coefficient (eV m3/s)
1.731	0.2757E-19
2.119	0.3639E-19
2.426	0.4780E-19
2.681	0.6254E-19
2.897	0.8145E-19
3.084	0.1056E-18
3.248	0.1364E-18
3.392	0.1754E-18
3.520	0.2247E-18
3.634	0.2866E-18
3.735	0.3641E-18
3.825	0.4608E-18
3.906	0.5810E-18
3.978	0.7299E-18
4.042	0.9134E-18
4.099	0.1139E-17
4.149	0.1415E-17
4.193	0.1753E-17
4.232	0.2163E-17
4.266	0.2660E-17
4.296	0.3260E-17
4.321	0.3983E-17
4.342	0.4851E-17
4.360	0.5889E-17
4.374	0.7126E-17
4.386	0.8596E-17
4.387	0.8736E-17
4.405	0.1350E-13
4.314	0.3748E-17
4.344	0.4916E-17
4.368	0.6545E-17
4.385	0.8520E-17
4.450	0.1384E-13
4.460	0.1392E-13
4.388	0.8917E-17
4.399	0.1345E-13
4.393	0.1341E-13
4.394	0.1342E-13
4.844	0.1650E-13
4.978	0.1730E-13
4.742	0.1586E-13
4.287	0.3071E-17
4.607	0.1497E-13
5.204	0.1858E-13
4.898	0.1683E-13
4.388	0.8905E-17
4.403	0.1349E-13
4.409	0.1353E-13
4.661	0.1534E-13
4.679	0.1545E-13
4.383	0.8127E-17
4.415	0.1358E-13
4.389	0.9080E-17
4.437	0.1374E-13
4.617	0.1504E-13
4.385	0.8419E-17
4.398	0.1345E-13
4.466	0.1397E-13
4.393	0.3290E-16
4.762	0.1599E-13
4.400	0.1346E-13
5.171	0.1839E-13
4.564	0.1467E-13
4.389	0.9067E-17
4.389	0.9098E-17
4.331	0.4377E-17
4.052	0.9494E-18
3.614	0.2743E-18
4.399	0.1345E-13
4.415	0.1358E-13
4.191	0.1733E-17
2.695	0.6356E-19
4.393	0.3291E-16
4.395	0.1343E-13
4.022	0.8506E-18
4.071	0.1021E-17
4.409	0.1353E-13
4.167	0.1547E-17
4.393	0.1341E-13
4.470	0.1399E-13
3.579	0.2544E-18
4.299	0.3343E-17
4.427	0.1367E-13
4.373	0.6955E-17
4.506	0.1426E-13
4.655	0.1529E-13
4.248	0.2383E-17
4.351	0.5333E-17
4.509	0.1428E-13
4.654	0.1528E-13
4.818	0.1634E-13
5.005	0.1746E-13
5.214	0.1863E-13
5.448	0.1986E-13
5.708	0.2116E-13
5.995	0.2251E-13
6.310	0.2393E-13
6.656	0.2541E-13
7.032	0.2696E-13
7.441	0.2858E-13
7.884	0.3027E-13
8.362	0.3202E-13
8.876	0.3385E-13
9.428	0.3576E-13
10.02	0.3774E-13
10.65	0.3979E-13
11.32	0.4192E-13
12.04	0.4413E-13
12.80	0.4642E-13
13.61	0.4879E-13
14.47	0.5124E-13
15.38	0.5377E-13
16.34	0.5639E-13
17.35	0.5909E-13
18.41	0.6187E-13
19.54	0.6474E-13
20.72	0.6770E-13
21.97	0.7074E-13
23.28	0.7387E-13
24.65	0.7709E-13
26.10	0.8039E-13
27.61	0.8379E-13
29.20	0.8727E-13
30.86	0.9084E-13
32.60	0.9451E-13
34.42	0.9826E-13
36.32	0.1021E-12
38.31	0.1060E-12
40.39	0.1101E-12
42.56	0.1142E-12
44.83	0.1184E-12
47.20	0.1227E-12
49.66	0.1270E-12
52.24	0.1315E-12
54.92	0.1361E-12
57.72	0.1407E-12
60.64	0.1455E-12
63.67	0.1503E-12
66.84	0.1552E-12
70.13	0.1602E-12
73.56	0.1653E-12
77.13	0.1705E-12
80.84	0.1757E-12
84.71	0.1811E-12
88.73	0.1865E-12
92.91	0.1920E-12
97.26	0.1976E-12
101.8	0.2033E-12
106.5	0.2091E-12
111.4	0.2149E-12
116.5	0.2208E-12
121.7	0.2268E-12
127.2	0.2329E-12
132.9	0.2390E-12
138.9	0.2452E-12
145.0	0.2515E-12
151.4	0.2578E-12
158.1	0.2642E-12
165.0	0.2707E-12
172.1	0.2772E-12
179.6	0.2838E-12
187.3	0.2904E-12
195.3	0.2971E-12
203.6	0.3039E-12
212.2	0.3107E-12
221.2	0.3175E-12
230.5	0.3244E-12
240.1	0.3313E-12
250.0	0.3382E-12
260.3	0.3451E-12
270.9	0.3521E-12
281.9	0.3591E-12
293.3	0.3661E-12
305.1	0.3732E-12
317.2	0.3802E-12
329.7	0.3872E-12
342.6	0.3943E-12
355.8	0.4013E-12
369.5	0.4083E-12
383.5	0.4153E-12
397.9	0.4223E-12
412.7	0.4293E-12
427.9	0.4363E-12
443.5	0.4432E-12
459.4	0.4501E-12
475.6	0.4570E-12
492.2	0.4638E-12
509.2	0.4707E-12
526.6	0.4775E-12
544.3	0.4842E-12
562.3	0.4909E-12
580.7	0.4976E-12
599.4	0.5043E-12
618.3	0.5108E-12
637.7	0.5174E-12
657.2	0.5239E-12
677.1	0.5303E-12
697.3	0.5367E-12
717.7	0.5431E-12
738.5	0.5494E-12
 
 
