BOLSIG+ version: 03/2016
Collision input data:
--------------------------------------------------
Ar                                                              
crs-Biagi_v7.1+step.txt
--------------------------------------------------
Ar*                                                             
crs-Biagi_v7.1+step.txt
 
 
 
Angular frequency / N (m3/s)               0.000    
Cosine of E-B field angle                  0.000    
Gas temperature (K)                        3000.    
Excitation temperature (K)                 3000.    
Transition energy (eV)                     0.000    
Ionization degree                         0.1000E-01
Plasma density (1/m3)                     0.8000E+17
Ion charge parameter                       1.000    
Ion/neutral mass ratio                     1.000    
e-e momentum effects                       1.000    
Energy sharing                             1.000    
Growth model                               1.000    
Maxwellian mean energy (eV)                0.000    
# of grid points                           200.0    
Grid type                                  0.000    
Maximum energy                             200.0    
Precision                                 0.1000E-09
Convergence                               0.1000E-03
Maximum # of iterations                    5000.    
Mole fraction Ar                           1.000    
Mole fraction Ar*                         0.1000E-04
 
 
E/N (Td)    	Electric field / N (Td)                                         
1.766	1.766
2.137	2.137
2.446	2.446
2.702	2.702
2.920	2.920
3.108	3.108
3.273	3.273
3.418	3.418
3.546	3.546
3.660	3.660
3.761	3.761
3.852	3.852
3.932	3.932
4.004	4.004
4.068	4.068
4.125	4.125
4.128	4.128
4.150	4.150
4.411	4.411
4.413	4.413
4.409	4.409
4.151	4.151
3.985	3.985
4.066	4.066
4.140	4.140
4.709	4.709
4.147	4.147
4.155	4.155
4.160	4.160
4.151	4.151
4.215	4.215
4.157	4.157
5.258	5.258
4.147	4.147
4.122	4.122
5.301	5.301
5.630	5.630
4.136	4.136
5.506	5.506
4.163	4.163
4.433	4.433
6.014	6.014
4.170	4.170
4.523	4.523
4.140	4.140
4.176	4.176
6.749	6.749
4.168	4.168
4.200	4.200
4.171	4.171
4.152	4.152
4.881	4.881
4.177	4.177
4.158	4.158
4.451	4.451
4.158	4.158
4.180	4.180
4.539	4.539
4.150	4.150
4.349	4.349
4.156	4.156
2.468	2.468
4.038	4.038
4.119	4.119
2.644	2.644
4.081	4.081
3.663	3.663
2.768	2.768
3.736	3.736
4.041	4.041
4.069	4.069
3.099	3.099
3.902	3.902
4.162	4.162
4.130	4.130
4.000	4.000
4.078	4.078
4.176	4.176
4.154	4.154
3.691	3.691
4.185	4.185
4.156	4.156
4.257	4.257
4.374	4.374
4.093	4.093
4.178	4.178
4.272	4.272
4.382	4.382
4.509	4.509
4.653	4.653
4.818	4.818
5.005	5.005
5.214	5.214
5.448	5.448
5.708	5.708
5.995	5.995
6.311	6.311
6.656	6.656
7.032	7.032
7.442	7.442
7.884	7.884
8.362	8.362
8.877	8.877
9.429	9.429
10.02	10.02
10.65	10.65
11.33	11.33
12.04	12.04
12.80	12.80
13.61	13.61
14.47	14.47
15.38	15.38
16.34	16.34
17.35	17.35
18.42	18.42
19.54	19.54
20.72	20.72
21.97	21.97
23.28	23.28
24.65	24.65
26.10	26.10
27.61	27.61
29.20	29.20
30.86	30.86
32.60	32.60
34.42	34.42
36.32	36.32
38.31	38.31
40.39	40.39
42.56	42.56
44.83	44.83
47.20	47.20
49.67	49.67
52.24	52.24
54.92	54.92
57.72	57.72
60.64	60.64
63.68	63.68
66.84	66.84
70.13	70.13
73.56	73.56
77.13	77.13
80.84	80.84
84.71	84.71
88.73	88.73
92.91	92.91
97.26	97.26
101.8	101.8
106.5	106.5
111.4	111.4
116.5	116.5
121.7	121.7
127.2	127.2
132.9	132.9
138.9	138.9
145.0	145.0
151.4	151.4
158.1	158.1
165.0	165.0
172.1	172.1
179.6	179.6
187.3	187.3
195.3	195.3
203.6	203.6
212.3	212.3
221.2	221.2
230.5	230.5
240.1	240.1
250.0	250.0
260.3	260.3
270.9	270.9
281.9	281.9
293.3	293.3
305.1	305.1
317.2	317.2
329.7	329.7
342.6	342.6
355.8	355.8
369.5	369.5
383.5	383.5
397.9	397.9
412.7	412.7
427.9	427.9
443.5	443.5
459.3	459.3
475.7	475.7
492.2	492.2
509.2	509.2
526.5	526.5
544.3	544.3
562.3	562.3
580.6	580.6
599.3	599.3
618.3	618.3
637.6	637.6
657.2	657.2
677.1	677.1
697.3	697.3
717.7	717.7
738.5	738.5
 
 
E/N (Td)	Mean energy (eV)
1.766	0.4000
2.137	0.4069
2.446	0.4139
2.702	0.4210
2.920	0.4283
3.108	0.4357
3.273	0.4432
3.418	0.4508
3.546	0.4586
3.660	0.4665
3.761	0.4746
3.852	0.4827
3.932	0.4911
4.004	0.4995
4.068	0.5081
4.125	0.5169
4.128	0.5175
4.150	0.5212
4.411	1.777
4.413	1.777
4.409	1.776
4.151	0.5215
3.985	0.4972
4.066	0.5078
4.140	0.5195
4.709	1.842
4.147	0.5206
4.155	0.5222
4.160	1.704
4.151	0.5214
4.215	1.722
4.157	1.703
5.258	1.934
4.147	0.5206
4.122	0.5165
5.301	1.940
5.630	1.984
4.136	0.5188
5.506	1.968
4.163	1.705
4.433	1.782
6.014	2.031
4.170	1.707
4.523	1.803
4.140	0.5194
4.176	1.709
6.749	2.108
4.168	1.707
4.200	1.717
4.171	1.708
4.152	0.5216
4.881	1.874
4.177	1.710
4.158	1.703
4.451	1.786
4.158	1.703
4.180	1.711
4.539	1.807
4.150	0.5212
4.349	1.761
4.156	0.5223
2.468	0.4145
4.038	0.5040
4.119	0.5160
2.644	0.4193
4.081	0.5100
3.663	0.4668
2.768	0.4231
3.736	0.4724
4.041	0.5044
4.069	0.5083
3.099	0.4353
3.902	0.4878
4.162	1.705
4.130	0.5178
4.000	0.4990
4.078	0.5095
4.176	1.709
4.154	0.5219
3.691	0.4689
4.185	1.712
4.156	0.5223
4.257	1.735
4.374	1.767
4.093	0.5118
4.178	1.710
4.272	1.739
4.382	1.769
4.509	1.800
4.653	1.831
4.818	1.862
5.005	1.894
5.214	1.927
5.448	1.960
5.708	1.994
5.995	2.029
6.311	2.064
6.656	2.099
7.032	2.135
7.442	2.172
7.884	2.210
8.362	2.248
8.877	2.286
9.429	2.326
10.02	2.366
10.65	2.407
11.33	2.448
12.04	2.490
12.80	2.533
13.61	2.577
14.47	2.622
15.38	2.667
16.34	2.713
17.35	2.759
18.42	2.807
19.54	2.855
20.72	2.905
21.97	2.955
23.28	3.006
24.65	3.057
26.10	3.110
27.61	3.164
29.20	3.218
30.86	3.274
32.60	3.330
34.42	3.388
36.32	3.446
38.31	3.505
40.39	3.566
42.56	3.627
44.83	3.690
47.20	3.753
49.67	3.818
52.24	3.884
54.92	3.951
57.72	4.019
60.64	4.088
63.68	4.159
66.84	4.231
70.13	4.303
73.56	4.378
77.13	4.453
80.84	4.530
84.71	4.608
88.73	4.687
92.91	4.768
97.26	4.850
101.8	4.934
106.5	5.019
111.4	5.106
116.5	5.194
121.7	5.283
127.2	5.374
132.9	5.467
138.9	5.561
145.0	5.657
151.4	5.754
158.1	5.854
165.0	5.955
172.1	6.057
179.6	6.162
187.3	6.268
195.3	6.376
203.6	6.486
212.3	6.598
221.2	6.711
230.5	6.827
240.1	6.945
250.0	7.064
260.3	7.186
270.9	7.310
281.9	7.436
293.3	7.564
305.1	7.695
317.2	7.827
329.7	7.962
342.6	8.099
355.8	8.239
369.5	8.381
383.5	8.526
397.9	8.673
412.7	8.822
427.9	8.974
443.5	9.129
459.3	9.286
475.7	9.446
492.2	9.608
509.2	9.774
526.5	9.943
544.3	10.11
562.3	10.29
580.6	10.47
599.3	10.65
618.3	10.83
637.6	11.02
657.2	11.21
677.1	11.40
697.3	11.60
717.7	11.80
738.5	12.00
 
 
E/N (Td)	Mobility *N (1/m/V/s)
1.766	0.1875E+24
2.137	0.1933E+24
2.446	0.1974E+24
2.702	0.2017E+24
2.920	0.2060E+24
3.108	0.2104E+24
3.273	0.2150E+24
3.418	0.2196E+24
3.546	0.2243E+24
3.660	0.2291E+24
3.761	0.2340E+24
3.852	0.2390E+24
3.932	0.2441E+24
4.004	0.2493E+24
4.068	0.2547E+24
4.125	0.2601E+24
4.128	0.2605E+24
4.150	0.2628E+24
4.411	0.8451E+24
4.413	0.8452E+24
4.409	0.8450E+24
4.151	0.2629E+24
3.985	0.2479E+24
4.066	0.2545E+24
4.140	0.2617E+24
4.709	0.8575E+24
4.147	0.2624E+24
4.155	0.2634E+24
4.160	0.8295E+24
4.151	0.2629E+24
4.215	0.8336E+24
4.157	0.8292E+24
5.258	0.8724E+24
4.147	0.2624E+24
4.122	0.2598E+24
5.301	0.8733E+24
5.630	0.8795E+24
4.136	0.2613E+24
5.506	0.8773E+24
4.163	0.8297E+24
4.433	0.8462E+24
6.014	0.8853E+24
4.170	0.8302E+24
4.523	0.8503E+24
4.140	0.2617E+24
4.176	0.8307E+24
6.749	0.8936E+24
4.168	0.8301E+24
4.200	0.8325E+24
4.171	0.8303E+24
4.152	0.2630E+24
4.881	0.8630E+24
4.177	0.8308E+24
4.158	0.8293E+24
4.451	0.8471E+24
4.158	0.8293E+24
4.180	0.8310E+24
4.539	0.8510E+24
4.150	0.2628E+24
4.349	0.8419E+24
4.156	0.2635E+24
2.468	0.1978E+24
4.038	0.2521E+24
4.119	0.2595E+24
2.644	0.2006E+24
4.081	0.2558E+24
3.663	0.2293E+24
2.768	0.2029E+24
3.736	0.2327E+24
4.041	0.2523E+24
4.069	0.2548E+24
3.099	0.2102E+24
3.902	0.2421E+24
4.162	0.8296E+24
4.130	0.2607E+24
4.000	0.2491E+24
4.078	0.2555E+24
4.176	0.8307E+24
4.154	0.2632E+24
3.691	0.2305E+24
4.185	0.8314E+24
4.156	0.2635E+24
4.257	0.8364E+24
4.374	0.8432E+24
4.093	0.2569E+24
4.178	0.8308E+24
4.272	0.8374E+24
4.382	0.8437E+24
4.509	0.8497E+24
4.653	0.8555E+24
4.818	0.8611E+24
5.005	0.8664E+24
5.214	0.8715E+24
5.448	0.8762E+24
5.708	0.8808E+24
5.995	0.8850E+24
6.311	0.8890E+24
6.656	0.8927E+24
7.032	0.8961E+24
7.442	0.8992E+24
7.884	0.9020E+24
8.362	0.9046E+24
8.877	0.9069E+24
9.429	0.9089E+24
10.02	0.9106E+24
10.65	0.9121E+24
11.33	0.9133E+24
12.04	0.9142E+24
12.80	0.9148E+24
13.61	0.9152E+24
14.47	0.9153E+24
15.38	0.9152E+24
16.34	0.9148E+24
17.35	0.9142E+24
18.42	0.9133E+24
19.54	0.9121E+24
20.72	0.9108E+24
21.97	0.9092E+24
23.28	0.9074E+24
24.65	0.9054E+24
26.10	0.9031E+24
27.61	0.9007E+24
29.20	0.8980E+24
30.86	0.8952E+24
32.60	0.8922E+24
34.42	0.8890E+24
36.32	0.8857E+24
38.31	0.8821E+24
40.39	0.8784E+24
42.56	0.8746E+24
44.83	0.8706E+24
47.20	0.8665E+24
49.67	0.8623E+24
52.24	0.8579E+24
54.92	0.8534E+24
57.72	0.8488E+24
60.64	0.8441E+24
63.68	0.8393E+24
66.84	0.8344E+24
70.13	0.8294E+24
73.56	0.8244E+24
77.13	0.8193E+24
80.84	0.8141E+24
84.71	0.8088E+24
88.73	0.8036E+24
92.91	0.7982E+24
97.26	0.7928E+24
101.8	0.7874E+24
106.5	0.7820E+24
111.4	0.7765E+24
116.5	0.7711E+24
121.7	0.7656E+24
127.2	0.7601E+24
132.9	0.7547E+24
138.9	0.7492E+24
145.0	0.7438E+24
151.4	0.7383E+24
158.1	0.7329E+24
165.0	0.7276E+24
172.1	0.7223E+24
179.6	0.7170E+24
187.3	0.7118E+24
195.3	0.7066E+24
203.6	0.7015E+24
212.3	0.6965E+24
221.2	0.6915E+24
230.5	0.6867E+24
240.1	0.6819E+24
250.0	0.6771E+24
260.3	0.6725E+24
270.9	0.6680E+24
281.9	0.6635E+24
293.3	0.6592E+24
305.1	0.6549E+24
317.2	0.6508E+24
329.7	0.6467E+24
342.6	0.6427E+24
355.8	0.6389E+24
369.5	0.6351E+24
383.5	0.6315E+24
397.9	0.6280E+24
412.7	0.6245E+24
427.9	0.6212E+24
443.5	0.6179E+24
459.3	0.6148E+24
475.7	0.6117E+24
492.2	0.6088E+24
509.2	0.6059E+24
526.5	0.6031E+24
544.3	0.6004E+24
562.3	0.5978E+24
580.6	0.5953E+24
599.3	0.5928E+24
618.3	0.5904E+24
637.6	0.5881E+24
657.2	0.5858E+24
677.1	0.5835E+24
697.3	0.5814E+24
717.7	0.5793E+24
738.5	0.5773E+24
 
 
E/N (Td)	Diffusion coefficient *N (1/m/s)
1.766	0.5009E+23
2.137	0.5255E+23
2.446	0.5460E+23
2.702	0.5673E+23
2.920	0.5894E+23
3.108	0.6124E+23
3.273	0.6363E+23
3.418	0.6612E+23
3.546	0.6870E+23
3.660	0.7137E+23
3.761	0.7416E+23
3.852	0.7705E+23
3.932	0.8005E+23
4.004	0.8316E+23
4.068	0.8640E+23
4.125	0.8976E+23
4.128	0.9000E+23
4.150	0.9142E+23
4.411	0.1001E+25
4.413	0.1002E+25
4.409	0.1001E+25
4.151	0.9154E+23
3.985	0.8230E+23
4.066	0.8628E+23
4.140	0.9076E+23
4.709	0.1053E+25
4.147	0.9121E+23
4.155	0.9182E+23
4.160	0.9426E+24
4.151	0.9151E+23
4.215	0.9573E+24
4.157	0.9418E+24
5.258	0.1125E+25
4.147	0.9122E+23
4.122	0.8959E+23
5.301	0.1130E+25
5.630	0.1164E+25
4.136	0.9050E+23
5.506	0.1152E+25
4.163	0.9434E+24
4.433	0.1006E+25
6.014	0.1199E+25
4.170	0.9453E+24
4.523	0.1022E+25
4.140	0.9073E+23
4.176	0.9470E+24
6.749	0.1256E+25
4.168	0.9447E+24
4.200	0.9533E+24
4.171	0.9456E+24
4.152	0.9157E+23
4.881	0.1078E+25
4.177	0.9474E+24
4.158	0.9419E+24
4.451	0.1009E+25
4.158	0.9421E+24
4.180	0.9480E+24
4.539	0.1025E+25
4.150	0.9142E+23
4.349	0.9886E+24
4.156	0.9188E+23
2.468	0.5476E+23
4.038	0.8484E+23
4.119	0.8941E+23
2.644	0.5620E+23
4.081	0.8712E+23
3.663	0.7146E+23
2.768	0.5736E+23
3.736	0.7342E+23
4.041	0.8497E+23
4.069	0.8648E+23
3.099	0.6112E+23
3.902	0.7885E+23
4.162	0.9431E+24
4.130	0.9012E+23
4.000	0.8298E+23
4.078	0.8693E+23
4.176	0.9470E+24
4.154	0.9172E+23
3.691	0.7219E+23
4.185	0.9493E+24
4.156	0.9187E+23
4.257	0.9677E+24
4.374	0.9938E+24
4.093	0.8779E+23
4.178	0.9475E+24
4.272	0.9713E+24
4.382	0.9955E+24
4.509	0.1020E+25
4.653	0.1045E+25
4.818	0.1069E+25
5.005	0.1095E+25
5.214	0.1120E+25
5.448	0.1146E+25
5.708	0.1171E+25
5.995	0.1197E+25
6.311	0.1223E+25
6.656	0.1250E+25
7.032	0.1276E+25
7.442	0.1303E+25
7.884	0.1329E+25
8.362	0.1356E+25
8.877	0.1383E+25
9.429	0.1410E+25
10.02	0.1437E+25
10.65	0.1464E+25
11.33	0.1492E+25
12.04	0.1519E+25
12.80	0.1546E+25
13.61	0.1574E+25
14.47	0.1601E+25
15.38	0.1629E+25
16.34	0.1656E+25
17.35	0.1684E+25
18.42	0.1711E+25
19.54	0.1739E+25
20.72	0.1766E+25
21.97	0.1794E+25
23.28	0.1821E+25
24.65	0.1849E+25
26.10	0.1877E+25
27.61	0.1904E+25
29.20	0.1932E+25
30.86	0.1959E+25
32.60	0.1987E+25
34.42	0.2014E+25
36.32	0.2042E+25
38.31	0.2070E+25
40.39	0.2097E+25
42.56	0.2125E+25
44.83	0.2152E+25
47.20	0.2180E+25
49.67	0.2208E+25
52.24	0.2235E+25
54.92	0.2263E+25
57.72	0.2291E+25
60.64	0.2318E+25
63.68	0.2346E+25
66.84	0.2374E+25
70.13	0.2402E+25
73.56	0.2430E+25
77.13	0.2458E+25
80.84	0.2486E+25
84.71	0.2515E+25
88.73	0.2543E+25
92.91	0.2572E+25
97.26	0.2600E+25
101.8	0.2629E+25
106.5	0.2658E+25
111.4	0.2687E+25
116.5	0.2717E+25
121.7	0.2746E+25
127.2	0.2776E+25
132.9	0.2806E+25
138.9	0.2836E+25
145.0	0.2867E+25
151.4	0.2897E+25
158.1	0.2928E+25
165.0	0.2960E+25
172.1	0.2991E+25
179.6	0.3023E+25
187.3	0.3056E+25
195.3	0.3088E+25
203.6	0.3121E+25
212.3	0.3155E+25
221.2	0.3189E+25
230.5	0.3223E+25
240.1	0.3258E+25
250.0	0.3294E+25
260.3	0.3330E+25
270.9	0.3366E+25
281.9	0.3403E+25
293.3	0.3441E+25
305.1	0.3479E+25
317.2	0.3518E+25
329.7	0.3558E+25
342.6	0.3598E+25
355.8	0.3639E+25
369.5	0.3681E+25
383.5	0.3724E+25
397.9	0.3767E+25
412.7	0.3811E+25
427.9	0.3856E+25
443.5	0.3902E+25
459.3	0.3948E+25
475.7	0.3996E+25
492.2	0.4044E+25
509.2	0.4094E+25
526.5	0.4144E+25
544.3	0.4196E+25
562.3	0.4248E+25
580.6	0.4301E+25
599.3	0.4356E+25
618.3	0.4411E+25
637.6	0.4467E+25
657.2	0.4524E+25
677.1	0.4583E+25
697.3	0.4643E+25
717.7	0.4703E+25
738.5	0.4764E+25
 
 
E/N (Td)	Energy mobility *N (1/m/V/s)
1.766	0.4003E+24
2.137	0.4131E+24
2.446	0.4218E+24
2.702	0.4307E+24
2.920	0.4398E+24
3.108	0.4491E+24
3.273	0.4585E+24
3.418	0.4681E+24
3.546	0.4780E+24
3.660	0.4880E+24
3.761	0.4982E+24
3.852	0.5086E+24
3.932	0.5192E+24
4.004	0.5301E+24
4.068	0.5411E+24
4.125	0.5523E+24
4.128	0.5531E+24
4.150	0.5578E+24
4.411	0.1555E+25
4.413	0.1555E+25
4.409	0.1555E+25
4.151	0.5582E+24
3.985	0.5271E+24
4.066	0.5407E+24
4.140	0.5557E+24
4.709	0.1564E+25
4.147	0.5571E+24
4.155	0.5591E+24
4.160	0.1541E+25
4.151	0.5581E+24
4.215	0.1545E+25
4.157	0.1541E+25
5.258	0.1573E+25
4.147	0.5572E+24
4.122	0.5518E+24
5.301	0.1573E+25
5.630	0.1576E+25
4.136	0.5548E+24
5.506	0.1575E+25
4.163	0.1541E+25
4.433	0.1556E+25
6.014	0.1577E+25
4.170	0.1542E+25
4.523	0.1559E+25
4.140	0.5556E+24
4.176	0.1542E+25
6.749	0.1577E+25
4.168	0.1541E+25
4.200	0.1544E+25
4.171	0.1542E+25
4.152	0.5583E+24
4.881	0.1568E+25
4.177	0.1542E+25
4.158	0.1541E+25
4.451	0.1557E+25
4.158	0.1541E+25
4.180	0.1542E+25
4.539	0.1560E+25
4.150	0.5578E+24
4.349	0.1552E+25
4.156	0.5593E+24
2.468	0.4225E+24
4.038	0.5358E+24
4.119	0.5512E+24
2.644	0.4285E+24
4.081	0.5435E+24
3.663	0.4883E+24
2.768	0.4333E+24
3.736	0.4955E+24
4.041	0.5363E+24
4.069	0.5414E+24
3.099	0.4485E+24
3.902	0.5151E+24
4.162	0.1541E+25
4.130	0.5535E+24
4.000	0.5295E+24
4.078	0.5429E+24
4.176	0.1542E+25
4.154	0.5588E+24
3.691	0.4910E+24
4.185	0.1543E+25
4.156	0.5593E+24
4.257	0.1547E+25
4.374	0.1553E+25
4.093	0.5458E+24
4.178	0.1542E+25
4.272	0.1548E+25
4.382	0.1554E+25
4.509	0.1559E+25
4.653	0.1563E+25
4.818	0.1567E+25
5.005	0.1570E+25
5.214	0.1573E+25
5.448	0.1575E+25
5.708	0.1576E+25
5.995	0.1577E+25
6.311	0.1577E+25
6.656	0.1577E+25
7.032	0.1576E+25
7.442	0.1575E+25
7.884	0.1573E+25
8.362	0.1570E+25
8.877	0.1567E+25
9.429	0.1564E+25
10.02	0.1560E+25
10.65	0.1556E+25
11.33	0.1551E+25
12.04	0.1545E+25
12.80	0.1540E+25
13.61	0.1534E+25
14.47	0.1527E+25
15.38	0.1520E+25
16.34	0.1513E+25
17.35	0.1505E+25
18.42	0.1498E+25
19.54	0.1489E+25
20.72	0.1481E+25
21.97	0.1472E+25
23.28	0.1463E+25
24.65	0.1454E+25
26.10	0.1445E+25
27.61	0.1435E+25
29.20	0.1426E+25
30.86	0.1416E+25
32.60	0.1406E+25
34.42	0.1396E+25
36.32	0.1385E+25
38.31	0.1375E+25
40.39	0.1365E+25
42.56	0.1354E+25
44.83	0.1344E+25
47.20	0.1334E+25
49.67	0.1323E+25
52.24	0.1313E+25
54.92	0.1302E+25
57.72	0.1292E+25
60.64	0.1281E+25
63.68	0.1271E+25
66.84	0.1261E+25
70.13	0.1251E+25
73.56	0.1240E+25
77.13	0.1231E+25
80.84	0.1221E+25
84.71	0.1211E+25
88.73	0.1201E+25
92.91	0.1192E+25
97.26	0.1182E+25
101.8	0.1173E+25
106.5	0.1164E+25
111.4	0.1155E+25
116.5	0.1146E+25
121.7	0.1138E+25
127.2	0.1129E+25
132.9	0.1121E+25
138.9	0.1113E+25
145.0	0.1105E+25
151.4	0.1098E+25
158.1	0.1090E+25
165.0	0.1083E+25
172.1	0.1076E+25
179.6	0.1069E+25
187.3	0.1062E+25
195.3	0.1056E+25
203.6	0.1050E+25
212.3	0.1044E+25
221.2	0.1038E+25
230.5	0.1032E+25
240.1	0.1027E+25
250.0	0.1022E+25
260.3	0.1017E+25
270.9	0.1012E+25
281.9	0.1007E+25
293.3	0.1003E+25
305.1	0.9985E+24
317.2	0.9945E+24
329.7	0.9906E+24
342.6	0.9869E+24
355.8	0.9833E+24
369.5	0.9799E+24
383.5	0.9767E+24
397.9	0.9736E+24
412.7	0.9706E+24
427.9	0.9678E+24
443.5	0.9650E+24
459.3	0.9625E+24
475.7	0.9599E+24
492.2	0.9575E+24
509.2	0.9553E+24
526.5	0.9531E+24
544.3	0.9509E+24
562.3	0.9488E+24
580.6	0.9468E+24
599.3	0.9448E+24
618.3	0.9429E+24
637.6	0.9410E+24
657.2	0.9391E+24
677.1	0.9373E+24
697.3	0.9356E+24
717.7	0.9338E+24
738.5	0.9320E+24
 
 
E/N (Td)	Energy diffusion coef. D*N (1/m/s)
1.766	0.1068E+24
2.137	0.1121E+24
2.446	0.1164E+24
2.702	0.1209E+24
2.920	0.1256E+24
3.108	0.1304E+24
3.273	0.1355E+24
3.418	0.1407E+24
3.546	0.1461E+24
3.660	0.1518E+24
3.761	0.1576E+24
3.852	0.1637E+24
3.932	0.1700E+24
4.004	0.1765E+24
4.068	0.1833E+24
4.125	0.1904E+24
4.128	0.1909E+24
4.150	0.1938E+24
4.411	0.1842E+25
4.413	0.1842E+25
4.409	0.1841E+25
4.151	0.1941E+24
3.985	0.1747E+24
4.066	0.1831E+24
4.140	0.1925E+24
4.709	0.1921E+25
4.147	0.1934E+24
4.155	0.1947E+24
4.160	0.1751E+25
4.151	0.1940E+24
4.215	0.1773E+25
4.157	0.1749E+25
5.258	0.2027E+25
4.147	0.1934E+24
4.122	0.1900E+24
5.301	0.2034E+25
5.630	0.2084E+25
4.136	0.1919E+24
5.506	0.2066E+25
4.163	0.1752E+25
4.433	0.1849E+25
6.014	0.2134E+25
4.170	0.1755E+25
4.523	0.1874E+25
4.140	0.1924E+24
4.176	0.1757E+25
6.749	0.2215E+25
4.168	0.1754E+25
4.200	0.1767E+25
4.171	0.1755E+25
4.152	0.1941E+24
4.881	0.1958E+25
4.177	0.1758E+25
4.158	0.1749E+25
4.451	0.1854E+25
4.158	0.1750E+25
4.180	0.1759E+25
4.539	0.1878E+25
4.150	0.1938E+24
4.349	0.1822E+25
4.156	0.1948E+24
2.468	0.1168E+24
4.038	0.1801E+24
4.119	0.1896E+24
2.644	0.1198E+24
4.081	0.1848E+24
3.663	0.1520E+24
2.768	0.1222E+24
3.736	0.1561E+24
4.041	0.1803E+24
4.069	0.1835E+24
3.099	0.1302E+24
3.902	0.1675E+24
4.162	0.1751E+25
4.130	0.1911E+24
4.000	0.1762E+24
4.078	0.1844E+24
4.176	0.1757E+25
4.154	0.1945E+24
3.691	0.1535E+24
4.185	0.1761E+25
4.156	0.1948E+24
4.257	0.1790E+25
4.374	0.1830E+25
4.093	0.1862E+24
4.178	0.1758E+25
4.272	0.1795E+25
4.382	0.1833E+25
4.509	0.1870E+25
4.653	0.1908E+25
4.818	0.1945E+25
5.005	0.1983E+25
5.214	0.2020E+25
5.448	0.2058E+25
5.708	0.2095E+25
5.995	0.2132E+25
6.311	0.2169E+25
6.656	0.2206E+25
7.032	0.2243E+25
7.442	0.2279E+25
7.884	0.2316E+25
8.362	0.2352E+25
8.877	0.2388E+25
9.429	0.2423E+25
10.02	0.2459E+25
10.65	0.2494E+25
11.33	0.2529E+25
12.04	0.2563E+25
12.80	0.2597E+25
13.61	0.2631E+25
14.47	0.2665E+25
15.38	0.2698E+25
16.34	0.2731E+25
17.35	0.2764E+25
18.42	0.2797E+25
19.54	0.2829E+25
20.72	0.2860E+25
21.97	0.2892E+25
23.28	0.2923E+25
24.65	0.2954E+25
26.10	0.2985E+25
27.61	0.3016E+25
29.20	0.3046E+25
30.86	0.3076E+25
32.60	0.3105E+25
34.42	0.3135E+25
36.32	0.3164E+25
38.31	0.3194E+25
40.39	0.3223E+25
42.56	0.3251E+25
44.83	0.3280E+25
47.20	0.3309E+25
49.67	0.3337E+25
52.24	0.3366E+25
54.92	0.3394E+25
57.72	0.3423E+25
60.64	0.3451E+25
63.68	0.3479E+25
66.84	0.3508E+25
70.13	0.3536E+25
73.56	0.3565E+25
77.13	0.3594E+25
80.84	0.3623E+25
84.71	0.3652E+25
88.73	0.3681E+25
92.91	0.3711E+25
97.26	0.3740E+25
101.8	0.3771E+25
106.5	0.3801E+25
111.4	0.3832E+25
116.5	0.3863E+25
121.7	0.3895E+25
127.2	0.3927E+25
132.9	0.3960E+25
138.9	0.3993E+25
145.0	0.4027E+25
151.4	0.4061E+25
158.1	0.4096E+25
165.0	0.4132E+25
172.1	0.4169E+25
179.6	0.4207E+25
187.3	0.4246E+25
195.3	0.4285E+25
203.6	0.4326E+25
212.3	0.4367E+25
221.2	0.4410E+25
230.5	0.4454E+25
240.1	0.4500E+25
250.0	0.4546E+25
260.3	0.4595E+25
270.9	0.4644E+25
281.9	0.4696E+25
293.3	0.4749E+25
305.1	0.4803E+25
317.2	0.4860E+25
329.7	0.4918E+25
342.6	0.4978E+25
355.8	0.5040E+25
369.5	0.5105E+25
383.5	0.5171E+25
397.9	0.5240E+25
412.7	0.5311E+25
427.9	0.5384E+25
443.5	0.5460E+25
459.3	0.5538E+25
475.7	0.5619E+25
492.2	0.5701E+25
509.2	0.5788E+25
526.5	0.5876E+25
544.3	0.5967E+25
562.3	0.6061E+25
580.6	0.6157E+25
599.3	0.6256E+25
618.3	0.6359E+25
637.6	0.6463E+25
657.2	0.6570E+25
677.1	0.6681E+25
697.3	0.6794E+25
717.7	0.6910E+25
738.5	0.7028E+25
 
 
E/N (Td)	Total collision freq. /N (m3/s)
1.766	0.2362E-14
2.137	0.2421E-14
2.446	0.2482E-14
2.702	0.2544E-14
2.920	0.2609E-14
3.108	0.2676E-14
3.273	0.2745E-14
3.418	0.2816E-14
3.546	0.2890E-14
3.660	0.2965E-14
3.761	0.3043E-14
3.852	0.3124E-14
3.932	0.3207E-14
4.004	0.3292E-14
4.068	0.3381E-14
4.125	0.3471E-14
4.128	0.3478E-14
4.150	0.3516E-14
4.411	0.2443E-13
4.413	0.2445E-13
4.409	0.2442E-13
4.151	0.3519E-14
3.985	0.3269E-14
4.066	0.3377E-14
4.140	0.3498E-14
4.709	0.2587E-13
4.147	0.3510E-14
4.155	0.3527E-14
4.160	0.2286E-13
4.151	0.3518E-14
4.215	0.2325E-13
4.157	0.2284E-13
5.258	0.2795E-13
4.147	0.3510E-14
4.122	0.3467E-14
5.301	0.2810E-13
5.630	0.2913E-13
4.136	0.3491E-14
5.506	0.2875E-13
4.163	0.2288E-13
4.433	0.2455E-13
6.014	0.3021E-13
4.170	0.2293E-13
4.523	0.2501E-13
4.140	0.3497E-14
4.176	0.2298E-13
6.749	0.3206E-13
4.168	0.2292E-13
4.200	0.2314E-13
4.171	0.2294E-13
4.152	0.3520E-14
4.881	0.2659E-13
4.177	0.2299E-13
4.158	0.2284E-13
4.451	0.2465E-13
4.158	0.2285E-13
4.180	0.2300E-13
4.539	0.2509E-13
4.150	0.3516E-14
4.349	0.2409E-13
4.156	0.3528E-14
2.468	0.2486E-14
4.038	0.3338E-14
4.119	0.3462E-14
2.644	0.2529E-14
4.081	0.3400E-14
3.663	0.2968E-14
2.768	0.2563E-14
3.736	0.3023E-14
4.041	0.3342E-14
4.069	0.3383E-14
3.099	0.2672E-14
3.902	0.3174E-14
4.162	0.2287E-13
4.130	0.3481E-14
4.000	0.3288E-14
4.078	0.3395E-14
4.176	0.2298E-13
4.154	0.3524E-14
3.691	0.2988E-14
4.185	0.2304E-13
4.156	0.3528E-14
4.257	0.2353E-13
4.374	0.2423E-13
4.093	0.3418E-14
4.178	0.2299E-13
4.272	0.2362E-13
4.382	0.2428E-13
4.509	0.2494E-13
4.653	0.2563E-13
4.818	0.2634E-13
5.005	0.2706E-13
5.214	0.2781E-13
5.448	0.2857E-13
5.708	0.2936E-13
5.995	0.3016E-13
6.311	0.3099E-13
6.656	0.3184E-13
7.032	0.3271E-13
7.442	0.3360E-13
7.884	0.3452E-13
8.362	0.3545E-13
8.877	0.3642E-13
9.429	0.3740E-13
10.02	0.3841E-13
10.65	0.3944E-13
11.33	0.4050E-13
12.04	0.4159E-13
12.80	0.4270E-13
13.61	0.4383E-13
14.47	0.4499E-13
15.38	0.4618E-13
16.34	0.4739E-13
17.35	0.4863E-13
18.42	0.4990E-13
19.54	0.5120E-13
20.72	0.5252E-13
21.97	0.5387E-13
23.28	0.5525E-13
24.65	0.5666E-13
26.10	0.5809E-13
27.61	0.5955E-13
29.20	0.6105E-13
30.86	0.6257E-13
32.60	0.6412E-13
34.42	0.6570E-13
36.32	0.6730E-13
38.31	0.6894E-13
40.39	0.7061E-13
42.56	0.7230E-13
44.83	0.7402E-13
47.20	0.7578E-13
49.67	0.7756E-13
52.24	0.7937E-13
54.92	0.8120E-13
57.72	0.8307E-13
60.64	0.8497E-13
63.68	0.8689E-13
66.84	0.8884E-13
70.13	0.9082E-13
73.56	0.9283E-13
77.13	0.9486E-13
80.84	0.9692E-13
84.71	0.9901E-13
88.73	0.1011E-12
92.91	0.1033E-12
97.26	0.1054E-12
101.8	0.1076E-12
106.5	0.1098E-12
111.4	0.1120E-12
116.5	0.1143E-12
121.7	0.1166E-12
127.2	0.1189E-12
132.9	0.1212E-12
138.9	0.1235E-12
145.0	0.1259E-12
151.4	0.1282E-12
158.1	0.1306E-12
165.0	0.1330E-12
172.1	0.1354E-12
179.6	0.1378E-12
187.3	0.1403E-12
195.3	0.1427E-12
203.6	0.1451E-12
212.3	0.1476E-12
221.2	0.1500E-12
230.5	0.1525E-12
240.1	0.1549E-12
250.0	0.1574E-12
260.3	0.1598E-12
270.9	0.1622E-12
281.9	0.1647E-12
293.3	0.1671E-12
305.1	0.1695E-12
317.2	0.1718E-12
329.7	0.1742E-12
342.6	0.1766E-12
355.8	0.1789E-12
369.5	0.1812E-12
383.5	0.1835E-12
397.9	0.1857E-12
412.7	0.1879E-12
427.9	0.1901E-12
443.5	0.1923E-12
459.3	0.1944E-12
475.7	0.1965E-12
492.2	0.1986E-12
509.2	0.2006E-12
526.5	0.2026E-12
544.3	0.2046E-12
562.3	0.2065E-12
580.6	0.2084E-12
599.3	0.2103E-12
618.3	0.2121E-12
637.6	0.2139E-12
657.2	0.2157E-12
677.1	0.2174E-12
697.3	0.2191E-12
717.7	0.2207E-12
738.5	0.2224E-12
 
 
E/N (Td)	Momentum frequency /N (m3/s)
1.766	0.6765E-14
2.137	0.6972E-14
2.446	0.7166E-14
2.702	0.7365E-14
2.920	0.7568E-14
3.108	0.7777E-14
3.273	0.7990E-14
3.418	0.8208E-14
3.546	0.8432E-14
3.660	0.8661E-14
3.761	0.8895E-14
3.852	0.9135E-14
3.932	0.9381E-14
4.004	0.9632E-14
4.068	0.9890E-14
4.125	0.1015E-13
4.128	0.1017E-13
4.150	0.1028E-13
4.411	0.5682E-13
4.413	0.5685E-13
4.409	0.5680E-13
4.151	0.1029E-13
3.985	0.9563E-14
4.066	0.9880E-14
4.140	0.1023E-13
4.709	0.5937E-13
4.147	0.1027E-13
4.155	0.1031E-13
4.160	0.5398E-13
4.151	0.1029E-13
4.215	0.5469E-13
4.157	0.5394E-13
5.258	0.6295E-13
4.147	0.1027E-13
4.122	0.1014E-13
5.301	0.6320E-13
5.630	0.6493E-13
4.136	0.1021E-13
5.506	0.6430E-13
4.163	0.5402E-13
4.433	0.5704E-13
6.014	0.6673E-13
4.170	0.5411E-13
4.523	0.5786E-13
4.140	0.1023E-13
4.176	0.5419E-13
6.749	0.6973E-13
4.168	0.5408E-13
4.200	0.5449E-13
4.171	0.5412E-13
4.152	0.1029E-13
4.881	0.6062E-13
4.177	0.5421E-13
4.158	0.5394E-13
4.451	0.5720E-13
4.158	0.5395E-13
4.180	0.5424E-13
4.539	0.5800E-13
4.150	0.1028E-13
4.349	0.5621E-13
4.156	0.1032E-13
2.468	0.7181E-14
4.038	0.9766E-14
4.119	0.1013E-13
2.644	0.7316E-14
4.081	0.9946E-14
3.663	0.8668E-14
2.768	0.7423E-14
3.736	0.8833E-14
4.041	0.9777E-14
4.069	0.9896E-14
3.099	0.7765E-14
3.902	0.9284E-14
4.162	0.5400E-13
4.130	0.1018E-13
4.000	0.9618E-14
4.078	0.9932E-14
4.176	0.5419E-13
4.154	0.1031E-13
3.691	0.8730E-14
4.185	0.5430E-13
4.156	0.1032E-13
4.257	0.5519E-13
4.374	0.5646E-13
4.093	0.9999E-14
4.178	0.5421E-13
4.272	0.5537E-13
4.382	0.5654E-13
4.509	0.5774E-13
4.653	0.5894E-13
4.818	0.6018E-13
5.005	0.6143E-13
5.214	0.6271E-13
5.448	0.6400E-13
5.708	0.6531E-13
5.995	0.6665E-13
6.311	0.6800E-13
6.656	0.6938E-13
7.032	0.7078E-13
7.442	0.7220E-13
7.884	0.7364E-13
8.362	0.7510E-13
8.877	0.7658E-13
9.429	0.7808E-13
10.02	0.7961E-13
10.65	0.8116E-13
11.33	0.8273E-13
12.04	0.8433E-13
12.80	0.8594E-13
13.61	0.8758E-13
14.47	0.8925E-13
15.38	0.9093E-13
16.34	0.9264E-13
17.35	0.9438E-13
18.42	0.9613E-13
19.54	0.9791E-13
20.72	0.9972E-13
21.97	0.1016E-12
23.28	0.1034E-12
24.65	0.1053E-12
26.10	0.1072E-12
27.61	0.1091E-12
29.20	0.1111E-12
30.86	0.1131E-12
32.60	0.1151E-12
34.42	0.1171E-12
36.32	0.1192E-12
38.31	0.1212E-12
40.39	0.1233E-12
42.56	0.1255E-12
44.83	0.1276E-12
47.20	0.1298E-12
49.67	0.1320E-12
52.24	0.1343E-12
54.92	0.1365E-12
57.72	0.1388E-12
60.64	0.1412E-12
63.68	0.1435E-12
66.84	0.1459E-12
70.13	0.1483E-12
73.56	0.1507E-12
77.13	0.1531E-12
80.84	0.1556E-12
84.71	0.1581E-12
88.73	0.1606E-12
92.91	0.1631E-12
97.26	0.1657E-12
101.8	0.1683E-12
106.5	0.1709E-12
111.4	0.1735E-12
116.5	0.1762E-12
121.7	0.1788E-12
127.2	0.1815E-12
132.9	0.1842E-12
138.9	0.1869E-12
145.0	0.1896E-12
151.4	0.1923E-12
158.1	0.1950E-12
165.0	0.1978E-12
172.1	0.2005E-12
179.6	0.2033E-12
187.3	0.2060E-12
195.3	0.2087E-12
203.6	0.2115E-12
212.3	0.2142E-12
221.2	0.2169E-12
230.5	0.2196E-12
240.1	0.2223E-12
250.0	0.2250E-12
260.3	0.2276E-12
270.9	0.2303E-12
281.9	0.2329E-12
293.3	0.2354E-12
305.1	0.2380E-12
317.2	0.2405E-12
329.7	0.2430E-12
342.6	0.2454E-12
355.8	0.2478E-12
369.5	0.2502E-12
383.5	0.2525E-12
397.9	0.2548E-12
412.7	0.2570E-12
427.9	0.2592E-12
443.5	0.2614E-12
459.3	0.2635E-12
475.7	0.2655E-12
492.2	0.2675E-12
509.2	0.2695E-12
526.5	0.2714E-12
544.3	0.2733E-12
562.3	0.2751E-12
580.6	0.2769E-12
599.3	0.2787E-12
618.3	0.2803E-12
637.6	0.2820E-12
657.2	0.2837E-12
677.1	0.2852E-12
697.3	0.2868E-12
717.7	0.2883E-12
738.5	0.2898E-12
 
 
E/N (Td)	e-i momentum frequency /N (m3/s)
1.766	0.9317E-12
2.137	0.9038E-12
2.446	0.8845E-12
2.702	0.8655E-12
2.920	0.8469E-12
3.108	0.8287E-12
3.273	0.8109E-12
3.418	0.7934E-12
3.546	0.7763E-12
3.660	0.7596E-12
3.761	0.7432E-12
3.852	0.7272E-12
3.932	0.7115E-12
4.004	0.6962E-12
4.068	0.6812E-12
4.125	0.6665E-12
4.128	0.6654E-12
4.150	0.6595E-12
4.411	0.1513E-12
4.413	0.1513E-12
4.409	0.1513E-12
4.151	0.6590E-12
3.985	0.7003E-12
4.066	0.6817E-12
4.140	0.6622E-12
4.709	0.1457E-12
4.147	0.6603E-12
4.155	0.6578E-12
4.160	0.1581E-12
4.151	0.6591E-12
4.215	0.1563E-12
4.157	0.1582E-12
5.258	0.1387E-12
4.147	0.6603E-12
4.122	0.6671E-12
5.301	0.1382E-12
5.630	0.1351E-12
4.136	0.6633E-12
5.506	0.1362E-12
4.163	0.1580E-12
4.433	0.1508E-12
6.014	0.1320E-12
4.170	0.1578E-12
4.523	0.1490E-12
4.140	0.6623E-12
4.176	0.1575E-12
6.749	0.1271E-12
4.168	0.1578E-12
4.200	0.1568E-12
4.171	0.1577E-12
4.152	0.6589E-12
4.881	0.1432E-12
4.177	0.1575E-12
4.158	0.1582E-12
4.451	0.1504E-12
4.158	0.1581E-12
4.180	0.1574E-12
4.539	0.1487E-12
4.150	0.6595E-12
4.349	0.1527E-12
4.156	0.6576E-12
2.468	0.8830E-12
4.038	0.6883E-12
4.119	0.6679E-12
2.644	0.8701E-12
4.081	0.6779E-12
3.663	0.7591E-12
2.768	0.8601E-12
3.736	0.7475E-12
4.041	0.6877E-12
4.069	0.6808E-12
3.099	0.8297E-12
3.902	0.7176E-12
4.162	0.1580E-12
4.130	0.6649E-12
4.000	0.6970E-12
4.078	0.6788E-12
4.176	0.1575E-12
4.154	0.6582E-12
3.691	0.7547E-12
4.185	0.1573E-12
4.156	0.6576E-12
4.257	0.1551E-12
4.374	0.1521E-12
4.093	0.6750E-12
4.178	0.1575E-12
4.272	0.1547E-12
4.382	0.1519E-12
4.509	0.1493E-12
4.653	0.1466E-12
4.818	0.1441E-12
5.005	0.1416E-12
5.214	0.1391E-12
5.448	0.1367E-12
5.708	0.1344E-12
5.995	0.1321E-12
6.311	0.1299E-12
6.656	0.1277E-12
7.032	0.1255E-12
7.442	0.1234E-12
7.884	0.1213E-12
8.362	0.1193E-12
8.877	0.1174E-12
9.429	0.1154E-12
10.02	0.1135E-12
10.65	0.1117E-12
11.33	0.1099E-12
12.04	0.1081E-12
12.80	0.1063E-12
13.61	0.1046E-12
14.47	0.1029E-12
15.38	0.1012E-12
16.34	0.9962E-13
17.35	0.9802E-13
18.42	0.9646E-13
19.54	0.9491E-13
20.72	0.9339E-13
21.97	0.9190E-13
23.28	0.9043E-13
24.65	0.8898E-13
26.10	0.8756E-13
27.61	0.8616E-13
29.20	0.8478E-13
30.86	0.8341E-13
32.60	0.8207E-13
34.42	0.8075E-13
36.32	0.7944E-13
38.31	0.7815E-13
40.39	0.7688E-13
42.56	0.7562E-13
44.83	0.7437E-13
47.20	0.7315E-13
49.67	0.7193E-13
52.24	0.7073E-13
54.92	0.6954E-13
57.72	0.6837E-13
60.64	0.6720E-13
63.68	0.6605E-13
66.84	0.6491E-13
70.13	0.6378E-13
73.56	0.6266E-13
77.13	0.6155E-13
80.84	0.6045E-13
84.71	0.5935E-13
88.73	0.5827E-13
92.91	0.5720E-13
97.26	0.5613E-13
101.8	0.5507E-13
106.5	0.5402E-13
111.4	0.5298E-13
116.5	0.5195E-13
121.7	0.5092E-13
127.2	0.4990E-13
132.9	0.4889E-13
138.9	0.4789E-13
145.0	0.4690E-13
151.4	0.4591E-13
158.1	0.4493E-13
165.0	0.4396E-13
172.1	0.4300E-13
179.6	0.4204E-13
187.3	0.4110E-13
195.3	0.4016E-13
203.6	0.3923E-13
212.3	0.3832E-13
221.2	0.3741E-13
230.5	0.3651E-13
240.1	0.3562E-13
250.0	0.3475E-13
260.3	0.3389E-13
270.9	0.3304E-13
281.9	0.3220E-13
293.3	0.3137E-13
305.1	0.3056E-13
317.2	0.2976E-13
329.7	0.2898E-13
342.6	0.2821E-13
355.8	0.2745E-13
369.5	0.2671E-13
383.5	0.2599E-13
397.9	0.2528E-13
412.7	0.2458E-13
427.9	0.2391E-13
443.5	0.2325E-13
459.3	0.2260E-13
475.7	0.2197E-13
492.2	0.2137E-13
509.2	0.2077E-13
526.5	0.2019E-13
544.3	0.1963E-13
562.3	0.1908E-13
580.6	0.1856E-13
599.3	0.1804E-13
618.3	0.1754E-13
637.6	0.1706E-13
657.2	0.1659E-13
677.1	0.1614E-13
697.3	0.1570E-13
717.7	0.1528E-13
738.5	0.1487E-13
 
 
E/N (Td)	Total ionization freq. /N (m3/s)
1.766	0.6564E-25
2.137	0.8663E-25
2.446	0.1138E-24
2.702	0.1489E-24
2.920	0.1939E-24
3.108	0.2515E-24
3.273	0.3248E-24
3.418	0.4176E-24
3.546	0.5349E-24
3.660	0.6823E-24
3.761	0.8669E-24
3.852	0.1097E-23
3.932	0.1383E-23
4.004	0.1738E-23
4.068	0.2175E-23
4.125	0.2712E-23
4.128	0.2755E-23
4.150	0.3012E-23
4.411	0.5212E-19
4.413	0.5224E-19
4.409	0.5200E-19
4.151	0.3035E-23
3.985	0.1634E-23
4.066	0.2158E-23
4.140	0.2891E-23
4.709	0.6938E-19
4.147	0.2974E-23
4.155	0.3089E-23
4.160	0.3826E-19
4.151	0.3029E-23
4.215	0.4126E-19
4.157	0.3809E-19
5.258	0.1048E-18
4.147	0.2975E-23
4.122	0.2684E-23
5.301	0.1078E-18
5.630	0.1320E-18
4.136	0.2843E-23
5.506	0.1226E-18
4.163	0.3841E-19
4.433	0.5338E-19
6.014	0.1628E-18
4.170	0.3878E-19
4.523	0.5848E-19
4.140	0.2886E-23
4.176	0.3913E-19
6.749	0.2304E-18
4.168	0.3867E-19
4.200	0.4042E-19
4.171	0.3885E-19
4.152	0.3041E-23
4.881	0.7999E-19
4.177	0.3920E-19
4.158	0.3811E-19
4.451	0.5436E-19
4.158	0.3814E-19
4.180	0.3934E-19
4.539	0.5941E-19
4.150	0.3013E-23
4.349	0.4868E-19
4.156	0.3100E-23
2.468	0.1163E-24
4.038	0.1955E-23
4.119	0.2653E-23
2.644	0.1395E-24
4.081	0.2282E-23
3.663	0.6875E-24
2.768	0.1607E-24
3.736	0.8144E-24
4.041	0.1973E-23
4.069	0.2187E-23
3.099	0.2480E-24
3.902	0.1264E-23
4.162	0.3835E-19
4.130	0.2776E-23
4.000	0.1716E-23
4.078	0.2255E-23
4.176	0.3913E-19
4.154	0.3070E-23
3.691	0.7329E-24
4.185	0.3960E-19
4.156	0.3099E-23
4.257	0.4358E-19
4.374	0.5006E-19
4.093	0.2386E-23
4.178	0.3922E-19
4.272	0.4442E-19
4.382	0.5051E-19
4.509	0.5768E-19
4.653	0.6608E-19
4.818	0.7606E-19
5.005	0.8787E-19
5.214	0.1018E-18
5.448	0.1184E-18
5.708	0.1380E-18
5.995	0.1612E-18
6.311	0.1887E-18
6.656	0.2212E-18
7.032	0.2596E-18
7.442	0.3048E-18
7.884	0.3580E-18
8.362	0.4206E-18
8.877	0.4939E-18
9.429	0.5797E-18
10.02	0.6800E-18
10.65	0.7969E-18
11.33	0.9328E-18
12.04	0.1090E-17
12.80	0.1273E-17
13.61	0.1484E-17
14.47	0.1727E-17
15.38	0.2007E-17
16.34	0.2328E-17
17.35	0.2696E-17
18.42	0.3116E-17
19.54	0.3596E-17
20.72	0.4141E-17
21.97	0.4761E-17
23.28	0.5463E-17
24.65	0.6258E-17
26.10	0.7156E-17
27.61	0.8168E-17
29.20	0.9306E-17
30.86	0.1059E-16
32.60	0.1202E-16
34.42	0.1362E-16
36.32	0.1542E-16
38.31	0.1742E-16
40.39	0.1965E-16
42.56	0.2214E-16
44.83	0.2489E-16
47.20	0.2796E-16
49.67	0.3135E-16
52.24	0.3510E-16
54.92	0.3925E-16
57.72	0.4383E-16
60.64	0.4889E-16
63.68	0.5445E-16
66.84	0.6058E-16
70.13	0.6732E-16
73.56	0.7471E-16
77.13	0.8283E-16
80.84	0.9173E-16
84.71	0.1015E-15
88.73	0.1122E-15
92.91	0.1238E-15
97.26	0.1366E-15
101.8	0.1505E-15
106.5	0.1657E-15
111.4	0.1823E-15
116.5	0.2004E-15
121.7	0.2201E-15
127.2	0.2415E-15
132.9	0.2649E-15
138.9	0.2903E-15
145.0	0.3179E-15
151.4	0.3478E-15
158.1	0.3804E-15
165.0	0.4157E-15
172.1	0.4540E-15
179.6	0.4955E-15
187.3	0.5405E-15
195.3	0.5892E-15
203.6	0.6420E-15
212.3	0.6989E-15
221.2	0.7605E-15
230.5	0.8271E-15
240.1	0.8988E-15
250.0	0.9762E-15
260.3	0.1060E-14
270.9	0.1149E-14
281.9	0.1246E-14
293.3	0.1349E-14
305.1	0.1460E-14
317.2	0.1579E-14
329.7	0.1706E-14
342.6	0.1843E-14
355.8	0.1988E-14
369.5	0.2143E-14
383.5	0.2307E-14
397.9	0.2482E-14
412.7	0.2668E-14
427.9	0.2864E-14
443.5	0.3072E-14
459.3	0.3291E-14
475.7	0.3524E-14
492.2	0.3766E-14
509.2	0.4023E-14
526.5	0.4291E-14
544.3	0.4574E-14
562.3	0.4869E-14
580.6	0.5176E-14
599.3	0.5498E-14
618.3	0.5833E-14
637.6	0.6180E-14
657.2	0.6542E-14
677.1	0.6918E-14
697.3	0.7307E-14
717.7	0.7708E-14
738.5	0.8125E-14
 
 
E/N (Td)	Townsend ioniz. coef. alpha/N (m2)
1.766	0.1982E-27
2.137	0.2097E-27
2.446	0.2357E-27
2.702	0.2732E-27
2.920	0.3224E-27
3.108	0.3845E-27
3.273	0.4616E-27
3.418	0.5566E-27
3.546	0.6726E-27
3.660	0.8138E-27
3.761	0.9850E-27
3.852	0.1192E-26
3.932	0.1441E-26
4.004	0.1741E-26
4.068	0.2099E-26
4.125	0.2528E-26
4.128	0.2561E-26
4.150	0.2763E-26
4.411	0.1398E-22
4.413	0.1401E-22
4.409	0.1396E-22
4.151	0.2781E-26
3.985	0.1654E-26
4.066	0.2085E-26
4.140	0.2668E-26
4.709	0.1718E-22
4.147	0.2733E-26
4.155	0.2822E-26
4.160	0.1109E-22
4.151	0.2776E-26
4.215	0.1174E-22
4.157	0.1105E-22
5.258	0.2285E-22
4.147	0.2733E-26
4.122	0.2506E-26
5.301	0.2329E-22
5.630	0.2666E-22
4.136	0.2631E-26
5.506	0.2539E-22
4.163	0.1112E-22
4.433	0.1423E-22
6.014	0.3058E-22
4.170	0.1120E-22
4.523	0.1520E-22
4.140	0.2664E-26
4.176	0.1128E-22
6.749	0.3820E-22
4.168	0.1118E-22
4.200	0.1156E-22
4.171	0.1122E-22
4.152	0.2785E-26
4.881	0.1899E-22
4.177	0.1129E-22
4.158	0.1105E-22
4.451	0.1442E-22
4.158	0.1106E-22
4.180	0.1132E-22
4.539	0.1538E-22
4.150	0.2763E-26
4.349	0.1330E-22
4.156	0.2831E-26
2.468	0.2382E-27
4.038	0.1920E-26
4.119	0.2481E-26
2.644	0.2630E-27
4.081	0.2186E-26
3.663	0.8187E-27
2.768	0.2861E-27
3.736	0.9368E-27
4.041	0.1935E-26
4.069	0.2109E-26
3.099	0.3807E-27
3.902	0.1338E-26
4.162	0.1111E-22
4.130	0.2578E-26
4.000	0.1722E-26
4.078	0.2164E-26
4.176	0.1128E-22
4.154	0.2807E-26
3.691	0.8612E-27
4.185	0.1138E-22
4.156	0.2830E-26
4.257	0.1224E-22
4.374	0.1357E-22
4.093	0.2269E-26
4.178	0.1130E-22
4.272	0.1242E-22
4.382	0.1366E-22
4.509	0.1506E-22
4.653	0.1660E-22
4.818	0.1833E-22
5.005	0.2026E-22
5.214	0.2241E-22
5.448	0.2480E-22
5.708	0.2745E-22
5.995	0.3039E-22
6.311	0.3364E-22
6.656	0.3723E-22
7.032	0.4119E-22
7.442	0.4555E-22
7.884	0.5034E-22
8.362	0.5559E-22
8.877	0.6135E-22
9.429	0.6765E-22
10.02	0.7452E-22
10.65	0.8202E-22
11.33	0.9018E-22
12.04	0.9905E-22
12.80	0.1087E-21
13.61	0.1191E-21
14.47	0.1304E-21
15.38	0.1426E-21
16.34	0.1558E-21
17.35	0.1700E-21
18.42	0.1853E-21
19.54	0.2017E-21
20.72	0.2194E-21
21.97	0.2383E-21
23.28	0.2586E-21
24.65	0.2804E-21
26.10	0.3036E-21
27.61	0.3284E-21
29.20	0.3549E-21
30.86	0.3832E-21
32.60	0.4132E-21
34.42	0.4453E-21
36.32	0.4793E-21
38.31	0.5155E-21
40.39	0.5539E-21
42.56	0.5946E-21
44.83	0.6378E-21
47.20	0.6835E-21
49.67	0.7320E-21
52.24	0.7832E-21
54.92	0.8374E-21
57.72	0.8946E-21
60.64	0.9551E-21
63.68	0.1019E-20
66.84	0.1086E-20
70.13	0.1157E-20
73.56	0.1232E-20
77.13	0.1311E-20
80.84	0.1394E-20
84.71	0.1481E-20
88.73	0.1573E-20
92.91	0.1670E-20
97.26	0.1771E-20
101.8	0.1878E-20
106.5	0.1990E-20
111.4	0.2108E-20
116.5	0.2232E-20
121.7	0.2361E-20
127.2	0.2498E-20
132.9	0.2640E-20
138.9	0.2790E-20
145.0	0.2947E-20
151.4	0.3111E-20
158.1	0.3283E-20
165.0	0.3463E-20
172.1	0.3652E-20
179.6	0.3849E-20
187.3	0.4054E-20
195.3	0.4269E-20
203.6	0.4494E-20
212.3	0.4728E-20
221.2	0.4972E-20
230.5	0.5226E-20
240.1	0.5491E-20
250.0	0.5767E-20
260.3	0.6053E-20
270.9	0.6350E-20
281.9	0.6658E-20
293.3	0.6978E-20
305.1	0.7309E-20
317.2	0.7651E-20
329.7	0.8004E-20
342.6	0.8368E-20
355.8	0.8743E-20
369.5	0.9130E-20
383.5	0.9526E-20
397.9	0.9933E-20
412.7	0.1035E-19
427.9	0.1078E-19
443.5	0.1121E-19
459.3	0.1165E-19
475.7	0.1211E-19
492.2	0.1257E-19
509.2	0.1304E-19
526.5	0.1351E-19
544.3	0.1400E-19
562.3	0.1448E-19
580.6	0.1498E-19
599.3	0.1548E-19
618.3	0.1598E-19
637.6	0.1648E-19
657.2	0.1699E-19
677.1	0.1751E-19
697.3	0.1802E-19
717.7	0.1854E-19
738.5	0.1906E-19
 
 
E/N (Td)	Power /N (eV m3/s)
1.766	0.5850E-18
2.137	0.8828E-18
2.446	0.1182E-17
2.702	0.1473E-17
2.920	0.1757E-17
3.108	0.2033E-17
3.273	0.2302E-17
3.418	0.2565E-17
3.546	0.2820E-17
3.660	0.3068E-17
3.761	0.3310E-17
3.852	0.3546E-17
3.932	0.3775E-17
4.004	0.3998E-17
4.068	0.4214E-17
4.125	0.4425E-17
4.128	0.4440E-17
4.150	0.4524E-17
4.411	0.1644E-16
4.413	0.1646E-16
4.409	0.1643E-16
4.151	0.4532E-17
3.985	0.3938E-17
4.066	0.4207E-17
4.140	0.4486E-17
4.709	0.1901E-16
4.147	0.4512E-17
4.155	0.4548E-17
4.160	0.1436E-16
4.151	0.4530E-17
4.215	0.1481E-16
4.157	0.1433E-16
5.258	0.2411E-16
4.147	0.4513E-17
4.122	0.4415E-17
5.301	0.2454E-16
5.630	0.2788E-16
4.136	0.4470E-17
5.506	0.2660E-16
4.163	0.1438E-16
4.433	0.1663E-16
6.014	0.3201E-16
4.170	0.1444E-16
4.523	0.1739E-16
4.140	0.4484E-17
4.176	0.1449E-16
6.749	0.4070E-16
4.168	0.1442E-16
4.200	0.1468E-16
4.171	0.1445E-16
4.152	0.4533E-17
4.881	0.2056E-16
4.177	0.1450E-16
4.158	0.1434E-16
4.451	0.1678E-16
4.158	0.1434E-16
4.180	0.1452E-16
4.539	0.1753E-16
4.150	0.4525E-17
4.349	0.1593E-16
4.156	0.4551E-17
2.468	0.1205E-17
4.038	0.4112E-17
4.119	0.4404E-17
2.644	0.1402E-17
4.081	0.4261E-17
3.663	0.3076E-17
2.768	0.1555E-17
3.736	0.3248E-17
4.041	0.4121E-17
4.069	0.4220E-17
3.099	0.2018E-17
3.902	0.3686E-17
4.162	0.1437E-16
4.130	0.4447E-17
4.000	0.3985E-17
4.078	0.4249E-17
4.176	0.1449E-16
4.154	0.4542E-17
3.691	0.3141E-17
4.185	0.1456E-16
4.156	0.4551E-17
4.257	0.1516E-16
4.374	0.1613E-16
4.093	0.4303E-17
4.178	0.1450E-16
4.272	0.1528E-16
4.382	0.1620E-16
4.509	0.1728E-16
4.653	0.1852E-16
4.818	0.1999E-16
5.005	0.2170E-16
5.214	0.2370E-16
5.448	0.2601E-16
5.708	0.2870E-16
5.995	0.3181E-16
6.311	0.3540E-16
6.656	0.3955E-16
7.032	0.4432E-16
7.442	0.4979E-16
7.884	0.5607E-16
8.362	0.6326E-16
8.877	0.7146E-16
9.429	0.8080E-16
10.02	0.9143E-16
10.65	0.1035E-15
11.33	0.1171E-15
12.04	0.1326E-15
12.80	0.1500E-15
13.61	0.1696E-15
14.47	0.1917E-15
15.38	0.2164E-15
16.34	0.2441E-15
17.35	0.2751E-15
18.42	0.3097E-15
19.54	0.3483E-15
20.72	0.3912E-15
21.97	0.4389E-15
23.28	0.4917E-15
24.65	0.5503E-15
26.10	0.6151E-15
27.61	0.6867E-15
29.20	0.7656E-15
30.86	0.8525E-15
32.60	0.9481E-15
34.42	0.1053E-14
36.32	0.1168E-14
38.31	0.1295E-14
40.39	0.1433E-14
42.56	0.1585E-14
44.83	0.1750E-14
47.20	0.1930E-14
49.67	0.2127E-14
52.24	0.2341E-14
54.92	0.2575E-14
57.72	0.2828E-14
60.64	0.3104E-14
63.68	0.3403E-14
66.84	0.3728E-14
70.13	0.4080E-14
73.56	0.4461E-14
77.13	0.4874E-14
80.84	0.5321E-14
84.71	0.5804E-14
88.73	0.6326E-14
92.91	0.6890E-14
97.26	0.7500E-14
101.8	0.8157E-14
106.5	0.8867E-14
111.4	0.9632E-14
116.5	0.1046E-13
121.7	0.1135E-13
127.2	0.1230E-13
132.9	0.1334E-13
138.9	0.1445E-13
145.0	0.1564E-13
151.4	0.1693E-13
158.1	0.1831E-13
165.0	0.1980E-13
172.1	0.2140E-13
179.6	0.2312E-13
187.3	0.2497E-13
195.3	0.2696E-13
203.6	0.2909E-13
212.3	0.3138E-13
221.2	0.3383E-13
230.5	0.3647E-13
240.1	0.3929E-13
250.0	0.4232E-13
260.3	0.4556E-13
270.9	0.4903E-13
281.9	0.5274E-13
293.3	0.5671E-13
305.1	0.6095E-13
317.2	0.6547E-13
329.7	0.7029E-13
342.6	0.7543E-13
355.8	0.8090E-13
369.5	0.8671E-13
383.5	0.9289E-13
397.9	0.9944E-13
412.7	0.1064E-12
427.9	0.1137E-12
443.5	0.1215E-12
459.3	0.1297E-12
475.7	0.1384E-12
492.2	0.1475E-12
509.2	0.1571E-12
526.5	0.1672E-12
544.3	0.1779E-12
562.3	0.1890E-12
580.6	0.2007E-12
599.3	0.2129E-12
618.3	0.2257E-12
637.6	0.2391E-12
657.2	0.2530E-12
677.1	0.2675E-12
697.3	0.2827E-12
717.7	0.2984E-12
738.5	0.3148E-12
 
 
E/N (Td)	Elastic power loss /N (eV m3/s)
1.766	0.1531E-20
2.137	0.2466E-20
2.446	0.3470E-20
2.702	0.4548E-20
2.920	0.5702E-20
3.108	0.6938E-20
3.273	0.8258E-20
3.418	0.9668E-20
3.546	0.1117E-19
3.660	0.1278E-19
3.761	0.1449E-19
3.852	0.1630E-19
3.932	0.1824E-19
4.004	0.2029E-19
4.068	0.2248E-19
4.125	0.2480E-19
4.128	0.2497E-19
4.150	0.2596E-19
4.411	0.1903E-17
4.413	0.1904E-17
4.409	0.1901E-17
4.151	0.2605E-19
3.985	0.1972E-19
4.066	0.2240E-19
4.140	0.2550E-19
4.709	0.2108E-17
4.147	0.2582E-19
4.155	0.2625E-19
4.160	0.1688E-17
4.151	0.2602E-19
4.215	0.1740E-17
4.157	0.1685E-17
5.258	0.2418E-17
4.147	0.2582E-19
4.122	0.2468E-19
5.301	0.2440E-17
5.630	0.2600E-17
4.136	0.2531E-19
5.506	0.2541E-17
4.163	0.1691E-17
4.433	0.1919E-17
6.014	0.2772E-17
4.170	0.1697E-17
4.523	0.1984E-17
4.140	0.2548E-19
4.176	0.1703E-17
6.749	0.3074E-17
4.168	0.1695E-17
4.200	0.1726E-17
4.171	0.1698E-17
4.152	0.2607E-19
4.881	0.2213E-17
4.177	0.1704E-17
4.158	0.1685E-17
4.451	0.1932E-17
4.158	0.1686E-17
4.180	0.1707E-17
4.539	0.1996E-17
4.150	0.2596E-19
4.349	0.1855E-17
4.156	0.2629E-19
2.468	0.3552E-20
4.038	0.2142E-19
4.119	0.2456E-19
2.644	0.4278E-20
4.081	0.2297E-19
3.663	0.1283E-19
2.768	0.4871E-20
3.736	0.1403E-19
4.041	0.2151E-19
4.069	0.2253E-19
3.099	0.6868E-20
3.902	0.1747E-19
4.162	0.1690E-17
4.130	0.2505E-19
4.000	0.2018E-19
4.078	0.2284E-19
4.176	0.1703E-17
4.154	0.2618E-19
3.691	0.1327E-19
4.185	0.1711E-17
4.156	0.2628E-19
4.257	0.1777E-17
4.374	0.1874E-17
4.093	0.2343E-19
4.178	0.1705E-17
4.272	0.1791E-17
4.382	0.1881E-17
4.509	0.1975E-17
4.653	0.2072E-17
4.818	0.2175E-17
5.005	0.2283E-17
5.214	0.2396E-17
5.448	0.2513E-17
5.708	0.2636E-17
5.995	0.2764E-17
6.311	0.2898E-17
6.656	0.3038E-17
7.032	0.3184E-17
7.442	0.3336E-17
7.884	0.3494E-17
8.362	0.3659E-17
8.877	0.3832E-17
9.429	0.4011E-17
10.02	0.4197E-17
10.65	0.4392E-17
11.33	0.4594E-17
12.04	0.4804E-17
12.80	0.5022E-17
13.61	0.5249E-17
14.47	0.5485E-17
15.38	0.5729E-17
16.34	0.5983E-17
17.35	0.6246E-17
18.42	0.6519E-17
19.54	0.6802E-17
20.72	0.7096E-17
21.97	0.7399E-17
23.28	0.7714E-17
24.65	0.8039E-17
26.10	0.8376E-17
27.61	0.8724E-17
29.20	0.9083E-17
30.86	0.9455E-17
32.60	0.9839E-17
34.42	0.1024E-16
36.32	0.1064E-16
38.31	0.1107E-16
40.39	0.1150E-16
42.56	0.1195E-16
44.83	0.1241E-16
47.20	0.1289E-16
49.67	0.1338E-16
52.24	0.1388E-16
54.92	0.1440E-16
57.72	0.1494E-16
60.64	0.1549E-16
63.68	0.1605E-16
66.84	0.1663E-16
70.13	0.1723E-16
73.56	0.1784E-16
77.13	0.1847E-16
80.84	0.1911E-16
84.71	0.1978E-16
88.73	0.2046E-16
92.91	0.2115E-16
97.26	0.2187E-16
101.8	0.2260E-16
106.5	0.2335E-16
111.4	0.2411E-16
116.5	0.2490E-16
121.7	0.2571E-16
127.2	0.2653E-16
132.9	0.2737E-16
138.9	0.2823E-16
145.0	0.2911E-16
151.4	0.3001E-16
158.1	0.3093E-16
165.0	0.3187E-16
172.1	0.3283E-16
179.6	0.3381E-16
187.3	0.3481E-16
195.3	0.3583E-16
203.6	0.3687E-16
212.3	0.3793E-16
221.2	0.3901E-16
230.5	0.4011E-16
240.1	0.4123E-16
250.0	0.4237E-16
260.3	0.4354E-16
270.9	0.4472E-16
281.9	0.4592E-16
293.3	0.4715E-16
305.1	0.4839E-16
317.2	0.4966E-16
329.7	0.5095E-16
342.6	0.5225E-16
355.8	0.5358E-16
369.5	0.5493E-16
383.5	0.5630E-16
397.9	0.5769E-16
412.7	0.5910E-16
427.9	0.6053E-16
443.5	0.6198E-16
459.3	0.6345E-16
475.7	0.6496E-16
492.2	0.6647E-16
509.2	0.6801E-16
526.5	0.6957E-16
544.3	0.7116E-16
562.3	0.7276E-16
580.6	0.7439E-16
599.3	0.7605E-16
618.3	0.7773E-16
637.6	0.7943E-16
657.2	0.8116E-16
677.1	0.8291E-16
697.3	0.8469E-16
717.7	0.8649E-16
738.5	0.8832E-16
 
 
E/N (Td)	Inelastic power loss /N (eV m3/s)
1.766	0.2757E-24
2.137	0.3639E-24
2.446	0.4781E-24
2.702	0.6254E-24
2.920	0.8145E-24
3.108	0.1056E-23
3.273	0.1364E-23
3.418	0.1754E-23
3.546	0.2247E-23
3.660	0.2866E-23
3.761	0.3641E-23
3.852	0.4608E-23
3.932	0.5810E-23
4.004	0.7299E-23
4.068	0.9134E-23
4.125	0.1139E-22
4.128	0.1157E-22
4.150	0.1265E-22
4.411	0.5141E-17
4.413	0.5157E-17
4.409	0.5124E-17
4.151	0.1275E-22
3.985	0.6862E-23
4.066	0.9062E-23
4.140	0.1214E-22
4.709	0.7494E-17
4.147	0.1249E-22
4.155	0.1297E-22
4.160	0.3275E-17
4.151	0.1272E-22
4.215	0.3674E-17
4.157	0.3253E-17
5.258	0.1225E-16
4.147	0.1249E-22
4.122	0.1127E-22
5.301	0.1265E-16
5.630	0.1580E-16
4.136	0.1194E-22
5.506	0.1459E-16
4.163	0.3296E-17
4.433	0.5312E-17
6.014	0.1972E-16
4.170	0.3344E-17
4.523	0.6007E-17
4.140	0.1212E-22
4.176	0.3390E-17
6.749	0.2799E-16
4.168	0.3329E-17
4.200	0.3561E-17
4.171	0.3353E-17
4.152	0.1277E-22
4.881	0.8932E-17
4.177	0.3399E-17
4.158	0.3256E-17
4.451	0.5445E-17
4.158	0.3260E-17
4.180	0.3418E-17
4.539	0.6134E-17
4.150	0.1265E-22
4.349	0.4673E-17
4.156	0.1302E-22
2.468	0.4883E-24
4.038	0.8212E-23
4.119	0.1114E-22
2.644	0.5859E-24
4.081	0.9586E-23
3.663	0.2887E-23
2.768	0.6749E-24
3.736	0.3421E-23
4.041	0.8289E-23
4.069	0.9185E-23
3.099	0.1041E-23
3.902	0.5307E-23
4.162	0.3287E-17
4.130	0.1166E-22
4.000	0.7207E-23
4.078	0.9469E-23
4.176	0.3390E-17
4.154	0.1289E-22
3.691	0.3078E-23
4.185	0.3453E-17
4.156	0.1301E-22
4.257	0.3984E-17
4.374	0.4860E-17
4.093	0.1002E-22
4.178	0.3402E-17
4.272	0.4097E-17
4.382	0.4922E-17
4.509	0.5899E-17
4.653	0.7044E-17
4.818	0.8400E-17
5.005	0.9993E-17
5.214	0.1186E-16
5.448	0.1404E-16
5.708	0.1657E-16
5.995	0.1952E-16
6.311	0.2294E-16
6.656	0.2688E-16
7.032	0.3144E-16
7.442	0.3668E-16
7.884	0.4269E-16
8.362	0.4958E-16
8.877	0.5745E-16
9.429	0.6642E-16
10.02	0.7662E-16
10.65	0.8819E-16
11.33	0.1013E-15
12.04	0.1161E-15
12.80	0.1328E-15
13.61	0.1517E-15
14.47	0.1728E-15
15.38	0.1965E-15
16.34	0.2230E-15
17.35	0.2527E-15
18.42	0.2857E-15
19.54	0.3225E-15
20.72	0.3634E-15
21.97	0.4088E-15
23.28	0.4590E-15
24.65	0.5146E-15
26.10	0.5759E-15
27.61	0.6436E-15
29.20	0.7181E-15
30.86	0.8000E-15
32.60	0.8899E-15
34.42	0.9884E-15
36.32	0.1096E-14
38.31	0.1214E-14
40.39	0.1343E-14
42.56	0.1484E-14
44.83	0.1637E-14
47.20	0.1804E-14
49.67	0.1986E-14
52.24	0.2183E-14
54.92	0.2397E-14
57.72	0.2629E-14
60.64	0.2880E-14
63.68	0.3153E-14
66.84	0.3447E-14
70.13	0.3765E-14
73.56	0.4108E-14
77.13	0.4479E-14
80.84	0.4878E-14
84.71	0.5309E-14
88.73	0.5772E-14
92.91	0.6271E-14
97.26	0.6808E-14
101.8	0.7385E-14
106.5	0.8004E-14
111.4	0.8670E-14
116.5	0.9384E-14
121.7	0.1015E-13
127.2	0.1097E-13
132.9	0.1185E-13
138.9	0.1280E-13
145.0	0.1381E-13
151.4	0.1489E-13
158.1	0.1605E-13
165.0	0.1729E-13
172.1	0.1861E-13
179.6	0.2003E-13
187.3	0.2154E-13
195.3	0.2316E-13
203.6	0.2488E-13
212.3	0.2672E-13
221.2	0.2868E-13
230.5	0.3077E-13
240.1	0.3300E-13
250.0	0.3537E-13
260.3	0.3790E-13
270.9	0.4058E-13
281.9	0.4342E-13
293.3	0.4645E-13
305.1	0.4965E-13
317.2	0.5305E-13
329.7	0.5664E-13
342.6	0.6044E-13
355.8	0.6445E-13
369.5	0.6868E-13
383.5	0.7315E-13
397.9	0.7784E-13
412.7	0.8278E-13
427.9	0.8796E-13
443.5	0.9339E-13
459.3	0.9905E-13
475.7	0.1050E-12
492.2	0.1112E-12
509.2	0.1177E-12
526.5	0.1245E-12
544.3	0.1315E-12
562.3	0.1388E-12
580.6	0.1464E-12
599.3	0.1543E-12
618.3	0.1624E-12
637.6	0.1709E-12
657.2	0.1796E-12
677.1	0.1886E-12
697.3	0.1978E-12
717.7	0.2073E-12
738.5	0.2172E-12
 
 
E/N (Td)	Growth power /N (eV m3/s)
1.766	0.2626E-25
2.137	0.3526E-25
2.446	0.4712E-25
2.702	0.6270E-25
2.920	0.8307E-25
3.108	0.1096E-24
3.273	0.1440E-24
3.418	0.1883E-24
3.546	0.2453E-24
3.660	0.3183E-24
3.761	0.4114E-24
3.852	0.5297E-24
3.932	0.6794E-24
4.004	0.8681E-24
4.068	0.1105E-23
4.125	0.1402E-23
4.128	0.1426E-23
4.150	0.1570E-23
4.411	0.9261E-19
4.413	0.9285E-19
4.409	0.9237E-19
4.151	0.1583E-23
3.985	0.8124E-24
4.066	0.1096E-23
4.140	0.1502E-23
4.709	0.1278E-18
4.147	0.1549E-23
4.155	0.1613E-23
4.160	0.6520E-19
4.151	0.1579E-23
4.215	0.7107E-19
4.157	0.6488E-19
5.258	0.2027E-18
4.147	0.1549E-23
4.122	0.1386E-23
5.301	0.2092E-18
5.630	0.2619E-18
4.136	0.1475E-23
5.506	0.2414E-18
4.163	0.6550E-19
4.433	0.9514E-19
6.014	0.3306E-18
4.170	0.6621E-19
4.523	0.1054E-18
4.140	0.1499E-23
4.176	0.6689E-19
6.749	0.4858E-18
4.168	0.6600E-19
4.200	0.6941E-19
4.171	0.6635E-19
4.152	0.1586E-23
4.881	0.1499E-18
4.177	0.6703E-19
4.158	0.6492E-19
4.451	0.9711E-19
4.158	0.6497E-19
4.180	0.6730E-19
4.539	0.1073E-18
4.150	0.1570E-23
4.349	0.8573E-19
4.156	0.1619E-23
2.468	0.4820E-25
4.038	0.9855E-24
4.119	0.1369E-23
2.644	0.5850E-25
4.081	0.1164E-23
3.663	0.3209E-24
2.768	0.6800E-25
3.736	0.3848E-24
4.041	0.9954E-24
4.069	0.1112E-23
3.099	0.1080E-24
3.902	0.6164E-24
4.162	0.6538E-19
4.130	0.1438E-23
4.000	0.8564E-24
4.078	0.1149E-23
4.176	0.6690E-19
4.154	0.1602E-23
3.691	0.3437E-24
4.185	0.6781E-19
4.156	0.1619E-23
4.257	0.7561E-19
4.374	0.8847E-19
4.093	0.1221E-23
4.178	0.6707E-19
4.272	0.7727E-19
4.382	0.8939E-19
4.509	0.1038E-18
4.653	0.1210E-18
4.818	0.1417E-18
5.005	0.1665E-18
5.214	0.1963E-18
5.448	0.2321E-18
5.708	0.2752E-18
5.995	0.3271E-18
6.311	0.3895E-18
6.656	0.4644E-18
7.032	0.5543E-18
7.442	0.6621E-18
7.884	0.7911E-18
8.362	0.9454E-18
8.877	0.1129E-17
9.429	0.1349E-17
10.02	0.1609E-17
10.65	0.1918E-17
11.33	0.2284E-17
12.04	0.2716E-17
12.80	0.3226E-17
13.61	0.3825E-17
14.47	0.4528E-17
15.38	0.5353E-17
16.34	0.6316E-17
17.35	0.7440E-17
18.42	0.8748E-17
19.54	0.1027E-16
20.72	0.1203E-16
21.97	0.1407E-16
23.28	0.1642E-16
24.65	0.1914E-16
26.10	0.2226E-16
27.61	0.2584E-16
29.20	0.2995E-16
30.86	0.3466E-16
32.60	0.4003E-16
34.42	0.4616E-16
36.32	0.5314E-16
38.31	0.6107E-16
40.39	0.7009E-16
42.56	0.8030E-16
44.83	0.9186E-16
47.20	0.1049E-15
49.67	0.1197E-15
52.24	0.1363E-15
54.92	0.1551E-15
57.72	0.1762E-15
60.64	0.1999E-15
63.68	0.2265E-15
66.84	0.2563E-15
70.13	0.2897E-15
73.56	0.3271E-15
77.13	0.3689E-15
80.84	0.4156E-15
84.71	0.4677E-15
88.73	0.5257E-15
92.91	0.5905E-15
97.26	0.6625E-15
101.8	0.7427E-15
106.5	0.8318E-15
111.4	0.9309E-15
116.5	0.1041E-14
121.7	0.1163E-14
127.2	0.1298E-14
132.9	0.1448E-14
138.9	0.1614E-14
145.0	0.1798E-14
151.4	0.2002E-14
158.1	0.2227E-14
165.0	0.2476E-14
172.1	0.2750E-14
179.6	0.3054E-14
187.3	0.3388E-14
195.3	0.3757E-14
203.6	0.4164E-14
212.3	0.4612E-14
221.2	0.5105E-14
230.5	0.5647E-14
240.1	0.6243E-14
250.0	0.6897E-14
260.3	0.7615E-14
270.9	0.8402E-14
281.9	0.9263E-14
293.3	0.1021E-13
305.1	0.1124E-13
317.2	0.1236E-13
329.7	0.1359E-13
342.6	0.1493E-13
355.8	0.1638E-13
369.5	0.1796E-13
383.5	0.1967E-13
397.9	0.2153E-13
412.7	0.2354E-13
427.9	0.2571E-13
443.5	0.2805E-13
459.3	0.3056E-13
475.7	0.3329E-13
492.2	0.3619E-13
509.2	0.3933E-13
526.5	0.4267E-13
544.3	0.4627E-13
562.3	0.5010E-13
580.6	0.5418E-13
599.3	0.5855E-13
618.3	0.6318E-13
637.6	0.6810E-13
657.2	0.7333E-13
677.1	0.7888E-13
697.3	0.8475E-13
717.7	0.9095E-13
738.5	0.9751E-13
 
 
E/N (Td)	e-i power loss /N (eV m3/s)
1.766	0.5835E-18
2.137	0.8803E-18
2.446	0.1178E-17
2.702	0.1468E-17
2.920	0.1751E-17
3.108	0.2026E-17
3.273	0.2294E-17
3.418	0.2555E-17
3.546	0.2809E-17
3.660	0.3056E-17
3.761	0.3296E-17
3.852	0.3529E-17
3.932	0.3757E-17
4.004	0.3977E-17
4.068	0.4192E-17
4.125	0.4400E-17
4.128	0.4415E-17
4.150	0.4498E-17
4.411	0.9308E-17
4.413	0.9307E-17
4.409	0.9308E-17
4.151	0.4505E-17
3.985	0.3918E-17
4.066	0.4184E-17
4.140	0.4460E-17
4.709	0.9283E-17
4.147	0.4487E-17
4.155	0.4522E-17
4.160	0.9330E-17
4.151	0.4504E-17
4.215	0.9325E-17
4.157	0.9330E-17
5.258	0.9243E-17
4.147	0.4487E-17
4.122	0.4391E-17
5.301	0.9240E-17
5.630	0.9219E-17
4.136	0.4444E-17
5.506	0.9227E-17
4.163	0.9329E-17
4.433	0.9306E-17
6.014	0.9196E-17
4.170	0.9329E-17
4.523	0.9298E-17
4.140	0.4458E-17
4.176	0.9328E-17
6.749	0.9154E-17
4.168	0.9329E-17
4.200	0.9326E-17
4.171	0.9329E-17
4.152	0.4507E-17
4.881	0.9270E-17
4.177	0.9328E-17
4.158	0.9330E-17
4.451	0.9304E-17
4.158	0.9330E-17
4.180	0.9328E-17
4.539	0.9297E-17
4.150	0.4499E-17
4.349	0.9313E-17
4.156	0.4525E-17
2.468	0.1201E-17
4.038	0.4090E-17
4.119	0.4380E-17
2.644	0.1398E-17
4.081	0.4238E-17
3.663	0.3063E-17
2.768	0.1550E-17
3.736	0.3233E-17
4.041	0.4099E-17
4.069	0.4197E-17
3.099	0.2011E-17
3.902	0.3668E-17
4.162	0.9330E-17
4.130	0.4422E-17
4.000	0.3965E-17
4.078	0.4226E-17
4.176	0.9328E-17
4.154	0.4516E-17
3.691	0.3128E-17
4.185	0.9327E-17
4.156	0.4525E-17
4.257	0.9321E-17
4.374	0.9311E-17
4.093	0.4280E-17
4.178	0.9328E-17
4.272	0.9320E-17
4.382	0.9310E-17
4.509	0.9299E-17
4.653	0.9287E-17
4.818	0.9275E-17
5.005	0.9261E-17
5.214	0.9246E-17
5.448	0.9231E-17
5.708	0.9214E-17
5.995	0.9197E-17
6.311	0.9178E-17
6.656	0.9159E-17
7.032	0.9139E-17
7.442	0.9119E-17
7.884	0.9097E-17
8.362	0.9075E-17
8.877	0.9052E-17
9.429	0.9029E-17
10.02	0.9004E-17
10.65	0.8979E-17
11.33	0.8954E-17
12.04	0.8928E-17
12.80	0.8901E-17
13.61	0.8873E-17
14.47	0.8845E-17
15.38	0.8817E-17
16.34	0.8788E-17
17.35	0.8758E-17
18.42	0.8728E-17
19.54	0.8698E-17
20.72	0.8667E-17
21.97	0.8635E-17
23.28	0.8603E-17
24.65	0.8570E-17
26.10	0.8537E-17
27.61	0.8504E-17
29.20	0.8470E-17
30.86	0.8436E-17
32.60	0.8401E-17
34.42	0.8366E-17
36.32	0.8331E-17
38.31	0.8295E-17
40.39	0.8259E-17
42.56	0.8222E-17
44.83	0.8185E-17
47.20	0.8148E-17
49.67	0.8111E-17
52.24	0.8073E-17
54.92	0.8034E-17
57.72	0.7996E-17
60.64	0.7957E-17
63.68	0.7918E-17
66.84	0.7879E-17
70.13	0.7839E-17
73.56	0.7799E-17
77.13	0.7758E-17
80.84	0.7718E-17
84.71	0.7677E-17
88.73	0.7636E-17
92.91	0.7595E-17
97.26	0.7553E-17
101.8	0.7511E-17
106.5	0.7469E-17
111.4	0.7427E-17
116.5	0.7385E-17
121.7	0.7342E-17
127.2	0.7299E-17
132.9	0.7257E-17
138.9	0.7214E-17
145.0	0.7171E-17
151.4	0.7127E-17
158.1	0.7084E-17
165.0	0.7041E-17
172.1	0.6997E-17
179.6	0.6953E-17
187.3	0.6910E-17
195.3	0.6866E-17
203.6	0.6823E-17
212.3	0.6779E-17
221.2	0.6736E-17
230.5	0.6692E-17
240.1	0.6649E-17
250.0	0.6606E-17
260.3	0.6563E-17
270.9	0.6520E-17
281.9	0.6477E-17
293.3	0.6435E-17
305.1	0.6393E-17
317.2	0.6351E-17
329.7	0.6309E-17
342.6	0.6268E-17
355.8	0.6227E-17
369.5	0.6186E-17
383.5	0.6146E-17
397.9	0.6105E-17
412.7	0.6066E-17
427.9	0.6026E-17
443.5	0.5987E-17
459.3	0.5949E-17
475.7	0.5911E-17
492.2	0.5873E-17
509.2	0.5836E-17
526.5	0.5799E-17
544.3	0.5763E-17
562.3	0.5727E-17
580.6	0.5691E-17
599.3	0.5656E-17
618.3	0.5621E-17
637.6	0.5587E-17
657.2	0.5553E-17
677.1	0.5519E-17
697.3	0.5486E-17
717.7	0.5454E-17
738.5	0.5421E-17
 
 
E/N (Td)	Coulomb logarithm
1.766	8.928
2.137	8.954
2.446	8.979
2.702	9.005
2.920	9.031
3.108	9.056
3.273	9.082
3.418	9.107
3.546	9.133
3.660	9.159
3.761	9.184
3.852	9.210
3.932	9.236
4.004	9.261
4.068	9.287
4.125	9.313
4.128	9.314
4.150	9.325
4.411	11.16
4.413	11.17
4.409	11.16
4.151	9.326
3.985	9.254
4.066	9.286
4.140	9.320
4.709	11.22
4.147	9.323
4.155	9.328
4.160	11.10
4.151	9.326
4.215	11.12
4.157	11.10
5.258	11.29
4.147	9.323
4.122	9.311
5.301	11.30
5.630	11.33
4.136	9.318
5.506	11.32
4.163	11.10
4.433	11.17
6.014	11.37
4.170	11.10
4.523	11.19
4.140	9.320
4.176	11.11
6.749	11.42
4.168	11.10
4.200	11.11
4.171	11.11
4.152	9.326
4.881	11.24
4.177	11.11
4.158	11.10
4.451	11.17
4.158	11.10
4.180	11.11
4.539	11.19
4.150	9.325
4.349	11.15
4.156	9.328
2.468	8.981
4.038	9.275
4.119	9.310
2.644	8.999
4.081	9.292
3.663	9.160
2.768	9.012
3.736	9.178
4.041	9.276
4.069	9.288
3.099	9.055
3.902	9.226
4.162	11.10
4.130	9.315
4.000	9.260
4.078	9.291
4.176	11.11
4.154	9.327
3.691	9.166
4.185	11.11
4.156	9.328
4.257	11.13
4.374	11.16
4.093	9.298
4.178	11.11
4.272	11.13
4.382	11.16
4.509	11.18
4.653	11.21
4.818	11.24
5.005	11.26
5.214	11.29
5.448	11.31
5.708	11.34
5.995	11.36
6.311	11.39
6.656	11.41
7.032	11.44
7.442	11.47
7.884	11.49
8.362	11.52
8.877	11.54
9.429	11.57
10.02	11.59
10.65	11.62
11.33	11.65
12.04	11.67
12.80	11.70
13.61	11.72
14.47	11.75
15.38	11.77
16.34	11.80
17.35	11.82
18.42	11.85
19.54	11.88
20.72	11.90
21.97	11.93
23.28	11.95
24.65	11.98
26.10	12.00
27.61	12.03
29.20	12.06
30.86	12.08
32.60	12.11
34.42	12.13
36.32	12.16
38.31	12.18
40.39	12.21
42.56	12.24
44.83	12.26
47.20	12.29
49.67	12.31
52.24	12.34
54.92	12.36
57.72	12.39
60.64	12.41
63.68	12.44
66.84	12.47
70.13	12.49
73.56	12.52
77.13	12.54
80.84	12.57
84.71	12.59
88.73	12.62
92.91	12.65
97.26	12.67
101.8	12.70
106.5	12.72
111.4	12.75
116.5	12.77
121.7	12.80
127.2	12.82
132.9	12.85
138.9	12.88
145.0	12.90
151.4	12.93
158.1	12.95
165.0	12.98
172.1	13.00
179.6	13.03
187.3	13.06
195.3	13.08
203.6	13.11
212.3	13.13
221.2	13.16
230.5	13.18
240.1	13.21
250.0	13.24
260.3	13.26
270.9	13.29
281.9	13.31
293.3	13.34
305.1	13.36
317.2	13.39
329.7	13.41
342.6	13.44
355.8	13.47
369.5	13.49
383.5	13.52
397.9	13.54
412.7	13.57
427.9	13.59
443.5	13.62
459.3	13.65
475.7	13.67
492.2	13.70
509.2	13.72
526.5	13.75
544.3	13.77
562.3	13.80
580.6	13.82
599.3	13.85
618.3	13.88
637.6	13.90
657.2	13.93
677.1	13.95
697.3	13.98
717.7	14.00
738.5	14.03
 
 
E/N (Td)	Maximum energy
1.766	7.367
2.137	8.929
2.446	8.929
2.702	8.929
2.920	8.929
3.108	8.929
3.273	8.929
3.418	8.929
3.546	8.929
3.660	8.929
3.761	8.929
3.852	8.929
3.932	8.929
4.004	8.929
4.068	8.929
4.125	8.929
4.128	8.929
4.150	8.929
4.411	25.61
4.413	25.61
4.409	25.61
4.151	8.929
3.985	8.929
4.066	8.929
4.140	8.929
4.709	30.65
4.147	8.929
4.155	8.929
4.160	25.55
4.151	8.929
4.215	25.63
4.157	25.55
5.258	31.44
4.147	8.929
4.122	8.929
5.301	31.49
5.630	31.77
4.136	8.929
5.506	31.67
4.163	25.56
4.433	25.63
6.014	32.07
4.170	25.57
4.523	25.69
4.140	8.929
4.176	25.57
6.749	32.90
4.168	25.56
4.200	25.60
4.171	25.57
4.152	8.929
4.881	31.06
4.177	25.58
4.158	25.55
4.451	25.64
4.158	25.55
4.180	25.58
4.539	25.71
4.150	8.929
4.349	25.58
4.156	8.929
2.468	8.929
4.038	8.929
4.119	8.929
2.644	8.929
4.081	8.929
3.663	8.929
2.768	8.929
3.736	8.929
4.041	8.929
4.069	8.929
3.099	8.929
3.902	8.929
4.162	25.56
4.130	8.929
4.000	8.929
4.078	8.929
4.176	25.57
4.154	8.929
3.691	8.929
4.185	25.59
4.156	8.929
4.257	25.68
4.374	25.59
4.093	8.929
4.178	25.58
4.272	25.64
4.382	25.60
4.509	25.68
4.653	30.60
4.818	31.00
5.005	31.18
5.214	31.40
5.448	31.63
5.708	31.84
5.995	32.06
6.311	32.56
6.656	32.83
7.032	33.12
7.442	33.43
7.884	33.76
8.362	34.11
8.877	34.49
9.429	35.21
10.02	35.64
10.65	36.09
11.33	36.55
12.04	37.03
12.80	37.54
13.61	38.06
14.47	38.62
15.38	39.19
16.34	39.78
17.35	40.40
18.42	34.65
19.54	35.22
20.72	35.77
21.97	36.33
23.28	36.91
24.65	38.04
26.10	38.69
27.61	39.37
29.20	40.09
30.86	40.82
32.60	41.58
34.42	42.37
36.32	43.19
38.31	44.05
40.39	44.93
42.56	45.85
44.83	46.75
47.20	47.67
49.67	48.62
52.24	49.61
54.92	50.64
57.72	51.70
60.64	52.80
63.68	45.54
66.84	47.50
70.13	48.52
73.56	49.58
77.13	50.67
80.84	51.80
84.71	52.96
88.73	54.12
92.91	55.33
97.26	56.59
101.8	57.83
106.5	60.73
111.4	62.14
116.5	63.53
121.7	64.94
127.2	66.33
132.9	58.88
138.9	59.99
145.0	60.99
151.4	63.98
158.1	65.12
165.0	66.31
172.1	69.85
179.6	71.25
187.3	72.71
195.3	76.88
203.6	78.59
212.3	80.35
221.2	82.20
230.5	87.33
240.1	89.46
250.0	91.68
260.3	93.97
270.9	100.2
281.9	102.8
293.3	105.6
305.1	108.4
317.2	111.4
329.7	114.5
342.6	103.8
355.8	106.9
369.5	110.0
383.5	113.2
397.9	116.6
412.7	120.1
427.9	123.7
443.5	133.2
459.3	137.0
475.7	141.1
492.2	145.3
509.2	149.6
526.5	154.0
544.3	158.6
562.3	163.4
580.6	168.3
599.3	182.6
618.3	188.3
637.6	194.1
657.2	200.1
677.1	206.4
697.3	212.8
717.7	219.4
738.5	226.2
 
 
E/N (Td)	# of iterations
1.766	483.0
2.137	251.0
2.446	267.0
2.702	278.0
2.920	290.0
3.108	311.0
3.273	321.0
3.418	338.0
3.546	355.0
3.660	373.0
3.761	403.0
3.852	420.0
3.932	445.0
4.004	473.0
4.068	516.0
4.125	547.0
4.128	547.0
4.150	562.0
4.411	272.0
4.413	281.0
4.409	282.0
4.151	567.0
3.985	466.0
4.066	513.0
4.140	556.0
4.709	262.0
4.147	561.0
4.155	569.0
4.160	420.0
4.151	562.0
4.215	374.0
4.157	426.0
5.258	166.0
4.147	556.0
4.122	548.0
5.301	160.0
5.630	141.0
4.136	559.0
5.506	146.0
4.163	412.0
4.433	272.0
6.014	122.0
4.170	409.0
4.523	246.0
4.140	558.0
4.176	402.0
6.749	108.0
4.168	411.0
4.200	384.0
4.171	406.0
4.152	563.0
4.881	224.0
4.177	401.0
4.158	417.0
4.451	259.0
4.158	426.0
4.180	398.0
4.539	238.0
4.150	562.0
4.349	296.0
4.156	569.0
2.468	270.0
4.038	488.0
4.119	526.0
2.644	275.0
4.081	520.0
3.663	371.0
2.768	284.0
3.736	392.0
4.041	501.0
4.069	510.0
3.099	306.0
3.902	432.0
4.162	427.0
4.130	544.0
4.000	470.0
4.078	510.0
4.176	404.0
4.154	552.0
3.691	387.0
4.185	399.0
4.156	563.0
4.257	343.0
4.374	294.0
4.093	519.0
4.178	404.0
4.272	333.0
4.382	282.0
4.509	253.0
4.653	275.0
4.818	235.0
5.005	210.0
5.214	166.0
5.448	149.0
5.708	134.0
5.995	126.0
6.311	116.0
6.656	110.0
7.032	102.0
7.442	98.00
7.884	98.00
8.362	89.00
8.877	93.00
9.429	75.00
10.02	74.00
10.65	73.00
11.33	74.00
12.04	94.00
12.80	93.00
13.61	96.00
14.47	98.00
15.38	76.00
16.34	95.00
17.35	99.00
18.42	86.00
19.54	84.00
20.72	62.00
21.97	64.00
23.28	87.00
24.65	87.00
26.10	93.00
27.61	89.00
29.20	95.00
30.86	92.00
32.60	91.00
34.42	97.00
36.32	93.00
38.31	95.00
40.39	95.00
42.56	81.00
44.83	83.00
47.20	84.00
49.67	85.00
52.24	86.00
54.92	88.00
57.72	88.00
60.64	90.00
63.68	75.00
66.84	77.00
70.13	122.0
73.56	117.0
77.13	125.0
80.84	126.0
84.71	122.0
88.73	124.0
92.91	125.0
97.26	128.0
101.8	125.0
106.5	123.0
111.4	131.0
116.5	132.0
121.7	132.0
127.2	140.0
132.9	84.00
138.9	82.00
145.0	86.00
151.4	84.00
158.1	86.00
165.0	85.00
172.1	83.00
179.6	87.00
187.3	81.00
195.3	83.00
203.6	78.00
212.3	85.00
221.2	84.00
230.5	77.00
240.1	80.00
250.0	77.00
260.3	82.00
270.9	73.00
281.9	75.00
293.3	74.00
305.1	71.00
317.2	71.00
329.7	72.00
342.6	36.00
355.8	33.00
369.5	34.00
383.5	32.00
397.9	33.00
412.7	33.00
427.9	35.00
443.5	32.00
459.3	33.00
475.7	30.00
492.2	30.00
509.2	31.00
526.5	34.00
544.3	31.00
562.3	31.00
580.6	33.00
599.3	31.00
618.3	38.00
637.6	35.00
657.2	39.00
677.1	39.00
697.3	43.00
717.7	44.00
738.5	39.00
 
 
E/N (Td)	# of grid trials
1.766	2.000
2.137	1.000
2.446	1.000
2.702	1.000
2.920	1.000
3.108	1.000
3.273	1.000
3.418	1.000
3.546	1.000
3.660	1.000
3.761	1.000
3.852	1.000
3.932	1.000
4.004	1.000
4.068	1.000
4.125	1.000
4.128	1.000
4.150	1.000
4.411	4.000
4.413	4.000
4.409	4.000
4.151	1.000
3.985	1.000
4.066	1.000
4.140	1.000
4.709	5.000
4.147	1.000
4.155	1.000
4.160	4.000
4.151	1.000
4.215	4.000
4.157	4.000
5.258	5.000
4.147	1.000
4.122	1.000
5.301	5.000
5.630	5.000
4.136	1.000
5.506	5.000
4.163	4.000
4.433	4.000
6.014	5.000
4.170	4.000
4.523	4.000
4.140	1.000
4.176	4.000
6.749	5.000
4.168	4.000
4.200	4.000
4.171	4.000
4.152	1.000
4.881	5.000
4.177	4.000
4.158	4.000
4.451	4.000
4.158	4.000
4.180	4.000
4.539	4.000
4.150	1.000
4.349	4.000
4.156	1.000
2.468	1.000
4.038	1.000
4.119	1.000
2.644	1.000
4.081	1.000
3.663	1.000
2.768	1.000
3.736	1.000
4.041	1.000
4.069	1.000
3.099	1.000
3.902	1.000
4.162	4.000
4.130	1.000
4.000	1.000
4.078	1.000
4.176	4.000
4.154	1.000
3.691	1.000
4.185	4.000
4.156	1.000
4.257	4.000
4.374	4.000
4.093	1.000
4.178	4.000
4.272	4.000
4.382	4.000
4.509	4.000
4.653	5.000
4.818	5.000
5.005	5.000
5.214	5.000
5.448	5.000
5.708	5.000
5.995	5.000
6.311	5.000
6.656	5.000
7.032	5.000
7.442	5.000
7.884	5.000
8.362	5.000
8.877	5.000
9.429	5.000
10.02	5.000
10.65	5.000
11.33	5.000
12.04	5.000
12.80	5.000
13.61	5.000
14.47	5.000
15.38	5.000
16.34	5.000
17.35	5.000
18.42	4.000
19.54	4.000
20.72	4.000
21.97	4.000
23.28	4.000
24.65	4.000
26.10	4.000
27.61	4.000
29.20	4.000
30.86	4.000
32.60	4.000
34.42	4.000
36.32	4.000
38.31	4.000
40.39	4.000
42.56	4.000
44.83	4.000
47.20	4.000
49.67	4.000
52.24	4.000
54.92	4.000
57.72	4.000
60.64	4.000
63.68	3.000
66.84	3.000
70.13	3.000
73.56	3.000
77.13	3.000
80.84	3.000
84.71	3.000
88.73	3.000
92.91	3.000
97.26	3.000
101.8	3.000
106.5	3.000
111.4	3.000
116.5	3.000
121.7	3.000
127.2	3.000
132.9	2.000
138.9	2.000
145.0	2.000
151.4	2.000
158.1	2.000
165.0	2.000
172.1	2.000
179.6	2.000
187.3	2.000
195.3	2.000
203.6	2.000
212.3	2.000
221.2	2.000
230.5	2.000
240.1	2.000
250.0	2.000
260.3	2.000
270.9	2.000
281.9	2.000
293.3	2.000
305.1	2.000
317.2	2.000
329.7	2.000
342.6	1.000
355.8	1.000
369.5	1.000
383.5	1.000
397.9	1.000
412.7	1.000
427.9	1.000
443.5	1.000
459.3	1.000
475.7	1.000
492.2	1.000
509.2	1.000
526.5	1.000
544.3	1.000
562.3	1.000
580.6	1.000
599.3	1.000
618.3	1.000
637.6	1.000
657.2	1.000
677.1	1.000
697.3	1.000
717.7	1.000
738.5	1.000
 
 
E/N (Td)	Error code
1.766	0.000
2.137	0.000
2.446	0.000
2.702	0.000
2.920	0.000
3.108	0.000
3.273	0.000
3.418	0.000
3.546	0.000
3.660	0.000
3.761	0.000
3.852	0.000
3.932	0.000
4.004	0.000
4.068	0.000
4.125	0.000
4.128	7.000
4.150	7.000
4.411	7.000
4.413	7.000
4.409	7.000
4.151	7.000
3.985	7.000
4.066	7.000
4.140	7.000
4.709	7.000
4.147	7.000
4.155	7.000
4.160	7.000
4.151	7.000
4.215	7.000
4.157	7.000
5.258	7.000
4.147	7.000
4.122	7.000
5.301	7.000
5.630	7.000
4.136	7.000
5.506	7.000
4.163	7.000
4.433	7.000
6.014	7.000
4.170	7.000
4.523	7.000
4.140	7.000
4.176	7.000
6.749	7.000
4.168	7.000
4.200	7.000
4.171	7.000
4.152	7.000
4.881	7.000
4.177	7.000
4.158	7.000
4.451	7.000
4.158	7.000
4.180	7.000
4.539	7.000
4.150	7.000
4.349	7.000
4.156	7.000
2.468	7.000
4.038	7.000
4.119	7.000
2.644	7.000
4.081	7.000
3.663	7.000
2.768	7.000
3.736	7.000
4.041	7.000
4.069	7.000
3.099	7.000
3.902	7.000
4.162	7.000
4.130	7.000
4.000	7.000
4.078	7.000
4.176	7.000
4.154	7.000
3.691	7.000
4.185	7.000
4.156	7.000
4.257	7.000
4.374	7.000
4.093	7.000
4.178	0.000
4.272	0.000
4.382	0.000
4.509	0.000
4.653	0.000
4.818	0.000
5.005	0.000
5.214	0.000
5.448	0.000
5.708	0.000
5.995	0.000
6.311	0.000
6.656	0.000
7.032	0.000
7.442	0.000
7.884	0.000
8.362	0.000
8.877	0.000
9.429	0.000
10.02	0.000
10.65	0.000
11.33	0.000
12.04	0.000
12.80	0.000
13.61	0.000
14.47	0.000
15.38	0.000
16.34	0.000
17.35	0.000
18.42	0.000
19.54	0.000
20.72	0.000
21.97	0.000
23.28	0.000
24.65	0.000
26.10	0.000
27.61	0.000
29.20	0.000
30.86	0.000
32.60	0.000
34.42	0.000
36.32	0.000
38.31	0.000
40.39	0.000
42.56	0.000
44.83	0.000
47.20	0.000
49.67	0.000
52.24	0.000
54.92	0.000
57.72	0.000
60.64	0.000
63.68	0.000
66.84	0.000
70.13	0.000
73.56	0.000
77.13	0.000
80.84	0.000
84.71	0.000
88.73	0.000
92.91	0.000
97.26	0.000
101.8	0.000
106.5	0.000
111.4	0.000
116.5	0.000
121.7	0.000
127.2	0.000
132.9	0.000
138.9	0.000
145.0	0.000
151.4	0.000
158.1	0.000
165.0	0.000
172.1	0.000
179.6	0.000
187.3	0.000
195.3	0.000
203.6	0.000
212.3	0.000
221.2	0.000
230.5	0.000
240.1	0.000
250.0	0.000
260.3	0.000
270.9	0.000
281.9	0.000
293.3	0.000
305.1	0.000
317.2	0.000
329.7	0.000
342.6	0.000
355.8	0.000
369.5	0.000
383.5	0.000
397.9	0.000
412.7	0.000
427.9	0.000
443.5	0.000
459.3	0.000
475.7	0.000
492.2	0.000
509.2	0.000
526.5	0.000
544.3	0.000
562.3	0.000
580.6	0.000
599.3	0.000
618.3	0.000
637.6	0.000
657.2	0.000
677.1	0.000
697.3	0.000
717.7	0.000
738.5	0.000
 
 
C1    Ar    Elastic                                             
E/N (Td)	Rate coefficient (m3/s)
1.766	0.2362E-14
2.137	0.2421E-14
2.446	0.2482E-14
2.702	0.2544E-14
2.920	0.2609E-14
3.108	0.2676E-14
3.273	0.2745E-14
3.418	0.2816E-14
3.546	0.2890E-14
3.660	0.2965E-14
3.761	0.3043E-14
3.852	0.3124E-14
3.932	0.3207E-14
4.004	0.3292E-14
4.068	0.3381E-14
4.125	0.3471E-14
4.128	0.3478E-14
4.150	0.3516E-14
4.411	0.2443E-13
4.413	0.2444E-13
4.409	0.2442E-13
4.151	0.3519E-14
3.985	0.3269E-14
4.066	0.3377E-14
4.140	0.3498E-14
4.709	0.2587E-13
4.147	0.3510E-14
4.155	0.3527E-14
4.160	0.2286E-13
4.151	0.3518E-14
4.215	0.2325E-13
4.157	0.2284E-13
5.258	0.2795E-13
4.147	0.3510E-14
4.122	0.3467E-14
5.301	0.2810E-13
5.630	0.2913E-13
4.136	0.3491E-14
5.506	0.2875E-13
4.163	0.2288E-13
4.433	0.2455E-13
6.014	0.3021E-13
4.170	0.2293E-13
4.523	0.2501E-13
4.140	0.3497E-14
4.176	0.2298E-13
6.749	0.3206E-13
4.168	0.2292E-13
4.200	0.2314E-13
4.171	0.2294E-13
4.152	0.3520E-14
4.881	0.2659E-13
4.177	0.2299E-13
4.158	0.2284E-13
4.451	0.2465E-13
4.158	0.2285E-13
4.180	0.2300E-13
4.539	0.2509E-13
4.150	0.3516E-14
4.349	0.2409E-13
4.156	0.3528E-14
2.468	0.2486E-14
4.038	0.3338E-14
4.119	0.3462E-14
2.644	0.2529E-14
4.081	0.3400E-14
3.663	0.2968E-14
2.768	0.2563E-14
3.736	0.3023E-14
4.041	0.3342E-14
4.069	0.3383E-14
3.099	0.2672E-14
3.902	0.3174E-14
4.162	0.2287E-13
4.130	0.3481E-14
4.000	0.3288E-14
4.078	0.3395E-14
4.176	0.2298E-13
4.154	0.3524E-14
3.691	0.2988E-14
4.185	0.2304E-13
4.156	0.3528E-14
4.257	0.2353E-13
4.374	0.2423E-13
4.093	0.3418E-14
4.178	0.2299E-13
4.272	0.2362E-13
4.382	0.2427E-13
4.509	0.2494E-13
4.653	0.2563E-13
4.818	0.2634E-13
5.005	0.2706E-13
5.214	0.2781E-13
5.448	0.2857E-13
5.708	0.2936E-13
5.995	0.3016E-13
6.311	0.3099E-13
6.656	0.3184E-13
7.032	0.3271E-13
7.442	0.3360E-13
7.884	0.3451E-13
8.362	0.3545E-13
8.877	0.3641E-13
9.429	0.3740E-13
10.02	0.3841E-13
10.65	0.3944E-13
11.33	0.4050E-13
12.04	0.4158E-13
12.80	0.4269E-13
13.61	0.4382E-13
14.47	0.4498E-13
15.38	0.4616E-13
16.34	0.4738E-13
17.35	0.4861E-13
18.42	0.4988E-13
19.54	0.5117E-13
20.72	0.5249E-13
21.97	0.5384E-13
23.28	0.5521E-13
24.65	0.5662E-13
26.10	0.5805E-13
27.61	0.5951E-13
29.20	0.6099E-13
30.86	0.6251E-13
32.60	0.6405E-13
34.42	0.6562E-13
36.32	0.6722E-13
38.31	0.6885E-13
40.39	0.7050E-13
42.56	0.7219E-13
44.83	0.7390E-13
47.20	0.7564E-13
49.67	0.7741E-13
52.24	0.7920E-13
54.92	0.8102E-13
57.72	0.8287E-13
60.64	0.8475E-13
63.68	0.8665E-13
66.84	0.8858E-13
70.13	0.9054E-13
73.56	0.9252E-13
77.13	0.9452E-13
80.84	0.9655E-13
84.71	0.9861E-13
88.73	0.1007E-12
92.91	0.1028E-12
97.26	0.1049E-12
101.8	0.1071E-12
106.5	0.1092E-12
111.4	0.1114E-12
116.5	0.1136E-12
121.7	0.1158E-12
127.2	0.1181E-12
132.9	0.1203E-12
138.9	0.1226E-12
145.0	0.1249E-12
151.4	0.1271E-12
158.1	0.1294E-12
165.0	0.1317E-12
172.1	0.1341E-12
179.6	0.1364E-12
187.3	0.1387E-12
195.3	0.1410E-12
203.6	0.1433E-12
212.3	0.1456E-12
221.2	0.1480E-12
230.5	0.1503E-12
240.1	0.1525E-12
250.0	0.1548E-12
260.3	0.1571E-12
270.9	0.1593E-12
281.9	0.1615E-12
293.3	0.1637E-12
305.1	0.1659E-12
317.2	0.1680E-12
329.7	0.1701E-12
342.6	0.1722E-12
355.8	0.1743E-12
369.5	0.1763E-12
383.5	0.1782E-12
397.9	0.1802E-12
412.7	0.1820E-12
427.9	0.1839E-12
443.5	0.1857E-12
459.3	0.1874E-12
475.7	0.1891E-12
492.2	0.1907E-12
509.2	0.1923E-12
526.5	0.1938E-12
544.3	0.1953E-12
562.3	0.1967E-12
580.6	0.1981E-12
599.3	0.1995E-12
618.3	0.2007E-12
637.6	0.2019E-12
657.2	0.2031E-12
677.1	0.2042E-12
697.3	0.2053E-12
717.7	0.2063E-12
738.5	0.2072E-12
 
 
C2    Ar    Excitation    11.55 eV                              
E/N (Td)	Rate coefficient (m3/s)
1.766	0.000
2.137	0.000
2.446	0.000
2.702	0.000
2.920	0.000
3.108	0.000
3.273	0.000
3.418	0.000
3.546	0.000
3.660	0.000
3.761	0.000
3.852	0.000
3.932	0.000
4.004	0.000
4.068	0.000
4.125	0.000
4.128	0.000
4.150	0.000
4.411	0.2518E-18
4.413	0.2525E-18
4.409	0.2510E-18
4.151	0.000
3.985	0.000
4.066	0.000
4.140	0.000
4.709	0.3602E-18
4.147	0.000
4.155	0.000
4.160	0.1635E-18
4.151	0.000
4.215	0.1826E-18
4.157	0.1624E-18
5.258	0.5730E-18
4.147	0.000
4.122	0.000
5.301	0.5904E-18
5.630	0.7274E-18
4.136	0.000
5.506	0.6750E-18
4.163	0.1645E-18
4.433	0.2598E-18
6.014	0.8949E-18
4.170	0.1668E-18
4.523	0.2920E-18
4.140	0.000
4.176	0.1690E-18
6.749	0.1240E-17
4.168	0.1661E-18
4.200	0.1772E-18
4.171	0.1672E-18
4.152	0.000
4.881	0.4254E-18
4.177	0.1694E-18
4.158	0.1626E-18
4.451	0.2660E-18
4.158	0.1627E-18
4.180	0.1703E-18
4.539	0.2979E-18
4.150	0.000
4.349	0.2299E-18
4.156	0.000
2.468	0.000
4.038	0.000
4.119	0.000
2.644	0.000
4.081	0.000
3.663	0.000
2.768	0.000
3.736	0.000
4.041	0.000
4.069	0.000
3.099	0.000
3.902	0.000
4.162	0.1641E-18
4.130	0.000
4.000	0.000
4.078	0.000
4.176	0.1690E-18
4.154	0.000
3.691	0.000
4.185	0.1720E-18
4.156	0.000
4.257	0.1973E-18
4.374	0.2386E-18
4.093	0.000
4.178	0.1696E-18
4.272	0.2027E-18
4.382	0.2415E-18
4.509	0.2870E-18
4.653	0.3397E-18
4.818	0.4014E-18
5.005	0.4729E-18
5.214	0.5556E-18
5.448	0.6510E-18
5.708	0.7607E-18
5.995	0.8865E-18
6.311	0.1030E-17
6.656	0.1195E-17
7.032	0.1382E-17
7.442	0.1594E-17
7.884	0.1834E-17
8.362	0.2105E-17
8.877	0.2411E-17
9.429	0.2755E-17
10.02	0.3141E-17
10.65	0.3573E-17
11.33	0.4056E-17
12.04	0.4594E-17
12.80	0.5192E-17
13.61	0.5856E-17
14.47	0.6592E-17
15.38	0.7405E-17
16.34	0.8302E-17
17.35	0.9290E-17
18.42	0.1038E-16
19.54	0.1157E-16
20.72	0.1287E-16
21.97	0.1430E-16
23.28	0.1586E-16
24.65	0.1756E-16
26.10	0.1940E-16
27.61	0.2141E-16
29.20	0.2359E-16
30.86	0.2595E-16
32.60	0.2850E-16
34.42	0.3125E-16
36.32	0.3422E-16
38.31	0.3742E-16
40.39	0.4087E-16
42.56	0.4457E-16
44.83	0.4854E-16
47.20	0.5279E-16
49.67	0.5734E-16
52.24	0.6221E-16
54.92	0.6742E-16
57.72	0.7297E-16
60.64	0.7888E-16
63.68	0.8518E-16
66.84	0.9188E-16
70.13	0.9900E-16
73.56	0.1066E-15
77.13	0.1146E-15
80.84	0.1231E-15
84.71	0.1321E-15
88.73	0.1416E-15
92.91	0.1517E-15
97.26	0.1623E-15
101.8	0.1736E-15
106.5	0.1854E-15
111.4	0.1979E-15
116.5	0.2110E-15
121.7	0.2249E-15
127.2	0.2394E-15
132.9	0.2547E-15
138.9	0.2708E-15
145.0	0.2876E-15
151.4	0.3053E-15
158.1	0.3238E-15
165.0	0.3433E-15
172.1	0.3636E-15
179.6	0.3848E-15
187.3	0.4070E-15
195.3	0.4302E-15
203.6	0.4544E-15
212.3	0.4796E-15
221.2	0.5059E-15
230.5	0.5333E-15
240.1	0.5618E-15
250.0	0.5914E-15
260.3	0.6222E-15
270.9	0.6541E-15
281.9	0.6873E-15
293.3	0.7216E-15
305.1	0.7571E-15
317.2	0.7939E-15
329.7	0.8319E-15
342.6	0.8711E-15
355.8	0.9116E-15
369.5	0.9533E-15
383.5	0.9963E-15
397.9	0.1040E-14
412.7	0.1086E-14
427.9	0.1133E-14
443.5	0.1181E-14
459.3	0.1229E-14
475.7	0.1280E-14
492.2	0.1331E-14
509.2	0.1384E-14
526.5	0.1438E-14
544.3	0.1493E-14
562.3	0.1550E-14
580.6	0.1607E-14
599.3	0.1666E-14
618.3	0.1726E-14
637.6	0.1786E-14
657.2	0.1848E-14
677.1	0.1911E-14
697.3	0.1975E-14
717.7	0.2040E-14
738.5	0.2106E-14
 
 
C3    Ar    Excitation    13.00 eV                              
E/N (Td)	Rate coefficient (m3/s)
1.766	0.000
2.137	0.000
2.446	0.000
2.702	0.000
2.920	0.000
3.108	0.000
3.273	0.000
3.418	0.000
3.546	0.000
3.660	0.000
3.761	0.000
3.852	0.000
3.932	0.000
4.004	0.000
4.068	0.000
4.125	0.000
4.128	0.000
4.150	0.000
4.411	0.1139E-18
4.413	0.1143E-18
4.409	0.1135E-18
4.151	0.000
3.985	0.000
4.066	0.000
4.140	0.000
4.709	0.1696E-18
4.147	0.000
4.155	0.000
4.160	0.7043E-19
4.151	0.000
4.215	0.7965E-19
4.157	0.6993E-19
5.258	0.2843E-18
4.147	0.000
4.122	0.000
5.301	0.2939E-18
5.630	0.3708E-18
4.136	0.000
5.506	0.3412E-18
4.163	0.7091E-19
4.433	0.1179E-18
6.014	0.4670E-18
4.170	0.7201E-19
4.523	0.1343E-18
4.140	0.000
4.176	0.7308E-19
6.749	0.6716E-18
4.168	0.7168E-19
4.200	0.7703E-19
4.171	0.7223E-19
4.152	0.000
4.881	0.2041E-18
4.177	0.7329E-19
4.158	0.6999E-19
4.451	0.1210E-18
4.158	0.7008E-19
4.180	0.7372E-19
4.539	0.1373E-18
4.150	0.000
4.349	0.1029E-18
4.156	0.000
2.468	0.000
4.038	0.000
4.119	0.000
2.644	0.000
4.081	0.000
3.663	0.000
2.768	0.000
3.736	0.000
4.041	0.000
4.069	0.000
3.099	0.000
3.902	0.000
4.162	0.7072E-19
4.130	0.000
4.000	0.000
4.078	0.000
4.176	0.7309E-19
4.154	0.000
3.691	0.000
4.185	0.7453E-19
4.156	0.000
4.257	0.8682E-19
4.374	0.1073E-18
4.093	0.000
4.178	0.7335E-19
4.272	0.8945E-19
4.382	0.1087E-18
4.509	0.1317E-18
4.653	0.1589E-18
4.818	0.1913E-18
5.005	0.2296E-18
5.214	0.2748E-18
5.448	0.3277E-18
5.708	0.3898E-18
5.995	0.4622E-18
6.311	0.5465E-18
6.656	0.6443E-18
7.032	0.7575E-18
7.442	0.8882E-18
7.884	0.1039E-17
8.362	0.1211E-17
8.877	0.1409E-17
9.429	0.1635E-17
10.02	0.1892E-17
10.65	0.2185E-17
11.33	0.2517E-17
12.04	0.2892E-17
12.80	0.3316E-17
13.61	0.3793E-17
14.47	0.4329E-17
15.38	0.4930E-17
16.34	0.5602E-17
17.35	0.6353E-17
18.42	0.7190E-17
19.54	0.8121E-17
20.72	0.9154E-17
21.97	0.1030E-16
23.28	0.1157E-16
24.65	0.1296E-16
26.10	0.1451E-16
27.61	0.1620E-16
29.20	0.1807E-16
30.86	0.2011E-16
32.60	0.2235E-16
34.42	0.2480E-16
36.32	0.2747E-16
38.31	0.3038E-16
40.39	0.3356E-16
42.56	0.3701E-16
44.83	0.4076E-16
47.20	0.4482E-16
49.67	0.4923E-16
52.24	0.5400E-16
54.92	0.5915E-16
57.72	0.6471E-16
60.64	0.7071E-16
63.68	0.7718E-16
66.84	0.8414E-16
70.13	0.9162E-16
73.56	0.9966E-16
77.13	0.1083E-15
80.84	0.1175E-15
84.71	0.1275E-15
88.73	0.1381E-15
92.91	0.1494E-15
97.26	0.1616E-15
101.8	0.1745E-15
106.5	0.1884E-15
111.4	0.2031E-15
116.5	0.2188E-15
121.7	0.2356E-15
127.2	0.2534E-15
132.9	0.2724E-15
138.9	0.2926E-15
145.0	0.3140E-15
151.4	0.3367E-15
158.1	0.3608E-15
165.0	0.3864E-15
172.1	0.4135E-15
179.6	0.4422E-15
187.3	0.4725E-15
195.3	0.5046E-15
203.6	0.5386E-15
212.3	0.5744E-15
221.2	0.6121E-15
230.5	0.6519E-15
240.1	0.6939E-15
250.0	0.7380E-15
260.3	0.7844E-15
270.9	0.8331E-15
281.9	0.8842E-15
293.3	0.9378E-15
305.1	0.9939E-15
317.2	0.1053E-14
329.7	0.1114E-14
342.6	0.1178E-14
355.8	0.1245E-14
369.5	0.1314E-14
383.5	0.1386E-14
397.9	0.1461E-14
412.7	0.1539E-14
427.9	0.1619E-14
443.5	0.1702E-14
459.3	0.1788E-14
475.7	0.1877E-14
492.2	0.1968E-14
509.2	0.2062E-14
526.5	0.2158E-14
544.3	0.2258E-14
562.3	0.2359E-14
580.6	0.2463E-14
599.3	0.2570E-14
618.3	0.2679E-14
637.6	0.2790E-14
657.2	0.2903E-14
677.1	0.3019E-14
697.3	0.3136E-14
717.7	0.3255E-14
738.5	0.3377E-14
 
 
C4    Ar    Excitation    14.00 eV                              
E/N (Td)	Rate coefficient (m3/s)
1.766	0.000
2.137	0.000
2.446	0.000
2.702	0.000
2.920	0.000
3.108	0.000
3.273	0.000
3.418	0.000
3.546	0.000
3.660	0.000
3.761	0.000
3.852	0.000
3.932	0.000
4.004	0.000
4.068	0.000
4.125	0.000
4.128	0.000
4.150	0.000
4.411	0.2177E-19
4.413	0.2185E-19
4.409	0.2169E-19
4.151	0.000
3.985	0.000
4.066	0.000
4.140	0.000
4.709	0.3331E-19
4.147	0.000
4.155	0.000
4.160	0.1304E-19
4.151	0.000
4.215	0.1487E-19
4.157	0.1294E-19
5.258	0.5777E-19
4.147	0.000
4.122	0.000
5.301	0.5986E-19
5.630	0.7669E-19
4.136	0.000
5.506	0.7017E-19
4.163	0.1313E-19
4.433	0.2260E-19
6.014	0.9805E-19
4.170	0.1335E-19
4.523	0.2596E-19
4.140	0.000
4.176	0.1356E-19
6.749	0.1444E-18
4.168	0.1328E-19
4.200	0.1435E-19
4.171	0.1339E-19
4.152	0.000
4.881	0.4057E-19
4.177	0.1360E-19
4.158	0.1295E-19
4.451	0.2324E-19
4.158	0.1297E-19
4.180	0.1369E-19
4.539	0.2659E-19
4.150	0.000
4.349	0.1954E-19
4.156	0.000
2.468	0.000
4.038	0.000
4.119	0.000
2.644	0.000
4.081	0.000
3.663	0.000
2.768	0.000
3.736	0.000
4.041	0.000
4.069	0.000
3.099	0.000
3.902	0.000
4.162	0.1309E-19
4.130	0.000
4.000	0.000
4.078	0.000
4.176	0.1356E-19
4.154	0.000
3.691	0.000
4.185	0.1385E-19
4.156	0.000
4.257	0.1630E-19
4.374	0.2043E-19
4.093	0.000
4.178	0.1361E-19
4.272	0.1683E-19
4.382	0.2073E-19
4.509	0.2544E-19
4.653	0.3107E-19
4.818	0.3787E-19
5.005	0.4601E-19
5.214	0.5571E-19
5.448	0.6723E-19
5.708	0.8087E-19
5.995	0.9697E-19
6.311	0.1159E-18
6.656	0.1381E-18
7.032	0.1641E-18
7.442	0.1944E-18
7.884	0.2297E-18
8.362	0.2706E-18
8.877	0.3178E-18
9.429	0.3723E-18
10.02	0.4350E-18
10.65	0.5068E-18
11.33	0.5891E-18
12.04	0.6829E-18
12.80	0.7898E-18
13.61	0.9111E-18
14.47	0.1049E-17
15.38	0.1204E-17
16.34	0.1379E-17
17.35	0.1577E-17
18.42	0.1799E-17
19.54	0.2047E-17
20.72	0.2325E-17
21.97	0.2635E-17
23.28	0.2981E-17
24.65	0.3366E-17
26.10	0.3793E-17
27.61	0.4266E-17
29.20	0.4789E-17
30.86	0.5367E-17
32.60	0.6005E-17
34.42	0.6707E-17
36.32	0.7478E-17
38.31	0.8325E-17
40.39	0.9254E-17
42.56	0.1027E-16
44.83	0.1138E-16
47.20	0.1259E-16
49.67	0.1392E-16
52.24	0.1536E-16
54.92	0.1692E-16
57.72	0.1863E-16
60.64	0.2047E-16
63.68	0.2248E-16
66.84	0.2465E-16
70.13	0.2700E-16
73.56	0.2953E-16
77.13	0.3228E-16
80.84	0.3524E-16
84.71	0.3843E-16
88.73	0.4187E-16
92.91	0.4557E-16
97.26	0.4956E-16
101.8	0.5384E-16
106.5	0.5844E-16
111.4	0.6339E-16
116.5	0.6869E-16
121.7	0.7438E-16
127.2	0.8048E-16
132.9	0.8701E-16
138.9	0.9401E-16
145.0	0.1015E-15
151.4	0.1095E-15
158.1	0.1181E-15
165.0	0.1272E-15
172.1	0.1370E-15
179.6	0.1474E-15
187.3	0.1585E-15
195.3	0.1704E-15
203.6	0.1830E-15
212.3	0.1964E-15
221.2	0.2108E-15
230.5	0.2260E-15
240.1	0.2422E-15
250.0	0.2594E-15
260.3	0.2776E-15
270.9	0.2970E-15
281.9	0.3175E-15
293.3	0.3392E-15
305.1	0.3622E-15
317.2	0.3865E-15
329.7	0.4121E-15
342.6	0.4392E-15
355.8	0.4677E-15
369.5	0.4977E-15
383.5	0.5292E-15
397.9	0.5624E-15
412.7	0.5971E-15
427.9	0.6335E-15
443.5	0.6716E-15
459.3	0.7113E-15
475.7	0.7530E-15
492.2	0.7962E-15
509.2	0.8415E-15
526.5	0.8883E-15
544.3	0.9373E-15
562.3	0.9880E-15
580.6	0.1040E-14
599.3	0.1095E-14
618.3	0.1151E-14
637.6	0.1210E-14
657.2	0.1270E-14
677.1	0.1332E-14
697.3	0.1396E-14
717.7	0.1461E-14
738.5	0.1529E-14
 
 
C5    Ar    Ionization    15.70 eV                              
E/N (Td)	Rate coefficient (m3/s)
1.766	0.000
2.137	0.000
2.446	0.000
2.702	0.000
2.920	0.000
3.108	0.000
3.273	0.000
3.418	0.000
3.546	0.000
3.660	0.000
3.761	0.000
3.852	0.000
3.932	0.000
4.004	0.000
4.068	0.000
4.125	0.000
4.128	0.000
4.150	0.000
4.411	0.1988E-19
4.413	0.1996E-19
4.409	0.1979E-19
4.151	0.000
3.985	0.000
4.066	0.000
4.140	0.000
4.709	0.3214E-19
4.147	0.000
4.155	0.000
4.160	0.1114E-19
4.151	0.000
4.215	0.1292E-19
4.157	0.1104E-19
5.258	0.5990E-19
4.147	0.000
4.122	0.000
5.301	0.6236E-19
5.630	0.8253E-19
4.136	0.000
5.506	0.7464E-19
4.163	0.1123E-19
4.433	0.2073E-19
6.014	0.1090E-18
4.170	0.1144E-19
4.523	0.2425E-19
4.140	0.000
4.176	0.1164E-19
6.749	0.1690E-18
4.168	0.1138E-19
4.200	0.1241E-19
4.171	0.1148E-19
4.152	0.000
4.881	0.4017E-19
4.177	0.1169E-19
4.158	0.1105E-19
4.451	0.2139E-19
4.158	0.1107E-19
4.180	0.1177E-19
4.539	0.2491E-19
4.150	0.000
4.349	0.1759E-19
4.156	0.000
2.468	0.000
4.038	0.000
4.119	0.000
2.644	0.000
4.081	0.000
3.663	0.000
2.768	0.000
3.736	0.000
4.041	0.000
4.069	0.000
3.099	0.000
3.902	0.000
4.162	0.1119E-19
4.130	0.000
4.000	0.000
4.078	0.000
4.176	0.1164E-19
4.154	0.000
3.691	0.000
4.185	0.1192E-19
4.156	0.000
4.257	0.1433E-19
4.374	0.1850E-19
4.093	0.000
4.178	0.1170E-19
4.272	0.1486E-19
4.382	0.1880E-19
4.509	0.2369E-19
4.653	0.2971E-19
4.818	0.3716E-19
5.005	0.4630E-19
5.214	0.5748E-19
5.448	0.7110E-19
5.708	0.8764E-19
5.995	0.1076E-18
6.311	0.1317E-18
6.656	0.1607E-18
7.032	0.1954E-18
7.442	0.2367E-18
7.884	0.2859E-18
8.362	0.3443E-18
8.877	0.4133E-18
9.429	0.4946E-18
10.02	0.5902E-18
10.65	0.7021E-18
11.33	0.8330E-18
12.04	0.9854E-18
12.80	0.1163E-17
13.61	0.1368E-17
14.47	0.1605E-17
15.38	0.1879E-17
16.34	0.2194E-17
17.35	0.2555E-17
18.42	0.2969E-17
19.54	0.3441E-17
20.72	0.3980E-17
21.97	0.4592E-17
23.28	0.5288E-17
24.65	0.6075E-17
26.10	0.6964E-17
27.61	0.7968E-17
29.20	0.9098E-17
30.86	0.1037E-16
32.60	0.1179E-16
34.42	0.1339E-16
36.32	0.1518E-16
38.31	0.1717E-16
40.39	0.1939E-16
42.56	0.2186E-16
44.83	0.2461E-16
47.20	0.2766E-16
49.67	0.3105E-16
52.24	0.3479E-16
54.92	0.3893E-16
57.72	0.4350E-16
60.64	0.4854E-16
63.68	0.5410E-16
66.84	0.6021E-16
70.13	0.6693E-16
73.56	0.7432E-16
77.13	0.8243E-16
80.84	0.9131E-16
84.71	0.1011E-15
88.73	0.1117E-15
92.91	0.1234E-15
97.26	0.1361E-15
101.8	0.1500E-15
106.5	0.1652E-15
111.4	0.1818E-15
116.5	0.1999E-15
121.7	0.2196E-15
127.2	0.2410E-15
132.9	0.2643E-15
138.9	0.2897E-15
145.0	0.3173E-15
151.4	0.3472E-15
158.1	0.3798E-15
165.0	0.4151E-15
172.1	0.4534E-15
179.6	0.4949E-15
187.3	0.5398E-15
195.3	0.5885E-15
203.6	0.6412E-15
212.3	0.6982E-15
221.2	0.7598E-15
230.5	0.8263E-15
240.1	0.8981E-15
250.0	0.9754E-15
260.3	0.1059E-14
270.9	0.1148E-14
281.9	0.1245E-14
293.3	0.1348E-14
305.1	0.1459E-14
317.2	0.1578E-14
329.7	0.1706E-14
342.6	0.1842E-14
355.8	0.1987E-14
369.5	0.2142E-14
383.5	0.2306E-14
397.9	0.2481E-14
412.7	0.2667E-14
427.9	0.2863E-14
443.5	0.3071E-14
459.3	0.3290E-14
475.7	0.3523E-14
492.2	0.3765E-14
509.2	0.4022E-14
526.5	0.4290E-14
544.3	0.4573E-14
562.3	0.4868E-14
580.6	0.5175E-14
599.3	0.5497E-14
618.3	0.5832E-14
637.6	0.6179E-14
657.2	0.6541E-14
677.1	0.6917E-14
697.3	0.7306E-14
717.7	0.7707E-14
738.5	0.8123E-14
 
 
C6    Ar*    Ionization    4.20 eV                              
E/N (Td)	Rate coefficient (m3/s)
1.766	0.6564E-20
2.137	0.8663E-20
2.446	0.1138E-19
2.702	0.1489E-19
2.920	0.1939E-19
3.108	0.2515E-19
3.273	0.3248E-19
3.418	0.4176E-19
3.546	0.5349E-19
3.660	0.6823E-19
3.761	0.8669E-19
3.852	0.1097E-18
3.932	0.1383E-18
4.004	0.1738E-18
4.068	0.2175E-18
4.125	0.2712E-18
4.128	0.2755E-18
4.150	0.3012E-18
4.411	0.3225E-14
4.413	0.3229E-14
4.409	0.3221E-14
4.151	0.3035E-18
3.985	0.1634E-18
4.066	0.2158E-18
4.140	0.2891E-18
4.709	0.3724E-14
4.147	0.2974E-18
4.155	0.3089E-18
4.160	0.2712E-14
4.151	0.3029E-18
4.215	0.2835E-14
4.157	0.2705E-14
5.258	0.4491E-14
4.147	0.2975E-18
4.122	0.2684E-18
5.301	0.4546E-14
5.630	0.4947E-14
4.136	0.2843E-18
5.506	0.4799E-14
4.163	0.2719E-14
4.433	0.3266E-14
6.014	0.5380E-14
4.170	0.2734E-14
4.523	0.3423E-14
4.140	0.2886E-18
4.176	0.2748E-14
6.749	0.6143E-14
4.168	0.2729E-14
4.200	0.2801E-14
4.171	0.2737E-14
4.152	0.3041E-18
4.881	0.3982E-14
4.177	0.2751E-14
4.158	0.2706E-14
4.451	0.3297E-14
4.158	0.2707E-14
4.180	0.2757E-14
4.539	0.3450E-14
4.150	0.3013E-18
4.349	0.3109E-14
4.156	0.3100E-18
2.468	0.1163E-19
4.038	0.1955E-18
4.119	0.2653E-18
2.644	0.1395E-19
4.081	0.2282E-18
3.663	0.6875E-19
2.768	0.1607E-19
3.736	0.8144E-19
4.041	0.1973E-18
4.069	0.2187E-18
3.099	0.2480E-19
3.902	0.1264E-18
4.162	0.2716E-14
4.130	0.2776E-18
4.000	0.1716E-18
4.078	0.2255E-18
4.176	0.2748E-14
4.154	0.3070E-18
3.691	0.7329E-19
4.185	0.2768E-14
4.156	0.3099E-18
4.257	0.2924E-14
4.374	0.3156E-14
4.093	0.2386E-18
4.178	0.2752E-14
4.272	0.2956E-14
4.382	0.3172E-14
4.509	0.3399E-14
4.653	0.3638E-14
4.818	0.3890E-14
5.005	0.4156E-14
5.214	0.4436E-14
5.448	0.4729E-14
5.708	0.5037E-14
5.995	0.5360E-14
6.311	0.5697E-14
6.656	0.6051E-14
7.032	0.6420E-14
7.442	0.6805E-14
7.884	0.7206E-14
8.362	0.7625E-14
8.877	0.8060E-14
9.429	0.8514E-14
10.02	0.8985E-14
10.65	0.9474E-14
11.33	0.9981E-14
12.04	0.1051E-13
12.80	0.1105E-13
13.61	0.1162E-13
14.47	0.1220E-13
15.38	0.1280E-13
16.34	0.1343E-13
17.35	0.1407E-13
18.42	0.1473E-13
19.54	0.1541E-13
20.72	0.1612E-13
21.97	0.1684E-13
23.28	0.1759E-13
24.65	0.1835E-13
26.10	0.1914E-13
27.61	0.1995E-13
29.20	0.2078E-13
30.86	0.2163E-13
32.60	0.2250E-13
34.42	0.2339E-13
36.32	0.2431E-13
38.31	0.2525E-13
40.39	0.2620E-13
42.56	0.2718E-13
44.83	0.2818E-13
47.20	0.2920E-13
49.67	0.3025E-13
52.24	0.3131E-13
54.92	0.3240E-13
57.72	0.3350E-13
60.64	0.3463E-13
63.68	0.3578E-13
66.84	0.3695E-13
70.13	0.3814E-13
73.56	0.3936E-13
77.13	0.4059E-13
80.84	0.4184E-13
84.71	0.4311E-13
88.73	0.4441E-13
92.91	0.4572E-13
97.26	0.4705E-13
101.8	0.4840E-13
106.5	0.4978E-13
111.4	0.5116E-13
116.5	0.5257E-13
121.7	0.5400E-13
127.2	0.5544E-13
132.9	0.5690E-13
138.9	0.5838E-13
145.0	0.5988E-13
151.4	0.6139E-13
158.1	0.6291E-13
165.0	0.6445E-13
172.1	0.6601E-13
179.6	0.6757E-13
187.3	0.6915E-13
195.3	0.7075E-13
203.6	0.7235E-13
212.3	0.7397E-13
221.2	0.7559E-13
230.5	0.7723E-13
240.1	0.7887E-13
250.0	0.8052E-13
260.3	0.8217E-13
270.9	0.8384E-13
281.9	0.8550E-13
293.3	0.8717E-13
305.1	0.8885E-13
317.2	0.9052E-13
329.7	0.9220E-13
342.6	0.9387E-13
355.8	0.9555E-13
369.5	0.9722E-13
383.5	0.9889E-13
397.9	0.1006E-12
412.7	0.1022E-12
427.9	0.1039E-12
443.5	0.1055E-12
459.3	0.1072E-12
475.7	0.1088E-12
492.2	0.1104E-12
509.2	0.1121E-12
526.5	0.1137E-12
544.3	0.1153E-12
562.3	0.1169E-12
580.6	0.1185E-12
599.3	0.1201E-12
618.3	0.1216E-12
637.6	0.1232E-12
657.2	0.1247E-12
677.1	0.1263E-12
697.3	0.1278E-12
717.7	0.1293E-12
738.5	0.1308E-12
 
 
Ar                                                              
E/N (Td)	Inelastic energy loss coefficient (eV m3/s)
1.766	-0.9131E-33
2.137	-0.9218E-33
2.446	-0.9307E-33
2.702	-0.9396E-33
2.920	-0.9486E-33
3.108	-0.9578E-33
3.273	-0.9670E-33
3.418	-0.9763E-33
3.546	-0.9857E-33
3.660	-0.9952E-33
3.761	-0.1005E-32
3.852	-0.1015E-32
3.932	-0.1024E-32
4.004	-0.1034E-32
4.068	-0.1044E-32
4.125	-0.1055E-32
4.128	-0.1055E-32
4.150	-0.1060E-32
4.411	0.5005E-17
4.413	0.5021E-17
4.409	0.4989E-17
4.151	-0.1060E-32
3.985	-0.1032E-32
4.066	-0.1044E-32
4.140	-0.1058E-32
4.709	0.7337E-17
4.147	-0.1059E-32
4.155	-0.1061E-32
4.160	0.3161E-17
4.151	-0.1060E-32
4.215	0.3555E-17
4.157	0.3140E-17
5.258	0.1206E-16
4.147	-0.1059E-32
4.122	-0.1054E-32
5.301	0.1246E-16
5.630	0.1559E-16
4.136	-0.1057E-32
5.506	0.1439E-16
4.163	0.3182E-17
4.433	0.5175E-17
6.014	0.1949E-16
4.170	0.3229E-17
4.523	0.5863E-17
4.140	-0.1058E-32
4.176	0.3274E-17
6.749	0.2773E-16
4.168	0.3215E-17
4.200	0.3444E-17
4.171	0.3238E-17
4.152	-0.1060E-32
4.881	0.8765E-17
4.177	0.3284E-17
4.158	0.3142E-17
4.451	0.5307E-17
4.158	0.3146E-17
4.180	0.3302E-17
4.539	0.5990E-17
4.150	-0.1060E-32
4.349	0.4543E-17
4.156	-0.1061E-32
2.468	-0.9314E-33
4.038	-0.1040E-32
4.119	-0.1054E-32
2.644	-0.9374E-33
4.081	-0.1047E-32
3.663	-0.9955E-33
2.768	-0.9422E-33
3.736	-0.1002E-32
4.041	-0.1040E-32
4.069	-0.1045E-32
3.099	-0.9572E-33
3.902	-0.1021E-32
4.162	0.3174E-17
4.130	-0.1056E-32
4.000	-0.1034E-32
4.078	-0.1046E-32
4.176	0.3275E-17
4.154	-0.1060E-32
3.691	-0.9981E-33
4.185	0.3337E-17
4.156	-0.1061E-32
4.257	0.3861E-17
4.374	0.4727E-17
4.093	-0.1049E-32
4.178	0.3286E-17
4.272	0.3973E-17
4.382	0.4789E-17
4.509	0.5756E-17
4.653	0.6891E-17
4.818	0.8237E-17
5.005	0.9819E-17
5.214	0.1167E-16
5.448	0.1384E-16
5.708	0.1636E-16
5.995	0.1930E-16
6.311	0.2270E-16
6.656	0.2663E-16
7.032	0.3117E-16
7.442	0.3639E-16
7.884	0.4239E-16
8.362	0.4926E-16
8.877	0.5711E-16
9.429	0.6606E-16
10.02	0.7624E-16
10.65	0.8780E-16
11.33	0.1009E-15
12.04	0.1157E-15
12.80	0.1324E-15
13.61	0.1512E-15
14.47	0.1723E-15
15.38	0.1960E-15
16.34	0.2225E-15
17.35	0.2521E-15
18.42	0.2851E-15
19.54	0.3219E-15
20.72	0.3627E-15
21.97	0.4081E-15
23.28	0.4583E-15
24.65	0.5138E-15
26.10	0.5752E-15
27.61	0.6428E-15
29.20	0.7172E-15
30.86	0.7991E-15
32.60	0.8889E-15
34.42	0.9875E-15
36.32	0.1095E-14
38.31	0.1213E-14
40.39	0.1342E-14
42.56	0.1483E-14
44.83	0.1636E-14
47.20	0.1803E-14
49.67	0.1985E-14
52.24	0.2182E-14
54.92	0.2396E-14
57.72	0.2628E-14
60.64	0.2879E-14
63.68	0.3151E-14
66.84	0.3446E-14
70.13	0.3763E-14
73.56	0.4107E-14
77.13	0.4477E-14
80.84	0.4877E-14
84.71	0.5307E-14
88.73	0.5771E-14
92.91	0.6270E-14
97.26	0.6806E-14
101.8	0.7383E-14
106.5	0.8003E-14
111.4	0.8668E-14
116.5	0.9382E-14
121.7	0.1015E-13
127.2	0.1097E-13
132.9	0.1185E-13
138.9	0.1280E-13
145.0	0.1381E-13
151.4	0.1489E-13
158.1	0.1605E-13
165.0	0.1729E-13
172.1	0.1861E-13
179.6	0.2003E-13
187.3	0.2154E-13
195.3	0.2315E-13
203.6	0.2488E-13
212.3	0.2672E-13
221.2	0.2868E-13
230.5	0.3077E-13
240.1	0.3300E-13
250.0	0.3537E-13
260.3	0.3789E-13
270.9	0.4057E-13
281.9	0.4342E-13
293.3	0.4644E-13
305.1	0.4965E-13
317.2	0.5304E-13
329.7	0.5664E-13
342.6	0.6044E-13
355.8	0.6445E-13
369.5	0.6868E-13
383.5	0.7315E-13
397.9	0.7784E-13
412.7	0.8278E-13
427.9	0.8796E-13
443.5	0.9339E-13
459.3	0.9906E-13
475.7	0.1050E-12
492.2	0.1112E-12
509.2	0.1177E-12
526.5	0.1245E-12
544.3	0.1315E-12
562.3	0.1388E-12
580.6	0.1464E-12
599.3	0.1543E-12
618.3	0.1624E-12
637.6	0.1709E-12
657.2	0.1796E-12
677.1	0.1886E-12
697.3	0.1978E-12
717.7	0.2074E-12
738.5	0.2172E-12
 
 
Ar*                                                             
E/N (Td)	Inelastic energy loss coefficient (eV m3/s)
1.766	0.2757E-19
2.137	0.3639E-19
2.446	0.4781E-19
2.702	0.6254E-19
2.920	0.8145E-19
3.108	0.1056E-18
3.273	0.1364E-18
3.418	0.1754E-18
3.546	0.2247E-18
3.660	0.2866E-18
3.761	0.3641E-18
3.852	0.4608E-18
3.932	0.5810E-18
4.004	0.7299E-18
4.068	0.9134E-18
4.125	0.1139E-17
4.128	0.1157E-17
4.150	0.1265E-17
4.411	0.1354E-13
4.413	0.1356E-13
4.409	0.1353E-13
4.151	0.1275E-17
3.985	0.6862E-18
4.066	0.9062E-18
4.140	0.1214E-17
4.709	0.1564E-13
4.147	0.1249E-17
4.155	0.1297E-17
4.160	0.1139E-13
4.151	0.1272E-17
4.215	0.1191E-13
4.157	0.1136E-13
5.258	0.1886E-13
4.147	0.1249E-17
4.122	0.1127E-17
5.301	0.1909E-13
5.630	0.2078E-13
4.136	0.1194E-17
5.506	0.2016E-13
4.163	0.1142E-13
4.433	0.1372E-13
6.014	0.2260E-13
4.170	0.1148E-13
4.523	0.1438E-13
4.140	0.1212E-17
4.176	0.1154E-13
6.749	0.2580E-13
4.168	0.1146E-13
4.200	0.1176E-13
4.171	0.1149E-13
4.152	0.1277E-17
4.881	0.1673E-13
4.177	0.1156E-13
4.158	0.1136E-13
4.451	0.1385E-13
4.158	0.1137E-13
4.180	0.1158E-13
4.539	0.1449E-13
4.150	0.1265E-17
4.349	0.1306E-13
4.156	0.1302E-17
2.468	0.4883E-19
4.038	0.8212E-18
4.119	0.1114E-17
2.644	0.5859E-19
4.081	0.9586E-18
3.663	0.2887E-18
2.768	0.6749E-19
3.736	0.3421E-18
4.041	0.8289E-18
4.069	0.9185E-18
3.099	0.1041E-18
3.902	0.5307E-18
4.162	0.1141E-13
4.130	0.1166E-17
4.000	0.7207E-18
4.078	0.9469E-18
4.176	0.1154E-13
4.154	0.1289E-17
3.691	0.3078E-18
4.185	0.1162E-13
4.156	0.1301E-17
4.257	0.1228E-13
4.374	0.1326E-13
4.093	0.1002E-17
4.178	0.1156E-13
4.272	0.1241E-13
4.382	0.1332E-13
4.509	0.1428E-13
4.653	0.1528E-13
4.818	0.1634E-13
5.005	0.1746E-13
5.214	0.1863E-13
5.448	0.1986E-13
5.708	0.2116E-13
5.995	0.2251E-13
6.311	0.2393E-13
6.656	0.2541E-13
7.032	0.2696E-13
7.442	0.2858E-13
7.884	0.3027E-13
8.362	0.3202E-13
8.877	0.3385E-13
9.429	0.3576E-13
10.02	0.3774E-13
10.65	0.3979E-13
11.33	0.4192E-13
12.04	0.4413E-13
12.80	0.4642E-13
13.61	0.4879E-13
14.47	0.5124E-13
15.38	0.5377E-13
16.34	0.5639E-13
17.35	0.5909E-13
18.42	0.6187E-13
19.54	0.6474E-13
20.72	0.6770E-13
21.97	0.7074E-13
23.28	0.7387E-13
24.65	0.7709E-13
26.10	0.8039E-13
27.61	0.8379E-13
29.20	0.8727E-13
30.86	0.9084E-13
32.60	0.9451E-13
34.42	0.9826E-13
36.32	0.1021E-12
38.31	0.1060E-12
40.39	0.1101E-12
42.56	0.1142E-12
44.83	0.1184E-12
47.20	0.1227E-12
49.67	0.1270E-12
52.24	0.1315E-12
54.92	0.1361E-12
57.72	0.1407E-12
60.64	0.1455E-12
63.68	0.1503E-12
66.84	0.1552E-12
70.13	0.1602E-12
73.56	0.1653E-12
77.13	0.1705E-12
80.84	0.1757E-12
84.71	0.1811E-12
88.73	0.1865E-12
92.91	0.1920E-12
97.26	0.1976E-12
101.8	0.2033E-12
106.5	0.2091E-12
111.4	0.2149E-12
116.5	0.2208E-12
121.7	0.2268E-12
127.2	0.2329E-12
132.9	0.2390E-12
138.9	0.2452E-12
145.0	0.2515E-12
151.4	0.2578E-12
158.1	0.2642E-12
165.0	0.2707E-12
172.1	0.2772E-12
179.6	0.2838E-12
187.3	0.2904E-12
195.3	0.2971E-12
203.6	0.3039E-12
212.3	0.3107E-12
221.2	0.3175E-12
230.5	0.3244E-12
240.1	0.3312E-12
250.0	0.3382E-12
260.3	0.3451E-12
270.9	0.3521E-12
281.9	0.3591E-12
293.3	0.3661E-12
305.1	0.3732E-12
317.2	0.3802E-12
329.7	0.3872E-12
342.6	0.3943E-12
355.8	0.4013E-12
369.5	0.4083E-12
383.5	0.4153E-12
397.9	0.4223E-12
412.7	0.4293E-12
427.9	0.4363E-12
443.5	0.4432E-12
459.3	0.4501E-12
475.7	0.4570E-12
492.2	0.4638E-12
509.2	0.4707E-12
526.5	0.4775E-12
544.3	0.4842E-12
562.3	0.4909E-12
580.6	0.4976E-12
599.3	0.5042E-12
618.3	0.5108E-12
637.6	0.5174E-12
657.2	0.5239E-12
677.1	0.5303E-12
697.3	0.5367E-12
717.7	0.5431E-12
738.5	0.5494E-12
 
 
