BOLSIG+ version: 03/2016
Collision input data:
--------------------------------------------------
Ar                                                              
crs-Biagi_v7.1+step.txt
--------------------------------------------------
Ar*                                                             
crs-Biagi_v7.1+step.txt
 
 
 
Angular frequency / N (m3/s)               0.000    
Cosine of E-B field angle                  0.000    
Gas temperature (K)                        3000.    
Excitation temperature (K)                 3000.    
Transition energy (eV)                     0.000    
Ionization degree                         0.1000E-06
Plasma density (1/m3)                     0.8000E+17
Ion charge parameter                       1.000    
Ion/neutral mass ratio                     1.000    
e-e momentum effects                       1.000    
Energy sharing                             1.000    
Growth model                               1.000    
Maxwellian mean energy (eV)                0.000    
# of grid points                           200.0    
Grid type                                  0.000    
Maximum energy                             200.0    
Precision                                 0.1000E-09
Convergence                               0.1000E-03
Maximum # of iterations                    1000.    
Mole fraction Ar                           1.000    
Mole fraction Ar*                         0.1000E-04
 
 
E/N (Td)    	Electric field / N (Td)                                         
0.3447E-02	0.3447E-02
0.4779E-02	0.4779E-02
0.5955E-02	0.5955E-02
0.7079E-02	0.7079E-02
0.8187E-02	0.8187E-02
0.9296E-02	0.9296E-02
0.1042E-01	0.1042E-01
0.1156E-01	0.1156E-01
0.1274E-01	0.1274E-01
0.1397E-01	0.1397E-01
0.1524E-01	0.1524E-01
0.1657E-01	0.1657E-01
0.1799E-01	0.1799E-01
0.1944E-01	0.1944E-01
0.2096E-01	0.2096E-01
0.2255E-01	0.2255E-01
0.2423E-01	0.2423E-01
0.2599E-01	0.2599E-01
0.2784E-01	0.2784E-01
0.2980E-01	0.2980E-01
0.3186E-01	0.3186E-01
0.3403E-01	0.3403E-01
0.3632E-01	0.3632E-01
0.3875E-01	0.3875E-01
0.4131E-01	0.4131E-01
0.4402E-01	0.4402E-01
0.4690E-01	0.4690E-01
0.4985E-01	0.4985E-01
0.5307E-01	0.5307E-01
0.5649E-01	0.5649E-01
0.6013E-01	0.6013E-01
0.6399E-01	0.6399E-01
0.6811E-01	0.6811E-01
0.7250E-01	0.7250E-01
0.7717E-01	0.7717E-01
0.8216E-01	0.8216E-01
0.8747E-01	0.8747E-01
0.9315E-01	0.9315E-01
0.9922E-01	0.9922E-01
0.1057	0.1057
0.1126	0.1126
0.1200	0.1200
0.1279	0.1279
0.1363	0.1363
0.1453	0.1453
0.1549	0.1549
0.1651	0.1651
0.1759	0.1759
0.1875	0.1875
0.1997	0.1997
0.2126	0.2126
0.2264	0.2264
0.2409	0.2409
0.2563	0.2563
0.2726	0.2726
0.2898	0.2898
0.3080	0.3080
0.3272	0.3272
0.3475	0.3475
0.3689	0.3689
0.3916	0.3916
0.4155	0.4155
0.4409	0.4409
0.4676	0.4676
0.4960	0.4960
0.5260	0.5260
0.5578	0.5578
0.5915	0.5915
0.6271	0.6271
0.6650	0.6650
0.7051	0.7051
0.7476	0.7476
0.7928	0.7928
0.8407	0.8407
0.8916	0.8916
0.9456	0.9456
1.003	1.003
1.064	1.064
1.129	1.129
1.197	1.197
1.270	1.270
1.348	1.348
1.430	1.430
1.517	1.517
1.609	1.609
1.707	1.707
1.811	1.811
1.920	1.920
2.036	2.036
2.159	2.159
2.289	2.289
2.426	2.426
2.573	2.573
2.729	2.729
2.895	2.895
3.073	3.073
3.266	3.266
3.478	3.478
3.712	3.712
3.976	3.976
4.281	4.281
4.641	4.641
5.082	5.082
5.648	5.648
6.417	6.417
7.535	7.535
9.268	9.268
11.97	11.97
15.87	15.87
20.98	20.98
27.27	27.27
34.73	34.73
43.44	43.44
53.44	53.44
64.80	64.80
77.50	77.50
91.72	91.72
107.3	107.3
124.1	124.1
142.3	142.3
161.6	161.6
182.0	182.0
203.4	203.4
225.7	225.7
248.9	248.9
272.9	272.9
297.6	297.6
322.8	322.8
348.8	348.8
375.4	375.4
402.4	402.4
429.9	429.9
457.8	457.8
486.3	486.3
515.2	515.2
544.5	544.5
574.3	574.3
604.4	604.4
634.9	634.9
665.7	665.7
697.0	697.0
728.7	728.7
760.7	760.7
793.2	793.2
826.0	826.0
859.2	859.2
892.8	892.8
926.9	926.9
961.3	961.3
996.1	996.1
1031.	1031.
1067.	1067.
1103.	1103.
1140.	1140.
1177.	1177.
1215.	1215.
1253.	1253.
1292.	1292.
1331.	1331.
1370.	1370.
1411.	1411.
1451.	1451.
1493.	1493.
1535.	1535.
1577.	1577.
1621.	1621.
1664.	1664.
1709.	1709.
1754.	1754.
1800.	1800.
1847.	1847.
1894.	1894.
1942.	1942.
1990.	1990.
2040.	2040.
2090.	2090.
2141.	2141.
2193.	2193.
2246.	2246.
2299.	2299.
2353.	2353.
2408.	2408.
2464.	2464.
2521.	2521.
2579.	2579.
2637.	2637.
2697.	2697.
2757.	2757.
2818.	2818.
2880.	2880.
2944.	2944.
3008.	3008.
3073.	3073.
3139.	3139.
3205.	3205.
3274.	3274.
3342.	3342.
3412.	3412.
3483.	3483.
3555.	3555.
 
 
E/N (Td)	Mean energy (eV)
0.3447E-02	0.4000
0.4779E-02	0.4098
0.5955E-02	0.4199
0.7079E-02	0.4302
0.8187E-02	0.4408
0.9296E-02	0.4516
0.1042E-01	0.4627
0.1156E-01	0.4740
0.1274E-01	0.4857
0.1397E-01	0.4976
0.1524E-01	0.5098
0.1657E-01	0.5224
0.1799E-01	0.5352
0.1944E-01	0.5483
0.2096E-01	0.5618
0.2255E-01	0.5756
0.2423E-01	0.5897
0.2599E-01	0.6042
0.2784E-01	0.6191
0.2980E-01	0.6343
0.3186E-01	0.6498
0.3403E-01	0.6658
0.3632E-01	0.6821
0.3875E-01	0.6989
0.4131E-01	0.7161
0.4402E-01	0.7336
0.4690E-01	0.7517
0.4985E-01	0.7701
0.5307E-01	0.7890
0.5649E-01	0.8084
0.6013E-01	0.8283
0.6399E-01	0.8486
0.6811E-01	0.8694
0.7250E-01	0.8908
0.7717E-01	0.9127
0.8216E-01	0.9351
0.8747E-01	0.9581
0.9315E-01	0.9816
0.9922E-01	1.006
0.1057	1.030
0.1126	1.056
0.1200	1.082
0.1279	1.108
0.1363	1.135
0.1453	1.163
0.1549	1.192
0.1651	1.221
0.1759	1.251
0.1875	1.282
0.1997	1.313
0.2126	1.346
0.2264	1.379
0.2409	1.413
0.2563	1.447
0.2726	1.483
0.2898	1.519
0.3080	1.556
0.3272	1.595
0.3475	1.634
0.3689	1.674
0.3916	1.715
0.4155	1.757
0.4409	1.800
0.4676	1.845
0.4960	1.890
0.5260	1.936
0.5578	1.984
0.5915	2.033
0.6271	2.083
0.6650	2.134
0.7051	2.186
0.7476	2.240
0.7928	2.295
0.8407	2.351
0.8916	2.409
0.9456	2.468
1.003	2.529
1.064	2.591
1.129	2.654
1.197	2.720
1.270	2.786
1.348	2.855
1.430	2.925
1.517	2.997
1.609	3.070
1.707	3.146
1.811	3.223
1.920	3.302
2.036	3.383
2.159	3.466
2.289	3.551
2.426	3.639
2.573	3.728
2.729	3.820
2.895	3.913
3.073	4.009
3.266	4.108
3.478	4.209
3.712	4.312
3.976	4.418
4.281	4.527
4.641	4.638
5.082	4.752
5.648	4.868
6.417	4.988
7.535	5.110
9.268	5.236
11.97	5.364
15.87	5.496
20.98	5.631
27.27	5.770
34.73	5.911
43.44	6.057
53.44	6.205
64.80	6.358
77.50	6.513
91.72	6.674
107.3	6.838
124.1	7.006
142.3	7.178
161.6	7.354
182.0	7.535
203.4	7.720
225.7	7.909
248.9	8.104
272.9	8.303
297.6	8.507
322.8	8.715
348.8	8.930
375.4	9.149
402.4	9.374
429.9	9.604
457.8	9.840
486.3	10.08
515.2	10.33
544.5	10.58
574.3	10.84
604.4	11.11
634.9	11.38
665.7	11.66
697.0	11.95
728.7	12.24
760.7	12.54
793.2	12.85
826.0	13.17
859.2	13.49
892.8	13.82
926.9	14.16
961.3	14.51
996.1	14.86
1031.	15.23
1067.	15.60
1103.	15.99
1140.	16.38
1177.	16.78
1215.	17.19
1253.	17.61
1292.	18.05
1331.	18.49
1370.	18.94
1411.	19.41
1451.	19.89
1493.	20.37
1535.	20.88
1577.	21.39
1621.	21.91
1664.	22.45
1709.	23.00
1754.	23.57
1800.	24.15
1847.	24.74
1894.	25.35
1942.	25.97
1990.	26.61
2040.	27.26
2090.	27.93
2141.	28.62
2193.	29.32
2246.	30.04
2299.	30.78
2353.	31.53
2408.	32.31
2464.	33.10
2521.	33.92
2579.	34.75
2637.	35.60
2697.	36.47
2757.	37.37
2818.	38.29
2880.	39.23
2944.	40.19
3008.	41.18
3073.	42.19
3139.	43.23
3205.	44.29
3274.	45.38
3342.	46.49
3412.	47.63
3483.	48.80
3555.	50.00
 
 
E/N (Td)	Mobility *N (1/m/V/s)
0.3447E-02	0.1229E+27
0.4779E-02	0.1194E+27
0.5955E-02	0.1163E+27
0.7079E-02	0.1128E+27
0.8187E-02	0.1093E+27
0.9296E-02	0.1059E+27
0.1042E-01	0.1026E+27
0.1156E-01	0.9958E+26
0.1274E-01	0.9643E+26
0.1397E-01	0.9327E+26
0.1524E-01	0.9016E+26
0.1657E-01	0.8711E+26
0.1799E-01	0.8383E+26
0.1944E-01	0.8090E+26
0.2096E-01	0.7803E+26
0.2255E-01	0.7522E+26
0.2423E-01	0.7247E+26
0.2599E-01	0.6977E+26
0.2784E-01	0.6712E+26
0.2980E-01	0.6453E+26
0.3186E-01	0.6200E+26
0.3403E-01	0.5953E+26
0.3632E-01	0.5711E+26
0.3875E-01	0.5475E+26
0.4131E-01	0.5245E+26
0.4402E-01	0.5020E+26
0.4690E-01	0.4800E+26
0.4985E-01	0.4603E+26
0.5307E-01	0.4394E+26
0.5649E-01	0.4191E+26
0.6013E-01	0.3993E+26
0.6399E-01	0.3801E+26
0.6811E-01	0.3613E+26
0.7250E-01	0.3431E+26
0.7717E-01	0.3255E+26
0.8216E-01	0.3085E+26
0.8747E-01	0.2921E+26
0.9315E-01	0.2762E+26
0.9922E-01	0.2609E+26
0.1057	0.2463E+26
0.1126	0.2322E+26
0.1200	0.2188E+26
0.1279	0.2060E+26
0.1363	0.1938E+26
0.1453	0.1823E+26
0.1549	0.1714E+26
0.1651	0.1611E+26
0.1759	0.1515E+26
0.1875	0.1424E+26
0.1997	0.1339E+26
0.2126	0.1260E+26
0.2264	0.1186E+26
0.2409	0.1117E+26
0.2563	0.1053E+26
0.2726	0.9934E+25
0.2898	0.9375E+25
0.3080	0.8855E+25
0.3272	0.8370E+25
0.3475	0.7916E+25
0.3689	0.7493E+25
0.3916	0.7097E+25
0.4155	0.6726E+25
0.4409	0.6378E+25
0.4676	0.6052E+25
0.4960	0.5746E+25
0.5260	0.5459E+25
0.5578	0.5188E+25
0.5915	0.4933E+25
0.6271	0.4693E+25
0.6650	0.4467E+25
0.7051	0.4253E+25
0.7476	0.4051E+25
0.7928	0.3861E+25
0.8407	0.3680E+25
0.8916	0.3510E+25
0.9456	0.3348E+25
1.003	0.3195E+25
1.064	0.3050E+25
1.129	0.2913E+25
1.197	0.2783E+25
1.270	0.2659E+25
1.348	0.2542E+25
1.430	0.2430E+25
1.517	0.2324E+25
1.609	0.2224E+25
1.707	0.2128E+25
1.811	0.2037E+25
1.920	0.1950E+25
2.036	0.1868E+25
2.159	0.1789E+25
2.289	0.1715E+25
2.426	0.1644E+25
2.573	0.1576E+25
2.729	0.1512E+25
2.895	0.1452E+25
3.073	0.1395E+25
3.266	0.1341E+25
3.478	0.1290E+25
3.712	0.1243E+25
3.976	0.1199E+25
4.281	0.1159E+25
4.641	0.1123E+25
5.082	0.1092E+25
5.648	0.1065E+25
6.417	0.1044E+25
7.535	0.1026E+25
9.268	0.1011E+25
11.97	0.9941E+24
15.87	0.9712E+24
20.98	0.9439E+24
27.27	0.9153E+24
34.73	0.8879E+24
43.44	0.8627E+24
53.44	0.8403E+24
64.80	0.8204E+24
77.50	0.8027E+24
91.72	0.7865E+24
107.3	0.7719E+24
124.1	0.7583E+24
142.3	0.7457E+24
161.6	0.7339E+24
182.0	0.7227E+24
203.4	0.7122E+24
225.7	0.7023E+24
248.9	0.6930E+24
272.9	0.6842E+24
297.6	0.6759E+24
322.8	0.6681E+24
348.8	0.6608E+24
375.4	0.6539E+24
402.4	0.6474E+24
429.9	0.6413E+24
457.8	0.6356E+24
486.3	0.6302E+24
515.2	0.6250E+24
544.5	0.6202E+24
574.3	0.6155E+24
604.4	0.6112E+24
634.9	0.6071E+24
665.7	0.6032E+24
697.0	0.5995E+24
728.7	0.5958E+24
760.7	0.5923E+24
793.2	0.5890E+24
826.0	0.5858E+24
859.2	0.5826E+24
892.8	0.5795E+24
926.9	0.5764E+24
961.3	0.5736E+24
996.1	0.5707E+24
1031.	0.5679E+24
1067.	0.5651E+24
1103.	0.5625E+24
1140.	0.5598E+24
1177.	0.5572E+24
1215.	0.5546E+24
1253.	0.5519E+24
1292.	0.5494E+24
1331.	0.5470E+24
1370.	0.5444E+24
1411.	0.5419E+24
1451.	0.5394E+24
1493.	0.5370E+24
1535.	0.5345E+24
1577.	0.5321E+24
1621.	0.5296E+24
1664.	0.5272E+24
1709.	0.5247E+24
1754.	0.5222E+24
1800.	0.5199E+24
1847.	0.5174E+24
1894.	0.5150E+24
1942.	0.5125E+24
1990.	0.5102E+24
2040.	0.5077E+24
2090.	0.5053E+24
2141.	0.5029E+24
2193.	0.5006E+24
2246.	0.4981E+24
2299.	0.4958E+24
2353.	0.4935E+24
2408.	0.4911E+24
2464.	0.4888E+24
2521.	0.4863E+24
2579.	0.4841E+24
2637.	0.4817E+24
2697.	0.4795E+24
2757.	0.4771E+24
2818.	0.4749E+24
2880.	0.4727E+24
2944.	0.4703E+24
3008.	0.4682E+24
3073.	0.4659E+24
3139.	0.4637E+24
3205.	0.4617E+24
3274.	0.4595E+24
3342.	0.4573E+24
3412.	0.4552E+24
3483.	0.4532E+24
3555.	0.4511E+24
 
 
E/N (Td)	Diffusion coefficient *N (1/m/s)
0.3447E-02	0.3285E+26
0.4779E-02	0.3271E+26
0.5955E-02	0.3267E+26
0.7079E-02	0.3250E+26
0.8187E-02	0.3232E+26
0.9296E-02	0.3213E+26
0.1042E-01	0.3193E+26
0.1156E-01	0.3179E+26
0.1274E-01	0.3159E+26
0.1397E-01	0.3136E+26
0.1524E-01	0.3113E+26
0.1657E-01	0.3088E+26
0.1799E-01	0.3052E+26
0.1944E-01	0.3026E+26
0.2096E-01	0.3000E+26
0.2255E-01	0.2972E+26
0.2423E-01	0.2944E+26
0.2599E-01	0.2916E+26
0.2784E-01	0.2886E+26
0.2980E-01	0.2856E+26
0.3186E-01	0.2826E+26
0.3403E-01	0.2795E+26
0.3632E-01	0.2764E+26
0.3875E-01	0.2732E+26
0.4131E-01	0.2700E+26
0.4402E-01	0.2668E+26
0.4690E-01	0.2635E+26
0.4985E-01	0.2614E+26
0.5307E-01	0.2581E+26
0.5649E-01	0.2547E+26
0.6013E-01	0.2514E+26
0.6399E-01	0.2481E+26
0.6811E-01	0.2446E+26
0.7250E-01	0.2412E+26
0.7717E-01	0.2378E+26
0.8216E-01	0.2344E+26
0.8747E-01	0.2310E+26
0.9315E-01	0.2276E+26
0.9922E-01	0.2241E+26
0.1057	0.2207E+26
0.1126	0.2173E+26
0.1200	0.2138E+26
0.1279	0.2104E+26
0.1363	0.2070E+26
0.1453	0.2038E+26
0.1549	0.2003E+26
0.1651	0.1969E+26
0.1759	0.1936E+26
0.1875	0.1903E+26
0.1997	0.1870E+26
0.2126	0.1838E+26
0.2264	0.1806E+26
0.2409	0.1775E+26
0.2563	0.1744E+26
0.2726	0.1713E+26
0.2898	0.1683E+26
0.3080	0.1654E+26
0.3272	0.1625E+26
0.3475	0.1597E+26
0.3689	0.1569E+26
0.3916	0.1542E+26
0.4155	0.1515E+26
0.4409	0.1489E+26
0.4676	0.1464E+26
0.4960	0.1439E+26
0.5260	0.1414E+26
0.5578	0.1390E+26
0.5915	0.1367E+26
0.6271	0.1344E+26
0.6650	0.1321E+26
0.7051	0.1300E+26
0.7476	0.1278E+26
0.7928	0.1257E+26
0.8407	0.1237E+26
0.8916	0.1217E+26
0.9456	0.1197E+26
1.003	0.1178E+26
1.064	0.1159E+26
1.129	0.1141E+26
1.197	0.1123E+26
1.270	0.1105E+26
1.348	0.1088E+26
1.430	0.1071E+26
1.517	0.1054E+26
1.609	0.1038E+26
1.707	0.1022E+26
1.811	0.1006E+26
1.920	0.9902E+25
2.036	0.9750E+25
2.159	0.9600E+25
2.289	0.9453E+25
2.426	0.9309E+25
2.573	0.9166E+25
2.729	0.9027E+25
2.895	0.8890E+25
3.073	0.8755E+25
3.266	0.8623E+25
3.478	0.8494E+25
3.712	0.8368E+25
3.976	0.8245E+25
4.281	0.8126E+25
4.641	0.8011E+25
5.082	0.7901E+25
5.648	0.7797E+25
6.417	0.7699E+25
7.535	0.7609E+25
9.268	0.7525E+25
11.97	0.7443E+25
15.87	0.7357E+25
20.98	0.7269E+25
27.27	0.7180E+25
34.73	0.7094E+25
43.44	0.7010E+25
53.44	0.6930E+25
64.80	0.6850E+25
77.50	0.6771E+25
91.72	0.6690E+25
107.3	0.6608E+25
124.1	0.6525E+25
142.3	0.6442E+25
161.6	0.6362E+25
182.0	0.6286E+25
203.4	0.6215E+25
225.7	0.6150E+25
248.9	0.6092E+25
272.9	0.6041E+25
297.6	0.5996E+25
322.8	0.5958E+25
348.8	0.5926E+25
375.4	0.5901E+25
402.4	0.5881E+25
429.9	0.5868E+25
457.8	0.5861E+25
486.3	0.5859E+25
515.2	0.5862E+25
544.5	0.5870E+25
574.3	0.5884E+25
604.4	0.5903E+25
634.9	0.5926E+25
665.7	0.5957E+25
697.0	0.5990E+25
728.7	0.6028E+25
760.7	0.6070E+25
793.2	0.6117E+25
826.0	0.6169E+25
859.2	0.6225E+25
892.8	0.6284E+25
926.9	0.6347E+25
961.3	0.6416E+25
996.1	0.6488E+25
1031.	0.6563E+25
1067.	0.6643E+25
1103.	0.6727E+25
1140.	0.6815E+25
1177.	0.6907E+25
1215.	0.7001E+25
1253.	0.7099E+25
1292.	0.7202E+25
1331.	0.7309E+25
1370.	0.7418E+25
1411.	0.7532E+25
1451.	0.7649E+25
1493.	0.7771E+25
1535.	0.7894E+25
1577.	0.8023E+25
1621.	0.8154E+25
1664.	0.8289E+25
1709.	0.8428E+25
1754.	0.8570E+25
1800.	0.8717E+25
1847.	0.8866E+25
1894.	0.9021E+25
1942.	0.9178E+25
1990.	0.9341E+25
2040.	0.9505E+25
2090.	0.9673E+25
2141.	0.9847E+25
2193.	0.1003E+26
2246.	0.1021E+26
2299.	0.1039E+26
2353.	0.1058E+26
2408.	0.1077E+26
2464.	0.1097E+26
2521.	0.1118E+26
2579.	0.1139E+26
2637.	0.1160E+26
2697.	0.1181E+26
2757.	0.1203E+26
2818.	0.1226E+26
2880.	0.1250E+26
2944.	0.1273E+26
3008.	0.1297E+26
3073.	0.1322E+26
3139.	0.1347E+26
3205.	0.1374E+26
3274.	0.1400E+26
3342.	0.1427E+26
3412.	0.1455E+26
3483.	0.1484E+26
3555.	0.1512E+26
 
 
E/N (Td)	Energy mobility *N (1/m/V/s)
0.3447E-02	0.1113E+27
0.4779E-02	0.1068E+27
0.5955E-02	0.1027E+27
0.7079E-02	0.9856E+26
0.8187E-02	0.9455E+26
0.9296E-02	0.9069E+26
0.1042E-01	0.8698E+26
0.1156E-01	0.8350E+26
0.1274E-01	0.8009E+26
0.1397E-01	0.7675E+26
0.1524E-01	0.7354E+26
0.1657E-01	0.7045E+26
0.1799E-01	0.6740E+26
0.1944E-01	0.6454E+26
0.2096E-01	0.6180E+26
0.2255E-01	0.5916E+26
0.2423E-01	0.5663E+26
0.2599E-01	0.5419E+26
0.2784E-01	0.5185E+26
0.2980E-01	0.4961E+26
0.3186E-01	0.4745E+26
0.3403E-01	0.4538E+26
0.3632E-01	0.4340E+26
0.3875E-01	0.4149E+26
0.4131E-01	0.3967E+26
0.4402E-01	0.3792E+26
0.4690E-01	0.3624E+26
0.4985E-01	0.3467E+26
0.5307E-01	0.3313E+26
0.5649E-01	0.3165E+26
0.6013E-01	0.3024E+26
0.6399E-01	0.2889E+26
0.6811E-01	0.2759E+26
0.7250E-01	0.2635E+26
0.7717E-01	0.2517E+26
0.8216E-01	0.2403E+26
0.8747E-01	0.2295E+26
0.9315E-01	0.2192E+26
0.9922E-01	0.2093E+26
0.1057	0.1999E+26
0.1126	0.1909E+26
0.1200	0.1824E+26
0.1279	0.1743E+26
0.1363	0.1665E+26
0.1453	0.1592E+26
0.1549	0.1522E+26
0.1651	0.1455E+26
0.1759	0.1392E+26
0.1875	0.1332E+26
0.1997	0.1274E+26
0.2126	0.1220E+26
0.2264	0.1169E+26
0.2409	0.1120E+26
0.2563	0.1073E+26
0.2726	0.1028E+26
0.2898	0.9860E+25
0.3080	0.9456E+25
0.3272	0.9071E+25
0.3475	0.8703E+25
0.3689	0.8351E+25
0.3916	0.8015E+25
0.4155	0.7693E+25
0.4409	0.7385E+25
0.4676	0.7090E+25
0.4960	0.6807E+25
0.5260	0.6535E+25
0.5578	0.6275E+25
0.5915	0.6025E+25
0.6271	0.5785E+25
0.6650	0.5554E+25
0.7051	0.5333E+25
0.7476	0.5120E+25
0.7928	0.4916E+25
0.8407	0.4719E+25
0.8916	0.4530E+25
0.9456	0.4348E+25
1.003	0.4174E+25
1.064	0.4006E+25
1.129	0.3844E+25
1.197	0.3689E+25
1.270	0.3540E+25
1.348	0.3397E+25
1.430	0.3260E+25
1.517	0.3128E+25
1.609	0.3002E+25
1.707	0.2880E+25
1.811	0.2764E+25
1.920	0.2653E+25
2.036	0.2546E+25
2.159	0.2444E+25
2.289	0.2347E+25
2.426	0.2254E+25
2.573	0.2165E+25
2.729	0.2080E+25
2.895	0.2000E+25
3.073	0.1923E+25
3.266	0.1851E+25
3.478	0.1782E+25
3.712	0.1716E+25
3.976	0.1654E+25
4.281	0.1596E+25
4.641	0.1542E+25
5.082	0.1491E+25
5.648	0.1445E+25
6.417	0.1402E+25
7.535	0.1364E+25
9.268	0.1329E+25
11.97	0.1297E+25
15.87	0.1267E+25
20.98	0.1238E+25
27.27	0.1210E+25
34.73	0.1184E+25
43.44	0.1160E+25
53.44	0.1139E+25
64.80	0.1120E+25
77.50	0.1103E+25
91.72	0.1088E+25
107.3	0.1075E+25
124.1	0.1063E+25
142.3	0.1052E+25
161.6	0.1043E+25
182.0	0.1034E+25
203.4	0.1027E+25
225.7	0.1019E+25
248.9	0.1013E+25
272.9	0.1007E+25
297.6	0.1001E+25
322.8	0.9963E+24
348.8	0.9916E+24
375.4	0.9872E+24
402.4	0.9830E+24
429.9	0.9790E+24
457.8	0.9754E+24
486.3	0.9719E+24
515.2	0.9684E+24
544.5	0.9652E+24
574.3	0.9620E+24
604.4	0.9590E+24
634.9	0.9560E+24
665.7	0.9534E+24
697.0	0.9505E+24
728.7	0.9475E+24
760.7	0.9447E+24
793.2	0.9418E+24
826.0	0.9390E+24
859.2	0.9361E+24
892.8	0.9331E+24
926.9	0.9301E+24
961.3	0.9271E+24
996.1	0.9241E+24
1031.	0.9209E+24
1067.	0.9178E+24
1103.	0.9147E+24
1140.	0.9115E+24
1177.	0.9083E+24
1215.	0.9049E+24
1253.	0.9014E+24
1292.	0.8981E+24
1331.	0.8947E+24
1370.	0.8911E+24
1411.	0.8876E+24
1451.	0.8840E+24
1493.	0.8804E+24
1535.	0.8767E+24
1577.	0.8730E+24
1621.	0.8692E+24
1664.	0.8655E+24
1709.	0.8617E+24
1754.	0.8578E+24
1800.	0.8540E+24
1847.	0.8501E+24
1894.	0.8463E+24
1942.	0.8424E+24
1990.	0.8386E+24
2040.	0.8346E+24
2090.	0.8307E+24
2141.	0.8269E+24
2193.	0.8230E+24
2246.	0.8191E+24
2299.	0.8153E+24
2353.	0.8115E+24
2408.	0.8077E+24
2464.	0.8040E+24
2521.	0.8001E+24
2579.	0.7965E+24
2637.	0.7927E+24
2697.	0.7891E+24
2757.	0.7855E+24
2818.	0.7820E+24
2880.	0.7785E+24
2944.	0.7749E+24
3008.	0.7715E+24
3073.	0.7681E+24
3139.	0.7648E+24
3205.	0.7616E+24
3274.	0.7583E+24
3342.	0.7552E+24
3412.	0.7520E+24
3483.	0.7490E+24
3555.	0.7460E+24
 
 
E/N (Td)	Energy diffusion coef. D*N (1/m/s)
0.3447E-02	0.2965E+26
0.4779E-02	0.2918E+26
0.5955E-02	0.2874E+26
0.7079E-02	0.2828E+26
0.8187E-02	0.2781E+26
0.9296E-02	0.2735E+26
0.1042E-01	0.2690E+26
0.1156E-01	0.2648E+26
0.1274E-01	0.2605E+26
0.1397E-01	0.2561E+26
0.1524E-01	0.2517E+26
0.1657E-01	0.2473E+26
0.1799E-01	0.2427E+26
0.1944E-01	0.2385E+26
0.2096E-01	0.2343E+26
0.2255E-01	0.2303E+26
0.2423E-01	0.2262E+26
0.2599E-01	0.2222E+26
0.2784E-01	0.2183E+26
0.2980E-01	0.2145E+26
0.3186E-01	0.2107E+26
0.3403E-01	0.2070E+26
0.3632E-01	0.2033E+26
0.3875E-01	0.1997E+26
0.4131E-01	0.1962E+26
0.4402E-01	0.1928E+26
0.4690E-01	0.1894E+26
0.4985E-01	0.1862E+26
0.5307E-01	0.1830E+26
0.5649E-01	0.1798E+26
0.6013E-01	0.1767E+26
0.6399E-01	0.1737E+26
0.6811E-01	0.1707E+26
0.7250E-01	0.1678E+26
0.7717E-01	0.1649E+26
0.8216E-01	0.1622E+26
0.8747E-01	0.1594E+26
0.9315E-01	0.1568E+26
0.9922E-01	0.1542E+26
0.1057	0.1516E+26
0.1126	0.1491E+26
0.1200	0.1466E+26
0.1279	0.1443E+26
0.1363	0.1419E+26
0.1453	0.1397E+26
0.1549	0.1374E+26
0.1651	0.1352E+26
0.1759	0.1330E+26
0.1875	0.1309E+26
0.1997	0.1289E+26
0.2126	0.1269E+26
0.2264	0.1249E+26
0.2409	0.1230E+26
0.2563	0.1211E+26
0.2726	0.1193E+26
0.2898	0.1175E+26
0.3080	0.1157E+26
0.3272	0.1140E+26
0.3475	0.1123E+26
0.3689	0.1106E+26
0.3916	0.1090E+26
0.4155	0.1074E+26
0.4409	0.1059E+26
0.4676	0.1043E+26
0.4960	0.1028E+26
0.5260	0.1014E+26
0.5578	0.9992E+25
0.5915	0.9850E+25
0.6271	0.9709E+25
0.6650	0.9571E+25
0.7051	0.9435E+25
0.7476	0.9301E+25
0.7928	0.9168E+25
0.8407	0.9037E+25
0.8916	0.8907E+25
0.9456	0.8780E+25
1.003	0.8653E+25
1.064	0.8528E+25
1.129	0.8404E+25
1.197	0.8282E+25
1.270	0.8160E+25
1.348	0.8040E+25
1.430	0.7921E+25
1.517	0.7803E+25
1.609	0.7687E+25
1.707	0.7571E+25
1.811	0.7457E+25
1.920	0.7344E+25
2.036	0.7233E+25
2.159	0.7122E+25
2.289	0.7014E+25
2.426	0.6906E+25
2.573	0.6801E+25
2.729	0.6697E+25
2.895	0.6595E+25
3.073	0.6494E+25
3.266	0.6396E+25
3.478	0.6299E+25
3.712	0.6205E+25
3.976	0.6112E+25
4.281	0.6022E+25
4.641	0.5934E+25
5.082	0.5849E+25
5.648	0.5766E+25
6.417	0.5686E+25
7.535	0.5610E+25
9.268	0.5539E+25
11.97	0.5474E+25
15.87	0.5415E+25
20.98	0.5362E+25
27.27	0.5315E+25
34.73	0.5274E+25
43.44	0.5239E+25
53.44	0.5210E+25
64.80	0.5187E+25
77.50	0.5171E+25
91.72	0.5163E+25
107.3	0.5161E+25
124.1	0.5166E+25
142.3	0.5179E+25
161.6	0.5199E+25
182.0	0.5227E+25
203.4	0.5263E+25
225.7	0.5306E+25
248.9	0.5357E+25
272.9	0.5416E+25
297.6	0.5481E+25
322.8	0.5554E+25
348.8	0.5634E+25
375.4	0.5722E+25
402.4	0.5816E+25
429.9	0.5917E+25
457.8	0.6025E+25
486.3	0.6141E+25
515.2	0.6262E+25
544.5	0.6391E+25
574.3	0.6525E+25
604.4	0.6667E+25
634.9	0.6815E+25
665.7	0.6973E+25
697.0	0.7134E+25
728.7	0.7301E+25
760.7	0.7474E+25
793.2	0.7654E+25
826.0	0.7840E+25
859.2	0.8031E+25
892.8	0.8227E+25
926.9	0.8430E+25
961.3	0.8639E+25
996.1	0.8853E+25
1031.	0.9071E+25
1067.	0.9297E+25
1103.	0.9528E+25
1140.	0.9764E+25
1177.	0.1001E+26
1215.	0.1025E+26
1253.	0.1050E+26
1292.	0.1076E+26
1331.	0.1102E+26
1370.	0.1129E+26
1411.	0.1157E+26
1451.	0.1185E+26
1493.	0.1213E+26
1535.	0.1242E+26
1577.	0.1272E+26
1621.	0.1302E+26
1664.	0.1333E+26
1709.	0.1365E+26
1754.	0.1397E+26
1800.	0.1430E+26
1847.	0.1463E+26
1894.	0.1497E+26
1942.	0.1532E+26
1990.	0.1568E+26
2040.	0.1605E+26
2090.	0.1642E+26
2141.	0.1680E+26
2193.	0.1719E+26
2246.	0.1759E+26
2299.	0.1799E+26
2353.	0.1841E+26
2408.	0.1884E+26
2464.	0.1928E+26
2521.	0.1973E+26
2579.	0.2018E+26
2637.	0.2066E+26
2697.	0.2114E+26
2757.	0.2164E+26
2818.	0.2215E+26
2880.	0.2267E+26
2944.	0.2321E+26
3008.	0.2375E+26
3073.	0.2432E+26
3139.	0.2491E+26
3205.	0.2550E+26
3274.	0.2612E+26
3342.	0.2676E+26
3412.	0.2741E+26
3483.	0.2808E+26
3555.	0.2877E+26
 
 
E/N (Td)	Total collision freq. /N (m3/s)
0.3447E-02	0.2362E-14
0.4779E-02	0.2444E-14
0.5955E-02	0.2530E-14
0.7079E-02	0.2621E-14
0.8187E-02	0.2716E-14
0.9296E-02	0.2815E-14
0.1042E-01	0.2918E-14
0.1156E-01	0.3026E-14
0.1274E-01	0.3138E-14
0.1397E-01	0.3255E-14
0.1524E-01	0.3377E-14
0.1657E-01	0.3504E-14
0.1799E-01	0.3636E-14
0.1944E-01	0.3773E-14
0.2096E-01	0.3916E-14
0.2255E-01	0.4064E-14
0.2423E-01	0.4218E-14
0.2599E-01	0.4378E-14
0.2784E-01	0.4544E-14
0.2980E-01	0.4716E-14
0.3186E-01	0.4895E-14
0.3403E-01	0.5080E-14
0.3632E-01	0.5272E-14
0.3875E-01	0.5471E-14
0.4131E-01	0.5678E-14
0.4402E-01	0.5892E-14
0.4690E-01	0.6113E-14
0.4985E-01	0.6343E-14
0.5307E-01	0.6580E-14
0.5649E-01	0.6826E-14
0.6013E-01	0.7081E-14
0.6399E-01	0.7345E-14
0.6811E-01	0.7619E-14
0.7250E-01	0.7902E-14
0.7717E-01	0.8195E-14
0.8216E-01	0.8498E-14
0.8747E-01	0.8812E-14
0.9315E-01	0.9137E-14
0.9922E-01	0.9474E-14
0.1057	0.9823E-14
0.1126	0.1018E-13
0.1200	0.1056E-13
0.1279	0.1095E-13
0.1363	0.1135E-13
0.1453	0.1176E-13
0.1549	0.1219E-13
0.1651	0.1264E-13
0.1759	0.1310E-13
0.1875	0.1358E-13
0.1997	0.1408E-13
0.2126	0.1459E-13
0.2264	0.1513E-13
0.2409	0.1568E-13
0.2563	0.1625E-13
0.2726	0.1685E-13
0.2898	0.1747E-13
0.3080	0.1811E-13
0.3272	0.1877E-13
0.3475	0.1946E-13
0.3689	0.2018E-13
0.3916	0.2092E-13
0.4155	0.2170E-13
0.4409	0.2250E-13
0.4676	0.2333E-13
0.4960	0.2420E-13
0.5260	0.2510E-13
0.5578	0.2604E-13
0.5915	0.2702E-13
0.6271	0.2803E-13
0.6650	0.2909E-13
0.7051	0.3019E-13
0.7476	0.3133E-13
0.7928	0.3252E-13
0.8407	0.3377E-13
0.8916	0.3507E-13
0.9456	0.3642E-13
1.003	0.3783E-13
1.064	0.3930E-13
1.129	0.4083E-13
1.197	0.4244E-13
1.270	0.4411E-13
1.348	0.4585E-13
1.430	0.4767E-13
1.517	0.4957E-13
1.609	0.5156E-13
1.707	0.5362E-13
1.811	0.5578E-13
1.920	0.5803E-13
2.036	0.6037E-13
2.159	0.6281E-13
2.289	0.6535E-13
2.426	0.6799E-13
2.573	0.7074E-13
2.729	0.7360E-13
2.895	0.7656E-13
3.073	0.7963E-13
3.266	0.8281E-13
3.478	0.8610E-13
3.712	0.8950E-13
3.976	0.9302E-13
4.281	0.9666E-13
4.641	0.1004E-12
5.082	0.1043E-12
5.648	0.1083E-12
6.417	0.1123E-12
7.535	0.1165E-12
9.268	0.1208E-12
11.97	0.1250E-12
15.87	0.1292E-12
20.98	0.1333E-12
27.27	0.1374E-12
34.73	0.1415E-12
43.44	0.1456E-12
53.44	0.1495E-12
64.80	0.1535E-12
77.50	0.1573E-12
91.72	0.1611E-12
107.3	0.1648E-12
124.1	0.1684E-12
142.3	0.1719E-12
161.6	0.1754E-12
182.0	0.1787E-12
203.4	0.1819E-12
225.7	0.1851E-12
248.9	0.1881E-12
272.9	0.1911E-12
297.6	0.1940E-12
322.8	0.1968E-12
348.8	0.1996E-12
375.4	0.2022E-12
402.4	0.2049E-12
429.9	0.2074E-12
457.8	0.2099E-12
486.3	0.2123E-12
515.2	0.2146E-12
544.5	0.2169E-12
574.3	0.2191E-12
604.4	0.2213E-12
634.9	0.2234E-12
665.7	0.2254E-12
697.0	0.2274E-12
728.7	0.2294E-12
760.7	0.2313E-12
793.2	0.2331E-12
826.0	0.2349E-12
859.2	0.2367E-12
892.8	0.2384E-12
926.9	0.2400E-12
961.3	0.2417E-12
996.1	0.2433E-12
1031.	0.2448E-12
1067.	0.2463E-12
1103.	0.2478E-12
1140.	0.2492E-12
1177.	0.2506E-12
1215.	0.2520E-12
1253.	0.2534E-12
1292.	0.2547E-12
1331.	0.2560E-12
1370.	0.2572E-12
1411.	0.2585E-12
1451.	0.2597E-12
1493.	0.2608E-12
1535.	0.2620E-12
1577.	0.2631E-12
1621.	0.2642E-12
1664.	0.2653E-12
1709.	0.2664E-12
1754.	0.2674E-12
1800.	0.2685E-12
1847.	0.2695E-12
1894.	0.2705E-12
1942.	0.2714E-12
1990.	0.2724E-12
2040.	0.2733E-12
2090.	0.2742E-12
2141.	0.2751E-12
2193.	0.2760E-12
2246.	0.2769E-12
2299.	0.2777E-12
2353.	0.2785E-12
2408.	0.2794E-12
2464.	0.2802E-12
2521.	0.2810E-12
2579.	0.2817E-12
2637.	0.2825E-12
2697.	0.2832E-12
2757.	0.2840E-12
2818.	0.2847E-12
2880.	0.2854E-12
2944.	0.2861E-12
3008.	0.2868E-12
3073.	0.2874E-12
3139.	0.2881E-12
3205.	0.2888E-12
3274.	0.2894E-12
3342.	0.2900E-12
3412.	0.2906E-12
3483.	0.2912E-12
3555.	0.2918E-12
 
 
E/N (Td)	Momentum frequency /N (m3/s)
0.3447E-02	0.1404E-14
0.4779E-02	0.1446E-14
0.5955E-02	0.1487E-14
0.7079E-02	0.1534E-14
0.8187E-02	0.1583E-14
0.9296E-02	0.1634E-14
0.1042E-01	0.1688E-14
0.1156E-01	0.1741E-14
0.1274E-01	0.1799E-14
0.1397E-01	0.1861E-14
0.1524E-01	0.1926E-14
0.1657E-01	0.1995E-14
0.1799E-01	0.2074E-14
0.1944E-01	0.2150E-14
0.2096E-01	0.2230E-14
0.2255E-01	0.2315E-14
0.2423E-01	0.2404E-14
0.2599E-01	0.2498E-14
0.2784E-01	0.2598E-14
0.2980E-01	0.2703E-14
0.3186E-01	0.2815E-14
0.3403E-01	0.2933E-14
0.3632E-01	0.3058E-14
0.3875E-01	0.3191E-14
0.4131E-01	0.3333E-14
0.4402E-01	0.3483E-14
0.4690E-01	0.3644E-14
0.4985E-01	0.3801E-14
0.5307E-01	0.3983E-14
0.5649E-01	0.4178E-14
0.6013E-01	0.4386E-14
0.6399E-01	0.4609E-14
0.6811E-01	0.4850E-14
0.7250E-01	0.5109E-14
0.7717E-01	0.5386E-14
0.8216E-01	0.5684E-14
0.8747E-01	0.6006E-14
0.9315E-01	0.6352E-14
0.9922E-01	0.6725E-14
0.1057	0.7127E-14
0.1126	0.7560E-14
0.1200	0.8026E-14
0.1279	0.8526E-14
0.1363	0.9063E-14
0.1453	0.9635E-14
0.1549	0.1025E-13
0.1651	0.1090E-13
0.1759	0.1160E-13
0.1875	0.1234E-13
0.1997	0.1312E-13
0.2126	0.1395E-13
0.2264	0.1482E-13
0.2409	0.1573E-13
0.2563	0.1669E-13
0.2726	0.1770E-13
0.2898	0.1875E-13
0.3080	0.1986E-13
0.3272	0.2101E-13
0.3475	0.2221E-13
0.3689	0.2347E-13
0.3916	0.2478E-13
0.4155	0.2615E-13
0.4409	0.2757E-13
0.4676	0.2906E-13
0.4960	0.3060E-13
0.5260	0.3222E-13
0.5578	0.3390E-13
0.5915	0.3565E-13
0.6271	0.3747E-13
0.6650	0.3937E-13
0.7051	0.4135E-13
0.7476	0.4341E-13
0.7928	0.4556E-13
0.8407	0.4779E-13
0.8916	0.5011E-13
0.9456	0.5253E-13
1.003	0.5504E-13
1.064	0.5766E-13
1.129	0.6038E-13
1.197	0.6320E-13
1.270	0.6614E-13
1.348	0.6920E-13
1.430	0.7237E-13
1.517	0.7567E-13
1.609	0.7910E-13
1.707	0.8266E-13
1.811	0.8635E-13
1.920	0.9019E-13
2.036	0.9417E-13
2.159	0.9829E-13
2.289	0.1026E-12
2.426	0.1070E-12
2.573	0.1116E-12
2.729	0.1163E-12
2.895	0.1211E-12
3.073	0.1261E-12
3.266	0.1312E-12
3.478	0.1363E-12
3.712	0.1415E-12
3.976	0.1467E-12
4.281	0.1517E-12
4.641	0.1566E-12
5.082	0.1611E-12
5.648	0.1651E-12
6.417	0.1685E-12
7.535	0.1714E-12
9.268	0.1739E-12
11.97	0.1769E-12
15.87	0.1811E-12
20.98	0.1863E-12
27.27	0.1922E-12
34.73	0.1981E-12
43.44	0.2039E-12
53.44	0.2093E-12
64.80	0.2144E-12
77.50	0.2191E-12
91.72	0.2236E-12
107.3	0.2278E-12
124.1	0.2319E-12
142.3	0.2358E-12
161.6	0.2396E-12
182.0	0.2433E-12
203.4	0.2469E-12
225.7	0.2504E-12
248.9	0.2538E-12
272.9	0.2570E-12
297.6	0.2602E-12
322.8	0.2632E-12
348.8	0.2661E-12
375.4	0.2690E-12
402.4	0.2717E-12
429.9	0.2742E-12
457.8	0.2767E-12
486.3	0.2791E-12
515.2	0.2814E-12
544.5	0.2836E-12
574.3	0.2857E-12
604.4	0.2877E-12
634.9	0.2897E-12
665.7	0.2916E-12
697.0	0.2934E-12
728.7	0.2952E-12
760.7	0.2970E-12
793.2	0.2987E-12
826.0	0.3003E-12
859.2	0.3019E-12
892.8	0.3036E-12
926.9	0.3052E-12
961.3	0.3067E-12
996.1	0.3082E-12
1031.	0.3098E-12
1067.	0.3113E-12
1103.	0.3127E-12
1140.	0.3142E-12
1177.	0.3157E-12
1215.	0.3172E-12
1253.	0.3187E-12
1292.	0.3202E-12
1331.	0.3216E-12
1370.	0.3231E-12
1411.	0.3246E-12
1451.	0.3261E-12
1493.	0.3276E-12
1535.	0.3291E-12
1577.	0.3306E-12
1621.	0.3322E-12
1664.	0.3337E-12
1709.	0.3353E-12
1754.	0.3369E-12
1800.	0.3384E-12
1847.	0.3400E-12
1894.	0.3416E-12
1942.	0.3432E-12
1990.	0.3448E-12
2040.	0.3465E-12
2090.	0.3481E-12
2141.	0.3498E-12
2193.	0.3514E-12
2246.	0.3532E-12
2299.	0.3548E-12
2353.	0.3565E-12
2408.	0.3583E-12
2464.	0.3599E-12
2521.	0.3618E-12
2579.	0.3634E-12
2637.	0.3652E-12
2697.	0.3670E-12
2757.	0.3687E-12
2818.	0.3705E-12
2880.	0.3722E-12
2944.	0.3741E-12
3008.	0.3758E-12
3073.	0.3776E-12
3139.	0.3794E-12
3205.	0.3811E-12
3274.	0.3829E-12
3342.	0.3848E-12
3412.	0.3865E-12
3483.	0.3882E-12
3555.	0.3901E-12
 
 
E/N (Td)	e-i momentum frequency /N (m3/s)
0.3447E-02	0.2770E-16
0.4779E-02	0.2748E-16
0.5955E-02	0.2728E-16
0.7079E-02	0.2706E-16
0.8187E-02	0.2684E-16
0.9296E-02	0.2661E-16
0.1042E-01	0.2639E-16
0.1156E-01	0.2616E-16
0.1274E-01	0.2591E-16
0.1397E-01	0.2568E-16
0.1524E-01	0.2545E-16
0.1657E-01	0.2522E-16
0.1799E-01	0.2485E-16
0.1944E-01	0.2461E-16
0.2096E-01	0.2436E-16
0.2255E-01	0.2411E-16
0.2423E-01	0.2386E-16
0.2599E-01	0.2360E-16
0.2784E-01	0.2333E-16
0.2980E-01	0.2306E-16
0.3186E-01	0.2278E-16
0.3403E-01	0.2249E-16
0.3632E-01	0.2219E-16
0.3875E-01	0.2189E-16
0.4131E-01	0.2157E-16
0.4402E-01	0.2124E-16
0.4690E-01	0.2091E-16
0.4985E-01	0.2072E-16
0.5307E-01	0.2037E-16
0.5649E-01	0.2000E-16
0.6013E-01	0.1961E-16
0.6399E-01	0.1922E-16
0.6811E-01	0.1879E-16
0.7250E-01	0.1835E-16
0.7717E-01	0.1789E-16
0.8216E-01	0.1741E-16
0.8747E-01	0.1691E-16
0.9315E-01	0.1639E-16
0.9922E-01	0.1585E-16
0.1057	0.1530E-16
0.1126	0.1473E-16
0.1200	0.1414E-16
0.1279	0.1354E-16
0.1363	0.1294E-16
0.1453	0.1231E-16
0.1549	0.1170E-16
0.1651	0.1109E-16
0.1759	0.1048E-16
0.1875	0.9879E-17
0.1997	0.9290E-17
0.2126	0.8718E-17
0.2264	0.8165E-17
0.2409	0.7633E-17
0.2563	0.7125E-17
0.2726	0.6642E-17
0.2898	0.6185E-17
0.3080	0.5754E-17
0.3272	0.5349E-17
0.3475	0.4971E-17
0.3689	0.4617E-17
0.3916	0.4288E-17
0.4155	0.3983E-17
0.4409	0.3700E-17
0.4676	0.3439E-17
0.4960	0.3198E-17
0.5260	0.2975E-17
0.5578	0.2771E-17
0.5915	0.2582E-17
0.6271	0.2409E-17
0.6650	0.2251E-17
0.7051	0.2105E-17
0.7476	0.1971E-17
0.7928	0.1849E-17
0.8407	0.1736E-17
0.8916	0.1633E-17
0.9456	0.1539E-17
1.003	0.1452E-17
1.064	0.1372E-17
1.129	0.1299E-17
1.197	0.1231E-17
1.270	0.1169E-17
1.348	0.1111E-17
1.430	0.1058E-17
1.517	0.1008E-17
1.609	0.9619E-18
1.707	0.9188E-18
1.811	0.8786E-18
1.920	0.8408E-18
2.036	0.8055E-18
2.159	0.7723E-18
2.289	0.7412E-18
2.426	0.7121E-18
2.573	0.6851E-18
2.729	0.6604E-18
2.895	0.6381E-18
3.073	0.6186E-18
3.266	0.6023E-18
3.478	0.5898E-18
3.712	0.5815E-18
3.976	0.5784E-18
4.281	0.5810E-18
4.641	0.5899E-18
5.082	0.6053E-18
5.648	0.6265E-18
6.417	0.6510E-18
7.535	0.6731E-18
9.268	0.6823E-18
11.97	0.6687E-18
15.87	0.6338E-18
20.98	0.5900E-18
27.27	0.5472E-18
34.73	0.5104E-18
43.44	0.4800E-18
53.44	0.4549E-18
64.80	0.4333E-18
77.50	0.4137E-18
91.72	0.3949E-18
107.3	0.3768E-18
124.1	0.3592E-18
142.3	0.3420E-18
161.6	0.3255E-18
182.0	0.3097E-18
203.4	0.2946E-18
225.7	0.2804E-18
248.9	0.2669E-18
272.9	0.2543E-18
297.6	0.2425E-18
322.8	0.2315E-18
348.8	0.2211E-18
375.4	0.2114E-18
402.4	0.2022E-18
429.9	0.1938E-18
457.8	0.1857E-18
486.3	0.1782E-18
515.2	0.1711E-18
544.5	0.1644E-18
574.3	0.1581E-18
604.4	0.1522E-18
634.9	0.1465E-18
665.7	0.1412E-18
697.0	0.1362E-18
728.7	0.1314E-18
760.7	0.1268E-18
793.2	0.1224E-18
826.0	0.1183E-18
859.2	0.1143E-18
892.8	0.1106E-18
926.9	0.1069E-18
961.3	0.1035E-18
996.1	0.1002E-18
1031.	0.9701E-19
1067.	0.9397E-19
1103.	0.9105E-19
1140.	0.8824E-19
1177.	0.8555E-19
1215.	0.8295E-19
1253.	0.8044E-19
1292.	0.7804E-19
1331.	0.7572E-19
1370.	0.7347E-19
1411.	0.7131E-19
1451.	0.6921E-19
1493.	0.6720E-19
1535.	0.6525E-19
1577.	0.6336E-19
1621.	0.6154E-19
1664.	0.5977E-19
1709.	0.5806E-19
1754.	0.5641E-19
1800.	0.5480E-19
1847.	0.5325E-19
1894.	0.5175E-19
1942.	0.5027E-19
1990.	0.4887E-19
2040.	0.4748E-19
2090.	0.4616E-19
2141.	0.4486E-19
2193.	0.4361E-19
2246.	0.4238E-19
2299.	0.4121E-19
2353.	0.4005E-19
2408.	0.3894E-19
2464.	0.3785E-19
2521.	0.3679E-19
2579.	0.3578E-19
2637.	0.3477E-19
2697.	0.3381E-19
2757.	0.3287E-19
2818.	0.3196E-19
2880.	0.3108E-19
2944.	0.3020E-19
3008.	0.2938E-19
3073.	0.2855E-19
3139.	0.2776E-19
3205.	0.2700E-19
3274.	0.2625E-19
3342.	0.2551E-19
3412.	0.2481E-19
3483.	0.2413E-19
3555.	0.2345E-19
 
 
E/N (Td)	Total ionization freq. /N (m3/s)
0.3447E-02	0.5384E-25
0.4779E-02	0.6947E-25
0.5955E-02	0.8985E-25
0.7079E-02	0.1153E-24
0.8187E-02	0.1476E-24
0.9296E-02	0.1883E-24
0.1042E-01	0.2394E-24
0.1156E-01	0.3036E-24
0.1274E-01	0.3838E-24
0.1397E-01	0.4838E-24
0.1524E-01	0.6081E-24
0.1657E-01	0.7621E-24
0.1799E-01	0.9526E-24
0.1944E-01	0.1187E-23
0.2096E-01	0.1475E-23
0.2255E-01	0.1829E-23
0.2423E-01	0.2260E-23
0.2599E-01	0.2787E-23
0.2784E-01	0.3428E-23
0.2980E-01	0.4204E-23
0.3186E-01	0.5145E-23
0.3403E-01	0.6280E-23
0.3632E-01	0.7647E-23
0.3875E-01	0.9290E-23
0.4131E-01	0.1126E-22
0.4402E-01	0.1362E-22
0.4690E-01	0.1643E-22
0.4985E-01	0.1978E-22
0.5307E-01	0.2376E-22
0.5649E-01	0.2848E-22
0.6013E-01	0.3408E-22
0.6399E-01	0.4070E-22
0.6811E-01	0.4852E-22
0.7250E-01	0.5773E-22
0.7717E-01	0.6857E-22
0.8216E-01	0.8131E-22
0.8747E-01	0.9626E-22
0.9315E-01	0.1138E-21
0.9922E-01	0.1343E-21
0.1057	0.1584E-21
0.1126	0.1865E-21
0.1200	0.2193E-21
0.1279	0.2576E-21
0.1363	0.3023E-21
0.1453	0.3544E-21
0.1549	0.4152E-21
0.1651	0.4860E-21
0.1759	0.5684E-21
0.1875	0.6644E-21
0.1997	0.7760E-21
0.2126	0.9057E-21
0.2264	0.1057E-20
0.2409	0.1232E-20
0.2563	0.1435E-20
0.2726	0.1671E-20
0.2898	0.1945E-20
0.3080	0.2262E-20
0.3272	0.2630E-20
0.3475	0.3055E-20
0.3689	0.3548E-20
0.3916	0.4117E-20
0.4155	0.4775E-20
0.4409	0.5534E-20
0.4676	0.6410E-20
0.4960	0.7418E-20
0.5260	0.8579E-20
0.5578	0.9914E-20
0.5915	0.1145E-19
0.6271	0.1320E-19
0.6650	0.1521E-19
0.7051	0.1750E-19
0.7476	0.2012E-19
0.7928	0.2309E-19
0.8407	0.2646E-19
0.8916	0.3027E-19
0.9456	0.3458E-19
1.003	0.3941E-19
1.064	0.4483E-19
1.129	0.5088E-19
1.197	0.5761E-19
1.270	0.6506E-19
1.348	0.7329E-19
1.430	0.8233E-19
1.517	0.9221E-19
1.609	0.1030E-18
1.707	0.1147E-18
1.811	0.1273E-18
1.920	0.1408E-18
2.036	0.1553E-18
2.159	0.1708E-18
2.289	0.1872E-18
2.426	0.2045E-18
2.573	0.2228E-18
2.729	0.2419E-18
2.895	0.2620E-18
3.073	0.2829E-18
3.266	0.3046E-18
3.478	0.3271E-18
3.712	0.3504E-18
3.976	0.3745E-18
4.281	0.3993E-18
4.641	0.4248E-18
5.082	0.4509E-18
5.648	0.4776E-18
6.417	0.5047E-18
7.535	0.5321E-18
9.268	0.5593E-18
11.97	0.5861E-18
15.87	0.6155E-18
20.98	0.6776E-18
27.27	0.9130E-18
34.73	0.1721E-17
43.44	0.3916E-17
53.44	0.8805E-17
64.80	0.1819E-16
77.50	0.3423E-16
91.72	0.5964E-16
107.3	0.9680E-16
124.1	0.1483E-15
142.3	0.2167E-15
161.6	0.3041E-15
182.0	0.4124E-15
203.4	0.5431E-15
225.7	0.6977E-15
248.9	0.8771E-15
272.9	0.1082E-14
297.6	0.1313E-14
322.8	0.1571E-14
348.8	0.1857E-14
375.4	0.2170E-14
402.4	0.2511E-14
429.9	0.2877E-14
457.8	0.3273E-14
486.3	0.3696E-14
515.2	0.4147E-14
544.5	0.4627E-14
574.3	0.5133E-14
604.4	0.5667E-14
634.9	0.6228E-14
665.7	0.6817E-14
697.0	0.7432E-14
728.7	0.8074E-14
760.7	0.8742E-14
793.2	0.9436E-14
826.0	0.1016E-13
859.2	0.1090E-13
892.8	0.1167E-13
926.9	0.1247E-13
961.3	0.1329E-13
996.1	0.1413E-13
1031.	0.1500E-13
1067.	0.1589E-13
1103.	0.1681E-13
1140.	0.1774E-13
1177.	0.1871E-13
1215.	0.1969E-13
1253.	0.2070E-13
1292.	0.2172E-13
1331.	0.2278E-13
1370.	0.2385E-13
1411.	0.2494E-13
1451.	0.2605E-13
1493.	0.2719E-13
1535.	0.2834E-13
1577.	0.2951E-13
1621.	0.3071E-13
1664.	0.3192E-13
1709.	0.3315E-13
1754.	0.3440E-13
1800.	0.3566E-13
1847.	0.3695E-13
1894.	0.3825E-13
1942.	0.3957E-13
1990.	0.4090E-13
2040.	0.4226E-13
2090.	0.4362E-13
2141.	0.4500E-13
2193.	0.4640E-13
2246.	0.4781E-13
2299.	0.4923E-13
2353.	0.5066E-13
2408.	0.5211E-13
2464.	0.5357E-13
2521.	0.5504E-13
2579.	0.5652E-13
2637.	0.5801E-13
2697.	0.5951E-13
2757.	0.6102E-13
2818.	0.6254E-13
2880.	0.6407E-13
2944.	0.6560E-13
3008.	0.6715E-13
3073.	0.6869E-13
3139.	0.7024E-13
3205.	0.7180E-13
3274.	0.7336E-13
3342.	0.7492E-13
3412.	0.7648E-13
3483.	0.7806E-13
3555.	0.7962E-13
 
 
E/N (Td)	Townsend ioniz. coef. alpha/N (m2)
0.3447E-02	0.1271E-27
0.4779E-02	0.1218E-27
0.5955E-02	0.1298E-27
0.7079E-02	0.1444E-27
0.8187E-02	0.1649E-27
0.9296E-02	0.1912E-27
0.1042E-01	0.2239E-27
0.1156E-01	0.2638E-27
0.1274E-01	0.3124E-27
0.1397E-01	0.3714E-27
0.1524E-01	0.4426E-27
0.1657E-01	0.5281E-27
0.1799E-01	0.6319E-27
0.1944E-01	0.7550E-27
0.2096E-01	0.9022E-27
0.2255E-01	0.1078E-26
0.2423E-01	0.1288E-26
0.2599E-01	0.1537E-26
0.2784E-01	0.1834E-26
0.2980E-01	0.2187E-26
0.3186E-01	0.2605E-26
0.3403E-01	0.3100E-26
0.3632E-01	0.3686E-26
0.3875E-01	0.4379E-26
0.4131E-01	0.5197E-26
0.4402E-01	0.6161E-26
0.4690E-01	0.7298E-26
0.4985E-01	0.8620E-26
0.5307E-01	0.1019E-25
0.5649E-01	0.1203E-25
0.6013E-01	0.1420E-25
0.6399E-01	0.1673E-25
0.6811E-01	0.1971E-25
0.7250E-01	0.2321E-25
0.7717E-01	0.2729E-25
0.8216E-01	0.3208E-25
0.8747E-01	0.3768E-25
0.9315E-01	0.4423E-25
0.9922E-01	0.5189E-25
0.1057	0.6084E-25
0.1126	0.7130E-25
0.1200	0.8352E-25
0.1279	0.9778E-25
0.1363	0.1144E-24
0.1453	0.1338E-24
0.1549	0.1564E-24
0.1651	0.1827E-24
0.1759	0.2133E-24
0.1875	0.2488E-24
0.1997	0.2901E-24
0.2126	0.3380E-24
0.2264	0.3934E-24
0.2409	0.4575E-24
0.2563	0.5316E-24
0.2726	0.6172E-24
0.2898	0.7159E-24
0.3080	0.8296E-24
0.3272	0.9604E-24
0.3475	0.1111E-23
0.3689	0.1284E-23
0.3916	0.1482E-23
0.4155	0.1708E-23
0.4409	0.1968E-23
0.4676	0.2265E-23
0.4960	0.2603E-23
0.5260	0.2988E-23
0.5578	0.3426E-23
0.5915	0.3923E-23
0.6271	0.4485E-23
0.6650	0.5121E-23
0.7051	0.5837E-23
0.7476	0.6642E-23
0.7928	0.7544E-23
0.8407	0.8552E-23
0.8916	0.9675E-23
0.9456	0.1092E-22
1.003	0.1230E-22
1.064	0.1381E-22
1.129	0.1548E-22
1.197	0.1729E-22
1.270	0.1926E-22
1.348	0.2139E-22
1.430	0.2369E-22
1.517	0.2615E-22
1.609	0.2878E-22
1.707	0.3157E-22
1.811	0.3451E-22
1.920	0.3760E-22
2.036	0.4084E-22
2.159	0.4420E-22
2.289	0.4768E-22
2.426	0.5126E-22
2.573	0.5492E-22
2.729	0.5863E-22
2.895	0.6234E-22
3.073	0.6600E-22
3.266	0.6955E-22
3.478	0.7290E-22
3.712	0.7595E-22
3.976	0.7853E-22
4.281	0.8046E-22
4.641	0.8148E-22
5.082	0.8125E-22
5.648	0.7938E-22
6.417	0.7537E-22
7.535	0.6880E-22
9.268	0.5967E-22
11.97	0.4927E-22
15.87	0.3993E-22
20.98	0.3421E-22
27.27	0.3658E-22
34.73	0.5581E-22
43.44	0.1045E-21
53.44	0.1961E-21
64.80	0.3422E-21
77.50	0.5502E-21
91.72	0.8267E-21
107.3	0.1169E-20
124.1	0.1576E-20
142.3	0.2043E-20
161.6	0.2565E-20
182.0	0.3135E-20
203.4	0.3749E-20
225.7	0.4400E-20
248.9	0.5084E-20
272.9	0.5795E-20
297.6	0.6530E-20
322.8	0.7283E-20
348.8	0.8054E-20
375.4	0.8840E-20
402.4	0.9636E-20
429.9	0.1044E-19
457.8	0.1125E-19
486.3	0.1206E-19
515.2	0.1288E-19
544.5	0.1370E-19
574.3	0.1452E-19
604.4	0.1534E-19
634.9	0.1616E-19
665.7	0.1697E-19
697.0	0.1779E-19
728.7	0.1860E-19
760.7	0.1940E-19
793.2	0.2020E-19
826.0	0.2099E-19
859.2	0.2178E-19
892.8	0.2256E-19
926.9	0.2333E-19
961.3	0.2410E-19
996.1	0.2485E-19
1031.	0.2561E-19
1067.	0.2635E-19
1103.	0.2708E-19
1140.	0.2780E-19
1177.	0.2852E-19
1215.	0.2923E-19
1253.	0.2993E-19
1292.	0.3062E-19
1331.	0.3129E-19
1370.	0.3196E-19
1411.	0.3262E-19
1451.	0.3328E-19
1493.	0.3391E-19
1535.	0.3455E-19
1577.	0.3517E-19
1621.	0.3578E-19
1664.	0.3638E-19
1709.	0.3697E-19
1754.	0.3755E-19
1800.	0.3811E-19
1847.	0.3867E-19
1894.	0.3922E-19
1942.	0.3976E-19
1990.	0.4028E-19
2040.	0.4079E-19
2090.	0.4129E-19
2141.	0.4178E-19
2193.	0.4226E-19
2246.	0.4273E-19
2299.	0.4318E-19
2353.	0.4363E-19
2408.	0.4406E-19
2464.	0.4448E-19
2521.	0.4489E-19
2579.	0.4528E-19
2637.	0.4566E-19
2697.	0.4603E-19
2757.	0.4639E-19
2818.	0.4673E-19
2880.	0.4706E-19
2944.	0.4738E-19
3008.	0.4768E-19
3073.	0.4798E-19
3139.	0.4826E-19
3205.	0.4852E-19
3274.	0.4878E-19
3342.	0.4902E-19
3412.	0.4924E-19
3483.	0.4945E-19
3555.	0.4966E-19
 
 
E/N (Td)	Power /N (eV m3/s)
0.3447E-02	0.1460E-20
0.4779E-02	0.2727E-20
0.5955E-02	0.4123E-20
0.7079E-02	0.5651E-20
0.8187E-02	0.7327E-20
0.9296E-02	0.9155E-20
0.1042E-01	0.1114E-19
0.1156E-01	0.1331E-19
0.1274E-01	0.1565E-19
0.1397E-01	0.1819E-19
0.1524E-01	0.2094E-19
0.1657E-01	0.2391E-19
0.1799E-01	0.2711E-19
0.1944E-01	0.3056E-19
0.2096E-01	0.3427E-19
0.2255E-01	0.3825E-19
0.2423E-01	0.4253E-19
0.2599E-01	0.4712E-19
0.2784E-01	0.5203E-19
0.2980E-01	0.5729E-19
0.3186E-01	0.6292E-19
0.3403E-01	0.6893E-19
0.3632E-01	0.7535E-19
0.3875E-01	0.8220E-19
0.4131E-01	0.8950E-19
0.4402E-01	0.9728E-19
0.4690E-01	0.1056E-18
0.4985E-01	0.1144E-18
0.5307E-01	0.1237E-18
0.5649E-01	0.1337E-18
0.6013E-01	0.1444E-18
0.6399E-01	0.1556E-18
0.6811E-01	0.1676E-18
0.7250E-01	0.1804E-18
0.7717E-01	0.1939E-18
0.8216E-01	0.2082E-18
0.8747E-01	0.2235E-18
0.9315E-01	0.2397E-18
0.9922E-01	0.2569E-18
0.1057	0.2751E-18
0.1126	0.2945E-18
0.1200	0.3151E-18
0.1279	0.3370E-18
0.1363	0.3602E-18
0.1453	0.3849E-18
0.1549	0.4112E-18
0.1651	0.4391E-18
0.1759	0.4689E-18
0.1875	0.5005E-18
0.1997	0.5341E-18
0.2126	0.5699E-18
0.2264	0.6080E-18
0.2409	0.6486E-18
0.2563	0.6919E-18
0.2726	0.7381E-18
0.2898	0.7873E-18
0.3080	0.8398E-18
0.3272	0.8958E-18
0.3475	0.9557E-18
0.3689	0.1020E-17
0.3916	0.1088E-17
0.4155	0.1161E-17
0.4409	0.1240E-17
0.4676	0.1324E-17
0.4960	0.1414E-17
0.5260	0.1510E-17
0.5578	0.1614E-17
0.5915	0.1726E-17
0.6271	0.1846E-17
0.6650	0.1975E-17
0.7051	0.2114E-17
0.7476	0.2264E-17
0.7928	0.2426E-17
0.8407	0.2601E-17
0.8916	0.2790E-17
0.9456	0.2994E-17
1.003	0.3215E-17
1.064	0.3453E-17
1.129	0.3711E-17
1.197	0.3990E-17
1.270	0.4291E-17
1.348	0.4617E-17
1.430	0.4969E-17
1.517	0.5349E-17
1.609	0.5759E-17
1.707	0.6201E-17
1.811	0.6677E-17
1.920	0.7191E-17
2.036	0.7744E-17
2.159	0.8340E-17
2.289	0.8983E-17
2.426	0.9679E-17
2.573	0.1043E-16
2.729	0.1126E-16
2.895	0.1216E-16
3.073	0.1317E-16
3.266	0.1430E-16
3.478	0.1560E-16
3.712	0.1713E-16
3.976	0.1896E-16
4.281	0.2124E-16
4.641	0.2419E-16
5.082	0.2820E-16
5.648	0.3398E-16
6.417	0.4297E-16
7.535	0.5828E-16
9.268	0.8687E-16
11.97	0.1423E-15
15.87	0.2446E-15
20.98	0.4156E-15
27.27	0.6808E-15
34.73	0.1071E-14
43.44	0.1628E-14
53.44	0.2399E-14
64.80	0.3444E-14
77.50	0.4822E-14
91.72	0.6617E-14
107.3	0.8880E-14
124.1	0.1168E-13
142.3	0.1509E-13
161.6	0.1916E-13
182.0	0.2394E-13
203.4	0.2947E-13
225.7	0.3579E-13
248.9	0.4295E-13
272.9	0.5096E-13
297.6	0.5985E-13
322.8	0.6964E-13
348.8	0.8040E-13
375.4	0.9214E-13
402.4	0.1048E-12
429.9	0.1185E-12
457.8	0.1332E-12
486.3	0.1490E-12
515.2	0.1659E-12
544.5	0.1839E-12
574.3	0.2030E-12
604.4	0.2233E-12
634.9	0.2447E-12
665.7	0.2674E-12
697.0	0.2912E-12
728.7	0.3164E-12
760.7	0.3428E-12
793.2	0.3705E-12
826.0	0.3996E-12
859.2	0.4301E-12
892.8	0.4619E-12
926.9	0.4953E-12
961.3	0.5300E-12
996.1	0.5663E-12
1031.	0.6042E-12
1067.	0.6437E-12
1103.	0.6848E-12
1140.	0.7276E-12
1177.	0.7721E-12
1215.	0.8183E-12
1253.	0.8664E-12
1292.	0.9164E-12
1331.	0.9684E-12
1370.	0.1022E-11
1411.	0.1078E-11
1451.	0.1136E-11
1493.	0.1197E-11
1535.	0.1259E-11
1577.	0.1324E-11
1621.	0.1391E-11
1664.	0.1460E-11
1709.	0.1532E-11
1754.	0.1607E-11
1800.	0.1684E-11
1847.	0.1764E-11
1894.	0.1847E-11
1942.	0.1933E-11
1990.	0.2021E-11
2040.	0.2113E-11
2090.	0.2208E-11
2141.	0.2306E-11
2193.	0.2408E-11
2246.	0.2513E-11
2299.	0.2621E-11
2353.	0.2733E-11
2408.	0.2848E-11
2464.	0.2968E-11
2521.	0.3092E-11
2579.	0.3219E-11
2637.	0.3351E-11
2697.	0.3487E-11
2757.	0.3627E-11
2818.	0.3772E-11
2880.	0.3922E-11
2944.	0.4076E-11
3008.	0.4235E-11
3073.	0.4399E-11
3139.	0.4568E-11
3205.	0.4743E-11
3274.	0.4924E-11
3342.	0.5108E-11
3412.	0.5300E-11
3483.	0.5497E-11
3555.	0.5699E-11
 
 
E/N (Td)	Elastic power loss /N (eV m3/s)
0.3447E-02	0.1454E-20
0.4779E-02	0.2716E-20
0.5955E-02	0.4109E-20
0.7079E-02	0.5633E-20
0.8187E-02	0.7305E-20
0.9296E-02	0.9129E-20
0.1042E-01	0.1111E-19
0.1156E-01	0.1327E-19
0.1274E-01	0.1562E-19
0.1397E-01	0.1815E-19
0.1524E-01	0.2090E-19
0.1657E-01	0.2386E-19
0.1799E-01	0.2706E-19
0.1944E-01	0.3051E-19
0.2096E-01	0.3421E-19
0.2255E-01	0.3819E-19
0.2423E-01	0.4246E-19
0.2599E-01	0.4705E-19
0.2784E-01	0.5196E-19
0.2980E-01	0.5721E-19
0.3186E-01	0.6283E-19
0.3403E-01	0.6884E-19
0.3632E-01	0.7525E-19
0.3875E-01	0.8209E-19
0.4131E-01	0.8938E-19
0.4402E-01	0.9715E-19
0.4690E-01	0.1054E-18
0.4985E-01	0.1142E-18
0.5307E-01	0.1236E-18
0.5649E-01	0.1336E-18
0.6013E-01	0.1441E-18
0.6399E-01	0.1554E-18
0.6811E-01	0.1673E-18
0.7250E-01	0.1800E-18
0.7717E-01	0.1935E-18
0.8216E-01	0.2078E-18
0.8747E-01	0.2230E-18
0.9315E-01	0.2391E-18
0.9922E-01	0.2561E-18
0.1057	0.2743E-18
0.1126	0.2935E-18
0.1200	0.3139E-18
0.1279	0.3356E-18
0.1363	0.3586E-18
0.1453	0.3830E-18
0.1549	0.4089E-18
0.1651	0.4365E-18
0.1759	0.4657E-18
0.1875	0.4968E-18
0.1997	0.5298E-18
0.2126	0.5649E-18
0.2264	0.6021E-18
0.2409	0.6417E-18
0.2563	0.6838E-18
0.2726	0.7286E-18
0.2898	0.7762E-18
0.3080	0.8268E-18
0.3272	0.8806E-18
0.3475	0.9379E-18
0.3689	0.9989E-18
0.3916	0.1064E-17
0.4155	0.1133E-17
0.4409	0.1207E-17
0.4676	0.1285E-17
0.4960	0.1369E-17
0.5260	0.1458E-17
0.5578	0.1553E-17
0.5915	0.1655E-17
0.6271	0.1763E-17
0.6650	0.1879E-17
0.7051	0.2003E-17
0.7476	0.2135E-17
0.7928	0.2277E-17
0.8407	0.2428E-17
0.8916	0.2590E-17
0.9456	0.2764E-17
1.003	0.2950E-17
1.064	0.3149E-17
1.129	0.3363E-17
1.197	0.3592E-17
1.270	0.3837E-17
1.348	0.4100E-17
1.430	0.4383E-17
1.517	0.4685E-17
1.609	0.5010E-17
1.707	0.5358E-17
1.811	0.5731E-17
1.920	0.6130E-17
2.036	0.6558E-17
2.159	0.7016E-17
2.289	0.7506E-17
2.426	0.8030E-17
2.573	0.8590E-17
2.729	0.9188E-17
2.895	0.9824E-17
3.073	0.1050E-16
3.266	0.1122E-16
3.478	0.1199E-16
3.712	0.1280E-16
3.976	0.1367E-16
4.281	0.1458E-16
4.641	0.1556E-16
5.082	0.1660E-16
5.648	0.1770E-16
6.417	0.1888E-16
7.535	0.2014E-16
9.268	0.2148E-16
11.97	0.2289E-16
15.87	0.2434E-16
20.98	0.2581E-16
27.27	0.2731E-16
34.73	0.2884E-16
43.44	0.3042E-16
53.44	0.3204E-16
64.80	0.3370E-16
77.50	0.3539E-16
91.72	0.3713E-16
107.3	0.3889E-16
124.1	0.4069E-16
142.3	0.4251E-16
161.6	0.4436E-16
182.0	0.4623E-16
203.4	0.4813E-16
225.7	0.5005E-16
248.9	0.5201E-16
272.9	0.5399E-16
297.6	0.5600E-16
322.8	0.5803E-16
348.8	0.6011E-16
375.4	0.6222E-16
402.4	0.6437E-16
429.9	0.6654E-16
457.8	0.6876E-16
486.3	0.7101E-16
515.2	0.7331E-16
544.5	0.7566E-16
574.3	0.7804E-16
604.4	0.8047E-16
634.9	0.8295E-16
665.7	0.8548E-16
697.0	0.8806E-16
728.7	0.9069E-16
760.7	0.9338E-16
793.2	0.9612E-16
826.0	0.9893E-16
859.2	0.1018E-15
892.8	0.1047E-15
926.9	0.1077E-15
961.3	0.1107E-15
996.1	0.1139E-15
1031.	0.1171E-15
1067.	0.1203E-15
1103.	0.1237E-15
1140.	0.1271E-15
1177.	0.1306E-15
1215.	0.1341E-15
1253.	0.1378E-15
1292.	0.1416E-15
1331.	0.1454E-15
1370.	0.1493E-15
1411.	0.1533E-15
1451.	0.1575E-15
1493.	0.1617E-15
1535.	0.1660E-15
1577.	0.1705E-15
1621.	0.1750E-15
1664.	0.1797E-15
1709.	0.1844E-15
1754.	0.1893E-15
1800.	0.1943E-15
1847.	0.1995E-15
1894.	0.2048E-15
1942.	0.2102E-15
1990.	0.2157E-15
2040.	0.2214E-15
2090.	0.2272E-15
2141.	0.2331E-15
2193.	0.2392E-15
2246.	0.2455E-15
2299.	0.2519E-15
2353.	0.2585E-15
2408.	0.2653E-15
2464.	0.2722E-15
2521.	0.2793E-15
2579.	0.2865E-15
2637.	0.2940E-15
2697.	0.3016E-15
2757.	0.3094E-15
2818.	0.3174E-15
2880.	0.3256E-15
2944.	0.3340E-15
3008.	0.3426E-15
3073.	0.3514E-15
3139.	0.3604E-15
3205.	0.3697E-15
3274.	0.3791E-15
3342.	0.3888E-15
3412.	0.3987E-15
3483.	0.4089E-15
3555.	0.4192E-15
 
 
E/N (Td)	Inelastic power loss /N (eV m3/s)
0.3447E-02	0.2261E-24
0.4779E-02	0.2918E-24
0.5955E-02	0.3774E-24
0.7079E-02	0.4842E-24
0.8187E-02	0.6198E-24
0.9296E-02	0.7908E-24
0.1042E-01	0.1006E-23
0.1156E-01	0.1275E-23
0.1274E-01	0.1612E-23
0.1397E-01	0.2032E-23
0.1524E-01	0.2554E-23
0.1657E-01	0.3201E-23
0.1799E-01	0.4001E-23
0.1944E-01	0.4986E-23
0.2096E-01	0.6197E-23
0.2255E-01	0.7681E-23
0.2423E-01	0.9495E-23
0.2599E-01	0.1171E-22
0.2784E-01	0.1440E-22
0.2980E-01	0.1766E-22
0.3186E-01	0.2161E-22
0.3403E-01	0.2638E-22
0.3632E-01	0.3212E-22
0.3875E-01	0.3902E-22
0.4131E-01	0.4729E-22
0.4402E-01	0.5719E-22
0.4690E-01	0.6900E-22
0.4985E-01	0.8307E-22
0.5307E-01	0.9978E-22
0.5649E-01	0.1196E-21
0.6013E-01	0.1432E-21
0.6399E-01	0.1710E-21
0.6811E-01	0.2038E-21
0.7250E-01	0.2425E-21
0.7717E-01	0.2880E-21
0.8216E-01	0.3415E-21
0.8747E-01	0.4043E-21
0.9315E-01	0.4780E-21
0.9922E-01	0.5642E-21
0.1057	0.6652E-21
0.1126	0.7832E-21
0.1200	0.9210E-21
0.1279	0.1082E-20
0.1363	0.1270E-20
0.1453	0.1489E-20
0.1549	0.1744E-20
0.1651	0.2041E-20
0.1759	0.2387E-20
0.1875	0.2790E-20
0.1997	0.3259E-20
0.2126	0.3804E-20
0.2264	0.4437E-20
0.2409	0.5173E-20
0.2563	0.6027E-20
0.2726	0.7019E-20
0.2898	0.8169E-20
0.3080	0.9501E-20
0.3272	0.1105E-19
0.3475	0.1283E-19
0.3689	0.1490E-19
0.3916	0.1729E-19
0.4155	0.2005E-19
0.4409	0.2324E-19
0.4676	0.2692E-19
0.4960	0.3116E-19
0.5260	0.3603E-19
0.5578	0.4164E-19
0.5915	0.4807E-19
0.6271	0.5544E-19
0.6650	0.6388E-19
0.7051	0.7351E-19
0.7476	0.8449E-19
0.7928	0.9698E-19
0.8407	0.1111E-18
0.8916	0.1272E-18
0.9456	0.1452E-18
1.003	0.1655E-18
1.064	0.1883E-18
1.129	0.2137E-18
1.197	0.2420E-18
1.270	0.2734E-18
1.348	0.3080E-18
1.430	0.3461E-18
1.517	0.3878E-18
1.609	0.4335E-18
1.707	0.4833E-18
1.811	0.5375E-18
1.920	0.5967E-18
2.036	0.6616E-18
2.159	0.7335E-18
2.289	0.8141E-18
2.426	0.9066E-18
2.573	0.1016E-17
2.729	0.1149E-17
2.895	0.1317E-17
3.073	0.1537E-17
3.266	0.1833E-17
3.478	0.2240E-17
3.712	0.2815E-17
3.976	0.3642E-17
4.281	0.4852E-17
4.641	0.6665E-17
5.082	0.9461E-17
5.648	0.1395E-16
6.417	0.2157E-16
7.535	0.3542E-16
9.268	0.6245E-16
11.97	0.1163E-15
15.87	0.2169E-15
20.98	0.3860E-15
27.27	0.6482E-15
34.73	0.1032E-14
43.44	0.1574E-14
53.44	0.2313E-14
64.80	0.3295E-14
77.50	0.4563E-14
91.72	0.6182E-14
107.3	0.8180E-14
124.1	0.1060E-13
142.3	0.1349E-13
161.6	0.1688E-13
182.0	0.2078E-13
203.4	0.2523E-13
225.7	0.3022E-13
248.9	0.3579E-13
272.9	0.4192E-13
297.6	0.4862E-13
322.8	0.5589E-13
348.8	0.6376E-13
375.4	0.7222E-13
402.4	0.8125E-13
429.9	0.9080E-13
457.8	0.1010E-12
486.3	0.1117E-12
515.2	0.1230E-12
544.5	0.1348E-12
574.3	0.1473E-12
604.4	0.1602E-12
634.9	0.1737E-12
665.7	0.1878E-12
697.0	0.2024E-12
728.7	0.2175E-12
760.7	0.2331E-12
793.2	0.2492E-12
826.0	0.2658E-12
859.2	0.2829E-12
892.8	0.3005E-12
926.9	0.3186E-12
961.3	0.3372E-12
996.1	0.3562E-12
1031.	0.3757E-12
1067.	0.3956E-12
1103.	0.4160E-12
1140.	0.4368E-12
1177.	0.4580E-12
1215.	0.4797E-12
1253.	0.5018E-12
1292.	0.5242E-12
1331.	0.5471E-12
1370.	0.5704E-12
1411.	0.5940E-12
1451.	0.6180E-12
1493.	0.6425E-12
1535.	0.6672E-12
1577.	0.6923E-12
1621.	0.7178E-12
1664.	0.7436E-12
1709.	0.7697E-12
1754.	0.7961E-12
1800.	0.8229E-12
1847.	0.8500E-12
1894.	0.8773E-12
1942.	0.9050E-12
1990.	0.9329E-12
2040.	0.9611E-12
2090.	0.9894E-12
2141.	0.1018E-11
2193.	0.1047E-11
2246.	0.1076E-11
2299.	0.1105E-11
2353.	0.1135E-11
2408.	0.1165E-11
2464.	0.1195E-11
2521.	0.1225E-11
2579.	0.1255E-11
2637.	0.1285E-11
2697.	0.1316E-11
2757.	0.1346E-11
2818.	0.1377E-11
2880.	0.1408E-11
2944.	0.1439E-11
3008.	0.1470E-11
3073.	0.1501E-11
3139.	0.1532E-11
3205.	0.1563E-11
3274.	0.1594E-11
3342.	0.1625E-11
3412.	0.1656E-11
3483.	0.1687E-11
3555.	0.1718E-11
 
 
E/N (Td)	Growth power /N (eV m3/s)
0.3447E-02	0.2154E-25
0.4779E-02	0.2847E-25
0.5955E-02	0.3773E-25
0.7079E-02	0.4960E-25
0.8187E-02	0.6505E-25
0.9296E-02	0.8503E-25
0.1042E-01	0.1108E-24
0.1156E-01	0.1439E-24
0.1274E-01	0.1864E-24
0.1397E-01	0.2408E-24
0.1524E-01	0.3100E-24
0.1657E-01	0.3981E-24
0.1799E-01	0.5099E-24
0.1944E-01	0.6510E-24
0.2096E-01	0.8288E-24
0.2255E-01	0.1053E-23
0.2423E-01	0.1333E-23
0.2599E-01	0.1684E-23
0.2784E-01	0.2122E-23
0.2980E-01	0.2667E-23
0.3186E-01	0.3343E-23
0.3403E-01	0.4181E-23
0.3632E-01	0.5216E-23
0.3875E-01	0.6493E-23
0.4131E-01	0.8062E-23
0.4402E-01	0.9989E-23
0.4690E-01	0.1235E-22
0.4985E-01	0.1523E-22
0.5307E-01	0.1874E-22
0.5649E-01	0.2303E-22
0.6013E-01	0.2823E-22
0.6399E-01	0.3454E-22
0.6811E-01	0.4218E-22
0.7250E-01	0.5143E-22
0.7717E-01	0.6258E-22
0.8216E-01	0.7603E-22
0.8747E-01	0.9223E-22
0.9315E-01	0.1117E-21
0.9922E-01	0.1351E-21
0.1057	0.1632E-21
0.1126	0.1968E-21
0.1200	0.2372E-21
0.1279	0.2855E-21
0.1363	0.3433E-21
0.1453	0.4123E-21
0.1549	0.4949E-21
0.1651	0.5935E-21
0.1759	0.7112E-21
0.1875	0.8516E-21
0.1997	0.1019E-20
0.2126	0.1219E-20
0.2264	0.1457E-20
0.2409	0.1740E-20
0.2563	0.2077E-20
0.2726	0.2478E-20
0.2898	0.2955E-20
0.3080	0.3521E-20
0.3272	0.4194E-20
0.3475	0.4992E-20
0.3689	0.5939E-20
0.3916	0.7061E-20
0.4155	0.8390E-20
0.4409	0.9963E-20
0.4676	0.1182E-19
0.4960	0.1402E-19
0.5260	0.1661E-19
0.5578	0.1967E-19
0.5915	0.2326E-19
0.6271	0.2749E-19
0.6650	0.3245E-19
0.7051	0.3826E-19
0.7476	0.4506E-19
0.7928	0.5298E-19
0.8407	0.6221E-19
0.8916	0.7293E-19
0.9456	0.8533E-19
1.003	0.9966E-19
1.064	0.1161E-18
1.129	0.1351E-18
1.197	0.1567E-18
1.270	0.1813E-18
1.348	0.2092E-18
1.430	0.2408E-18
1.517	0.2763E-18
1.609	0.3162E-18
1.707	0.3607E-18
1.811	0.4101E-18
1.920	0.4650E-18
2.036	0.5254E-18
2.159	0.5918E-18
2.289	0.6646E-18
2.426	0.7439E-18
2.573	0.8303E-18
2.729	0.9240E-18
2.895	0.1025E-17
3.073	0.1134E-17
3.266	0.1251E-17
3.478	0.1376E-17
3.712	0.1511E-17
3.976	0.1654E-17
4.281	0.1807E-17
4.641	0.1970E-17
5.082	0.2142E-17
5.648	0.2325E-17
6.417	0.2518E-17
7.535	0.2719E-17
9.268	0.2928E-17
11.97	0.3144E-17
15.87	0.3383E-17
20.98	0.3816E-17
27.27	0.5268E-17
34.73	0.1017E-16
43.44	0.2372E-16
53.44	0.5463E-16
64.80	0.1157E-15
77.50	0.2229E-15
91.72	0.3980E-15
107.3	0.6619E-15
124.1	0.1039E-14
142.3	0.1556E-14
161.6	0.2236E-14
182.0	0.3107E-14
203.4	0.4193E-14
225.7	0.5518E-14
248.9	0.7108E-14
272.9	0.8985E-14
297.6	0.1117E-13
322.8	0.1369E-13
348.8	0.1658E-13
375.4	0.1986E-13
402.4	0.2354E-13
429.9	0.2763E-13
457.8	0.3220E-13
486.3	0.3727E-13
515.2	0.4284E-13
544.5	0.4897E-13
574.3	0.5566E-13
604.4	0.6296E-13
634.9	0.7089E-13
665.7	0.7951E-13
697.0	0.8881E-13
728.7	0.9884E-13
760.7	0.1096E-12
793.2	0.1213E-12
826.0	0.1337E-12
859.2	0.1471E-12
892.8	0.1613E-12
926.9	0.1765E-12
961.3	0.1928E-12
996.1	0.2101E-12
1031.	0.2284E-12
1067.	0.2480E-12
1103.	0.2687E-12
1140.	0.2907E-12
1177.	0.3140E-12
1215.	0.3386E-12
1253.	0.3646E-12
1292.	0.3922E-12
1331.	0.4212E-12
1370.	0.4519E-12
1411.	0.4842E-12
1451.	0.5182E-12
1493.	0.5541E-12
1535.	0.5917E-12
1577.	0.6314E-12
1621.	0.6730E-12
1664.	0.7168E-12
1709.	0.7627E-12
1754.	0.8109E-12
1800.	0.8614E-12
1847.	0.9144E-12
1894.	0.9698E-12
1942.	0.1028E-11
1990.	0.1089E-11
2040.	0.1152E-11
2090.	0.1219E-11
2141.	0.1288E-11
2193.	0.1361E-11
2246.	0.1437E-11
2299.	0.1516E-11
2353.	0.1598E-11
2408.	0.1684E-11
2464.	0.1774E-11
2521.	0.1868E-11
2579.	0.1965E-11
2637.	0.2066E-11
2697.	0.2172E-11
2757.	0.2281E-11
2818.	0.2396E-11
2880.	0.2515E-11
2944.	0.2638E-11
3008.	0.2766E-11
3073.	0.2899E-11
3139.	0.3037E-11
3205.	0.3181E-11
3274.	0.3331E-11
3342.	0.3484E-11
3412.	0.3645E-11
3483.	0.3811E-11
3555.	0.3983E-11
 
 
E/N (Td)	e-i power loss /N (eV m3/s)
0.3447E-02	0.6069E-23
0.4779E-02	0.1060E-22
0.5955E-02	0.1482E-22
0.7079E-02	0.1901E-22
0.8187E-02	0.2306E-22
0.9296E-02	0.2696E-22
0.1042E-01	0.3073E-22
0.1156E-01	0.3433E-22
0.1274E-01	0.3780E-22
0.1397E-01	0.4116E-22
0.1524E-01	0.4441E-22
0.1657E-01	0.4753E-22
0.1799E-01	0.5042E-22
0.1944E-01	0.5331E-22
0.2096E-01	0.5608E-22
0.2255E-01	0.5876E-22
0.2423E-01	0.6132E-22
0.2599E-01	0.6378E-22
0.2784E-01	0.6615E-22
0.2980E-01	0.6842E-22
0.3186E-01	0.7059E-22
0.3403E-01	0.7267E-22
0.3632E-01	0.7466E-22
0.3875E-01	0.7656E-22
0.4131E-01	0.7838E-22
0.4402E-01	0.8011E-22
0.4690E-01	0.8176E-22
0.4985E-01	0.8277E-22
0.5307E-01	0.8427E-22
0.5649E-01	0.8568E-22
0.6013E-01	0.8702E-22
0.6399E-01	0.8829E-22
0.6811E-01	0.8947E-22
0.7250E-01	0.9058E-22
0.7717E-01	0.9164E-22
0.8216E-01	0.9262E-22
0.8747E-01	0.9352E-22
0.9315E-01	0.9436E-22
0.9922E-01	0.9511E-22
0.1057	0.9580E-22
0.1126	0.9641E-22
0.1200	0.9694E-22
0.1279	0.9740E-22
0.1363	0.9779E-22
0.1453	0.9819E-22
0.1549	0.9841E-22
0.1651	0.9856E-22
0.1759	0.9865E-22
0.1875	0.9870E-22
0.1997	0.9869E-22
0.2126	0.9863E-22
0.2264	0.9851E-22
0.2409	0.9834E-22
0.2563	0.9812E-22
0.2726	0.9785E-22
0.2898	0.9755E-22
0.3080	0.9721E-22
0.3272	0.9683E-22
0.3475	0.9643E-22
0.3689	0.9599E-22
0.3916	0.9553E-22
0.4155	0.9504E-22
0.4409	0.9453E-22
0.4676	0.9400E-22
0.4960	0.9346E-22
0.5260	0.9290E-22
0.5578	0.9232E-22
0.5915	0.9174E-22
0.6271	0.9114E-22
0.6650	0.9053E-22
0.7051	0.8992E-22
0.7476	0.8930E-22
0.7928	0.8867E-22
0.8407	0.8804E-22
0.8916	0.8740E-22
0.9456	0.8677E-22
1.003	0.8613E-22
1.064	0.8549E-22
1.129	0.8485E-22
1.197	0.8421E-22
1.270	0.8357E-22
1.348	0.8294E-22
1.430	0.8230E-22
1.517	0.8167E-22
1.609	0.8104E-22
1.707	0.8041E-22
1.811	0.7978E-22
1.920	0.7916E-22
2.036	0.7854E-22
2.159	0.7792E-22
2.289	0.7730E-22
2.426	0.7669E-22
2.573	0.7608E-22
2.729	0.7548E-22
2.895	0.7488E-22
3.073	0.7428E-22
3.266	0.7368E-22
3.478	0.7309E-22
3.712	0.7251E-22
3.976	0.7193E-22
4.281	0.7135E-22
4.641	0.7079E-22
5.082	0.7024E-22
5.648	0.6972E-22
6.417	0.6921E-22
7.535	0.6873E-22
9.268	0.6827E-22
11.97	0.6781E-22
15.87	0.6733E-22
20.98	0.6681E-22
27.27	0.6628E-22
34.73	0.6575E-22
43.44	0.6522E-22
53.44	0.6470E-22
64.80	0.6419E-22
77.50	0.6369E-22
91.72	0.6320E-22
107.3	0.6272E-22
124.1	0.6225E-22
142.3	0.6179E-22
161.6	0.6133E-22
182.0	0.6087E-22
203.4	0.6042E-22
225.7	0.5998E-22
248.9	0.5954E-22
272.9	0.5910E-22
297.6	0.5867E-22
322.8	0.5825E-22
348.8	0.5783E-22
375.4	0.5741E-22
402.4	0.5699E-22
429.9	0.5658E-22
457.8	0.5618E-22
486.3	0.5578E-22
515.2	0.5538E-22
544.5	0.5498E-22
574.3	0.5459E-22
604.4	0.5420E-22
634.9	0.5382E-22
665.7	0.5345E-22
697.0	0.5307E-22
728.7	0.5269E-22
760.7	0.5232E-22
793.2	0.5195E-22
826.0	0.5158E-22
859.2	0.5122E-22
892.8	0.5086E-22
926.9	0.5049E-22
961.3	0.5014E-22
996.1	0.4978E-22
1031.	0.4942E-22
1067.	0.4907E-22
1103.	0.4872E-22
1140.	0.4837E-22
1177.	0.4802E-22
1215.	0.4767E-22
1253.	0.4732E-22
1292.	0.4698E-22
1331.	0.4664E-22
1370.	0.4629E-22
1411.	0.4595E-22
1451.	0.4561E-22
1493.	0.4527E-22
1535.	0.4493E-22
1577.	0.4459E-22
1621.	0.4426E-22
1664.	0.4392E-22
1709.	0.4359E-22
1754.	0.4326E-22
1800.	0.4293E-22
1847.	0.4260E-22
1894.	0.4227E-22
1942.	0.4194E-22
1990.	0.4161E-22
2040.	0.4129E-22
2090.	0.4096E-22
2141.	0.4064E-22
2193.	0.4032E-22
2246.	0.4000E-22
2299.	0.3968E-22
2353.	0.3936E-22
2408.	0.3904E-22
2464.	0.3873E-22
2521.	0.3842E-22
2579.	0.3810E-22
2637.	0.3780E-22
2697.	0.3749E-22
2757.	0.3718E-22
2818.	0.3687E-22
2880.	0.3657E-22
2944.	0.3627E-22
3008.	0.3597E-22
3073.	0.3568E-22
3139.	0.3538E-22
3205.	0.3508E-22
3274.	0.3479E-22
3342.	0.3450E-22
3412.	0.3421E-22
3483.	0.3393E-22
3555.	0.3364E-22
 
 
E/N (Td)	Coulomb logarithm
0.3447E-02	8.928
0.4779E-02	8.964
0.5955E-02	9.001
0.7079E-02	9.037
0.8187E-02	9.074
0.9296E-02	9.110
0.1042E-01	9.146
0.1156E-01	9.183
0.1274E-01	9.219
0.1397E-01	9.256
0.1524E-01	9.292
0.1657E-01	9.328
0.1799E-01	9.365
0.1944E-01	9.401
0.2096E-01	9.438
0.2255E-01	9.474
0.2423E-01	9.510
0.2599E-01	9.547
0.2784E-01	9.583
0.2980E-01	9.619
0.3186E-01	9.656
0.3403E-01	9.692
0.3632E-01	9.729
0.3875E-01	9.765
0.4131E-01	9.801
0.4402E-01	9.838
0.4690E-01	9.874
0.4985E-01	9.911
0.5307E-01	9.947
0.5649E-01	9.983
0.6013E-01	10.02
0.6399E-01	10.06
0.6811E-01	10.09
0.7250E-01	10.13
0.7717E-01	10.17
0.8216E-01	10.20
0.8747E-01	10.24
0.9315E-01	10.27
0.9922E-01	10.31
0.1057	10.35
0.1126	10.38
0.1200	10.42
0.1279	10.46
0.1363	10.49
0.1453	10.53
0.1549	10.57
0.1651	10.60
0.1759	10.64
0.1875	10.67
0.1997	10.71
0.2126	10.75
0.2264	10.78
0.2409	10.82
0.2563	10.86
0.2726	10.89
0.2898	10.93
0.3080	10.97
0.3272	11.00
0.3475	11.04
0.3689	11.08
0.3916	11.11
0.4155	11.15
0.4409	11.18
0.4676	11.22
0.4960	11.26
0.5260	11.29
0.5578	11.33
0.5915	11.37
0.6271	11.40
0.6650	11.44
0.7051	11.48
0.7476	11.51
0.7928	11.55
0.8407	11.58
0.8916	11.62
0.9456	11.66
1.003	11.69
1.064	11.73
1.129	11.77
1.197	11.80
1.270	11.84
1.348	11.88
1.430	11.91
1.517	11.95
1.609	11.99
1.707	12.02
1.811	12.06
1.920	12.09
2.036	12.13
2.159	12.17
2.289	12.20
2.426	12.24
2.573	12.28
2.729	12.31
2.895	12.35
3.073	12.39
3.266	12.42
3.478	12.46
3.712	12.49
3.976	12.53
4.281	12.57
4.641	12.60
5.082	12.64
5.648	12.68
6.417	12.71
7.535	12.75
9.268	12.79
11.97	12.82
15.87	12.86
20.98	12.89
27.27	12.93
34.73	12.97
43.44	13.00
53.44	13.04
64.80	13.08
77.50	13.11
91.72	13.15
107.3	13.19
124.1	13.22
142.3	13.26
161.6	13.30
182.0	13.33
203.4	13.37
225.7	13.40
248.9	13.44
272.9	13.48
297.6	13.51
322.8	13.55
348.8	13.59
375.4	13.62
402.4	13.66
429.9	13.70
457.8	13.73
486.3	13.77
515.2	13.80
544.5	13.84
574.3	13.88
604.4	13.91
634.9	13.95
665.7	13.99
697.0	14.02
728.7	14.06
760.7	14.10
793.2	14.13
826.0	14.17
859.2	14.21
892.8	14.24
926.9	14.28
961.3	14.31
996.1	14.35
1031.	14.39
1067.	14.42
1103.	14.46
1140.	14.50
1177.	14.53
1215.	14.57
1253.	14.61
1292.	14.64
1331.	14.68
1370.	14.71
1411.	14.75
1451.	14.79
1493.	14.82
1535.	14.86
1577.	14.90
1621.	14.93
1664.	14.97
1709.	15.01
1754.	15.04
1800.	15.08
1847.	15.12
1894.	15.15
1942.	15.19
1990.	15.22
2040.	15.26
2090.	15.30
2141.	15.33
2193.	15.37
2246.	15.41
2299.	15.44
2353.	15.48
2408.	15.52
2464.	15.55
2521.	15.59
2579.	15.62
2637.	15.66
2697.	15.70
2757.	15.73
2818.	15.77
2880.	15.81
2944.	15.84
3008.	15.88
3073.	15.92
3139.	15.95
3205.	15.99
3274.	16.03
3342.	16.06
3412.	16.10
3483.	16.13
3555.	16.17
 
 
E/N (Td)	Maximum energy
0.3447E-02	6.211
0.4779E-02	6.211
0.5955E-02	7.398
0.7079E-02	7.398
0.8187E-02	7.398
0.9296E-02	7.398
0.1042E-01	7.407
0.1156E-01	7.512
0.1274E-01	7.604
0.1397E-01	7.608
0.1524E-01	7.613
0.1657E-01	7.618
0.1799E-01	7.929
0.1944E-01	7.935
0.2096E-01	7.942
0.2255E-01	7.950
0.2423E-01	7.959
0.2599E-01	7.969
0.2784E-01	7.980
0.2980E-01	7.993
0.3186E-01	8.007
0.3403E-01	8.022
0.3632E-01	8.039
0.3875E-01	8.058
0.4131E-01	8.079
0.4402E-01	8.102
0.4690E-01	8.128
0.4985E-01	9.713
0.5307E-01	9.750
0.5649E-01	9.791
0.6013E-01	9.836
0.6399E-01	9.885
0.6811E-01	9.938
0.7250E-01	9.997
0.7717E-01	10.06
0.8216E-01	10.13
0.8747E-01	10.21
0.9315E-01	10.29
0.9922E-01	10.38
0.1057	10.48
0.1126	10.58
0.1200	10.69
0.1279	10.82
0.1363	11.32
0.1453	9.625
0.1549	9.758
0.1651	9.904
0.1759	10.06
0.1875	10.24
0.1997	10.33
0.2126	10.40
0.2264	10.47
0.2409	10.55
0.2563	10.63
0.2726	10.72
0.2898	10.82
0.3080	10.92
0.3272	11.04
0.3475	11.15
0.3689	11.28
0.3916	11.41
0.4155	11.55
0.4409	11.70
0.4676	11.86
0.4960	12.03
0.5260	12.20
0.5578	12.39
0.5915	12.58
0.6271	12.79
0.6650	13.00
0.7051	13.49
0.7476	13.66
0.7928	13.85
0.8407	14.04
0.8916	14.18
0.9456	14.33
1.003	14.47
1.064	14.60
1.129	14.75
1.197	14.90
1.270	15.03
1.348	15.17
1.430	15.32
1.517	15.43
1.609	15.70
1.707	15.84
1.811	15.94
1.920	16.07
2.036	16.21
2.159	16.32
2.289	16.49
2.426	16.60
2.573	16.75
2.729	16.86
2.895	17.04
3.073	14.52
3.266	14.69
3.478	14.79
3.712	14.94
3.976	15.13
4.281	15.32
4.641	15.42
5.082	15.77
5.648	16.04
6.417	16.48
7.535	16.92
9.268	17.57
11.97	18.70
15.87	19.99
20.98	21.53
27.27	23.55
34.73	25.54
43.44	27.78
53.44	30.12
64.80	33.40
77.50	36.20
91.72	39.21
107.3	43.48
124.1	46.78
142.3	51.15
161.6	55.53
182.0	60.58
203.4	66.37
225.7	72.92
248.9	77.29
272.9	85.07
297.6	90.11
322.8	95.36
348.8	105.2
375.4	111.3
402.4	117.7
429.9	124.1
457.8	136.7
486.3	143.8
515.2	151.1
544.5	158.7
574.3	166.6
604.4	184.1
634.9	193.2
665.7	202.8
697.0	212.7
728.7	223.0
760.7	233.6
793.2	244.6
826.0	302.6
859.2	316.4
892.8	297.7
926.9	311.6
961.3	326.0
996.1	340.9
1031.	356.5
1067.	372.8
1103.	389.6
1140.	407.1
1177.	425.4
1215.	444.5
1253.	464.6
1292.	485.5
1331.	506.7
1370.	528.4
1411.	550.7
1451.	678.4
1493.	706.7
1535.	674.8
1577.	704.0
1621.	734.6
1664.	766.5
1709.	799.5
1754.	834.2
1800.	870.6
1847.	908.1
1894.	947.6
1942.	989.3
1990.	1032.
2040.	1077.
2090.	1124.
2141.	1174.
2193.	1225.
2246.	1279.
2299.	1336.
2353.	1395.
2408.	1459.
2464.	1526.
2521.	1597.
2579.	1671.
2637.	1750.
2697.	1834.
2757.	1919.
2818.	2011.
2880.	2109.
2944.	2211.
3008.	2095.
3073.	2175.
3139.	2256.
3205.	2342.
3274.	2407.
3342.	2496.
3412.	2593.
3483.	2705.
3555.	2811.
 
 
E/N (Td)	# of iterations
0.3447E-02	65.00
0.4779E-02	61.00
0.5955E-02	241.0
0.7079E-02	228.0
0.8187E-02	221.0
0.9296E-02	205.0
0.1042E-01	79.00
0.1156E-01	78.00
0.1274E-01	77.00
0.1397E-01	77.00
0.1524E-01	75.00
0.1657E-01	73.00
0.1799E-01	69.00
0.1944E-01	68.00
0.2096E-01	66.00
0.2255E-01	64.00
0.2423E-01	63.00
0.2599E-01	61.00
0.2784E-01	60.00
0.2980E-01	58.00
0.3186E-01	56.00
0.3403E-01	56.00
0.3632E-01	54.00
0.3875E-01	53.00
0.4131E-01	52.00
0.4402E-01	51.00
0.4690E-01	50.00
0.4985E-01	72.00
0.5307E-01	72.00
0.5649E-01	69.00
0.6013E-01	69.00
0.6399E-01	67.00
0.6811E-01	66.00
0.7250E-01	64.00
0.7717E-01	63.00
0.8216E-01	62.00
0.8747E-01	61.00
0.9315E-01	60.00
0.9922E-01	58.00
0.1057	58.00
0.1126	57.00
0.1200	57.00
0.1279	56.00
0.1363	55.00
0.1453	37.00
0.1549	38.00
0.1651	38.00
0.1759	40.00
0.1875	63.00
0.1997	70.00
0.2126	83.00
0.2264	88.00
0.2409	82.00
0.2563	90.00
0.2726	92.00
0.2898	98.00
0.3080	109.0
0.3272	108.0
0.3475	114.0
0.3689	114.0
0.3916	123.0
0.4155	113.0
0.4409	123.0
0.4676	120.0
0.4960	121.0
0.5260	84.00
0.5578	98.00
0.5915	71.00
0.6271	82.00
0.6650	88.00
0.7051	92.00
0.7476	66.00
0.7928	73.00
0.8407	79.00
0.8916	41.00
0.9456	62.00
1.003	65.00
1.064	65.00
1.129	47.00
1.197	55.00
1.270	58.00
1.348	31.00
1.430	46.00
1.517	48.00
1.609	33.00
1.707	16.00
1.811	14.00
1.920	14.00
2.036	12.00
2.159	12.00
2.289	12.00
2.426	12.00
2.573	12.00
2.729	12.00
2.895	12.00
3.073	6.000
3.266	6.000
3.478	5.000
3.712	5.000
3.976	5.000
4.281	5.000
4.641	5.000
5.082	7.000
5.648	22.00
6.417	27.00
7.535	4.000
9.268	24.00
11.97	22.00
15.87	7.000
20.98	21.00
27.27	6.000
34.73	5.000
43.44	5.000
53.44	5.000
64.80	5.000
77.50	7.000
91.72	7.000
107.3	7.000
124.1	7.000
142.3	7.000
161.6	7.000
182.0	7.000
203.4	7.000
225.7	9.000
248.9	9.000
272.9	9.000
297.6	9.000
322.8	9.000
348.8	9.000
375.4	9.000
402.4	9.000
429.9	9.000
457.8	9.000
486.3	9.000
515.2	9.000
544.5	9.000
574.3	9.000
604.4	6.000
634.9	7.000
665.7	9.000
697.0	9.000
728.7	9.000
760.7	9.000
793.2	9.000
826.0	19.00
859.2	18.00
892.8	8.000
926.9	8.000
961.3	8.000
996.1	10.00
1031.	11.00
1067.	11.00
1103.	9.000
1140.	9.000
1177.	9.000
1215.	9.000
1253.	8.000
1292.	9.000
1331.	9.000
1370.	9.000
1411.	10.00
1451.	19.00
1493.	19.00
1535.	9.000
1577.	9.000
1621.	10.00
1664.	10.00
1709.	10.00
1754.	10.00
1800.	10.00
1847.	10.00
1894.	10.00
1942.	10.00
1990.	10.00
2040.	10.00
2090.	11.00
2141.	11.00
2193.	11.00
2246.	11.00
2299.	11.00
2353.	11.00
2408.	11.00
2464.	11.00
2521.	11.00
2579.	11.00
2637.	12.00
2697.	12.00
2757.	9.000
2818.	12.00
2880.	12.00
2944.	12.00
3008.	24.00
3073.	24.00
3139.	25.00
3205.	25.00
3274.	25.00
3342.	25.00
3412.	23.00
3483.	23.00
3555.	23.00
 
 
E/N (Td)	# of grid trials
0.3447E-02	1.000
0.4779E-02	1.000
0.5955E-02	2.000
0.7079E-02	2.000
0.8187E-02	2.000
0.9296E-02	2.000
0.1042E-01	2.000
0.1156E-01	2.000
0.1274E-01	2.000
0.1397E-01	2.000
0.1524E-01	2.000
0.1657E-01	2.000
0.1799E-01	2.000
0.1944E-01	2.000
0.2096E-01	2.000
0.2255E-01	2.000
0.2423E-01	2.000
0.2599E-01	2.000
0.2784E-01	2.000
0.2980E-01	2.000
0.3186E-01	2.000
0.3403E-01	2.000
0.3632E-01	2.000
0.3875E-01	2.000
0.4131E-01	2.000
0.4402E-01	2.000
0.4690E-01	2.000
0.4985E-01	3.000
0.5307E-01	3.000
0.5649E-01	3.000
0.6013E-01	3.000
0.6399E-01	3.000
0.6811E-01	3.000
0.7250E-01	3.000
0.7717E-01	3.000
0.8216E-01	3.000
0.8747E-01	3.000
0.9315E-01	3.000
0.9922E-01	3.000
0.1057	3.000
0.1126	3.000
0.1200	3.000
0.1279	3.000
0.1363	3.000
0.1453	2.000
0.1549	2.000
0.1651	2.000
0.1759	2.000
0.1875	2.000
0.1997	2.000
0.2126	2.000
0.2264	2.000
0.2409	2.000
0.2563	2.000
0.2726	2.000
0.2898	2.000
0.3080	2.000
0.3272	2.000
0.3475	2.000
0.3689	2.000
0.3916	2.000
0.4155	2.000
0.4409	2.000
0.4676	2.000
0.4960	2.000
0.5260	2.000
0.5578	2.000
0.5915	2.000
0.6271	2.000
0.6650	2.000
0.7051	2.000
0.7476	2.000
0.7928	2.000
0.8407	2.000
0.8916	2.000
0.9456	2.000
1.003	2.000
1.064	2.000
1.129	2.000
1.197	2.000
1.270	2.000
1.348	2.000
1.430	2.000
1.517	2.000
1.609	2.000
1.707	2.000
1.811	2.000
1.920	2.000
2.036	2.000
2.159	2.000
2.289	2.000
2.426	2.000
2.573	2.000
2.729	2.000
2.895	2.000
3.073	1.000
3.266	1.000
3.478	1.000
3.712	1.000
3.976	1.000
4.281	1.000
4.641	1.000
5.082	1.000
5.648	1.000
6.417	1.000
7.535	1.000
9.268	1.000
11.97	1.000
15.87	1.000
20.98	1.000
27.27	1.000
34.73	1.000
43.44	1.000
53.44	1.000
64.80	1.000
77.50	1.000
91.72	1.000
107.3	1.000
124.1	1.000
142.3	1.000
161.6	1.000
182.0	1.000
203.4	1.000
225.7	1.000
248.9	1.000
272.9	1.000
297.6	1.000
322.8	1.000
348.8	1.000
375.4	1.000
402.4	1.000
429.9	1.000
457.8	1.000
486.3	1.000
515.2	1.000
544.5	1.000
574.3	1.000
604.4	1.000
634.9	1.000
665.7	1.000
697.0	1.000
728.7	1.000
760.7	1.000
793.2	1.000
826.0	2.000
859.2	2.000
892.8	1.000
926.9	1.000
961.3	1.000
996.1	1.000
1031.	1.000
1067.	1.000
1103.	1.000
1140.	1.000
1177.	1.000
1215.	1.000
1253.	1.000
1292.	1.000
1331.	1.000
1370.	1.000
1411.	1.000
1451.	2.000
1493.	2.000
1535.	1.000
1577.	1.000
1621.	1.000
1664.	1.000
1709.	1.000
1754.	1.000
1800.	1.000
1847.	1.000
1894.	1.000
1942.	1.000
1990.	1.000
2040.	1.000
2090.	1.000
2141.	1.000
2193.	1.000
2246.	1.000
2299.	1.000
2353.	1.000
2408.	1.000
2464.	1.000
2521.	1.000
2579.	1.000
2637.	1.000
2697.	1.000
2757.	1.000
2818.	1.000
2880.	1.000
2944.	1.000
3008.	2.000
3073.	2.000
3139.	2.000
3205.	2.000
3274.	2.000
3342.	2.000
3412.	2.000
3483.	2.000
3555.	2.000
 
 
C1    Ar    Elastic                                             
E/N (Td)	Rate coefficient (m3/s)
0.3447E-02	0.2362E-14
0.4779E-02	0.2444E-14
0.5955E-02	0.2530E-14
0.7079E-02	0.2621E-14
0.8187E-02	0.2716E-14
0.9296E-02	0.2815E-14
0.1042E-01	0.2918E-14
0.1156E-01	0.3026E-14
0.1274E-01	0.3138E-14
0.1397E-01	0.3255E-14
0.1524E-01	0.3377E-14
0.1657E-01	0.3504E-14
0.1799E-01	0.3636E-14
0.1944E-01	0.3773E-14
0.2096E-01	0.3916E-14
0.2255E-01	0.4064E-14
0.2423E-01	0.4218E-14
0.2599E-01	0.4378E-14
0.2784E-01	0.4544E-14
0.2980E-01	0.4716E-14
0.3186E-01	0.4895E-14
0.3403E-01	0.5080E-14
0.3632E-01	0.5272E-14
0.3875E-01	0.5471E-14
0.4131E-01	0.5678E-14
0.4402E-01	0.5892E-14
0.4690E-01	0.6113E-14
0.4985E-01	0.6343E-14
0.5307E-01	0.6580E-14
0.5649E-01	0.6826E-14
0.6013E-01	0.7081E-14
0.6399E-01	0.7345E-14
0.6811E-01	0.7619E-14
0.7250E-01	0.7902E-14
0.7717E-01	0.8195E-14
0.8216E-01	0.8498E-14
0.8747E-01	0.8812E-14
0.9315E-01	0.9137E-14
0.9922E-01	0.9474E-14
0.1057	0.9823E-14
0.1126	0.1018E-13
0.1200	0.1056E-13
0.1279	0.1095E-13
0.1363	0.1135E-13
0.1453	0.1176E-13
0.1549	0.1219E-13
0.1651	0.1264E-13
0.1759	0.1310E-13
0.1875	0.1358E-13
0.1997	0.1408E-13
0.2126	0.1459E-13
0.2264	0.1513E-13
0.2409	0.1568E-13
0.2563	0.1625E-13
0.2726	0.1685E-13
0.2898	0.1747E-13
0.3080	0.1811E-13
0.3272	0.1877E-13
0.3475	0.1946E-13
0.3689	0.2018E-13
0.3916	0.2093E-13
0.4155	0.2170E-13
0.4409	0.2250E-13
0.4676	0.2333E-13
0.4960	0.2420E-13
0.5260	0.2510E-13
0.5578	0.2604E-13
0.5915	0.2702E-13
0.6271	0.2803E-13
0.6650	0.2909E-13
0.7051	0.3019E-13
0.7476	0.3133E-13
0.7928	0.3253E-13
0.8407	0.3377E-13
0.8916	0.3507E-13
0.9456	0.3642E-13
1.003	0.3783E-13
1.064	0.3930E-13
1.129	0.4083E-13
1.197	0.4244E-13
1.270	0.4411E-13
1.348	0.4585E-13
1.430	0.4767E-13
1.517	0.4957E-13
1.609	0.5156E-13
1.707	0.5362E-13
1.811	0.5578E-13
1.920	0.5803E-13
2.036	0.6037E-13
2.159	0.6281E-13
2.289	0.6535E-13
2.426	0.6799E-13
2.573	0.7074E-13
2.729	0.7360E-13
2.895	0.7656E-13
3.073	0.7963E-13
3.266	0.8281E-13
3.478	0.8610E-13
3.712	0.8950E-13
3.976	0.9302E-13
4.281	0.9666E-13
4.641	0.1004E-12
5.082	0.1043E-12
5.648	0.1083E-12
6.417	0.1123E-12
7.535	0.1165E-12
9.268	0.1207E-12
11.97	0.1250E-12
15.87	0.1292E-12
20.98	0.1333E-12
27.27	0.1374E-12
34.73	0.1414E-12
43.44	0.1454E-12
53.44	0.1494E-12
64.80	0.1532E-12
77.50	0.1570E-12
91.72	0.1606E-12
107.3	0.1642E-12
124.1	0.1676E-12
142.3	0.1709E-12
161.6	0.1741E-12
182.0	0.1771E-12
203.4	0.1800E-12
225.7	0.1828E-12
248.9	0.1855E-12
272.9	0.1880E-12
297.6	0.1905E-12
322.8	0.1928E-12
348.8	0.1950E-12
375.4	0.1971E-12
402.4	0.1990E-12
429.9	0.2009E-12
457.8	0.2027E-12
486.3	0.2044E-12
515.2	0.2059E-12
544.5	0.2074E-12
574.3	0.2088E-12
604.4	0.2100E-12
634.9	0.2112E-12
665.7	0.2123E-12
697.0	0.2133E-12
728.7	0.2142E-12
760.7	0.2150E-12
793.2	0.2158E-12
826.0	0.2165E-12
859.2	0.2170E-12
892.8	0.2176E-12
926.9	0.2180E-12
961.3	0.2184E-12
996.1	0.2187E-12
1031.	0.2189E-12
1067.	0.2190E-12
1103.	0.2191E-12
1140.	0.2192E-12
1177.	0.2191E-12
1215.	0.2191E-12
1253.	0.2189E-12
1292.	0.2187E-12
1331.	0.2185E-12
1370.	0.2181E-12
1411.	0.2178E-12
1451.	0.2174E-12
1493.	0.2169E-12
1535.	0.2164E-12
1577.	0.2158E-12
1621.	0.2152E-12
1664.	0.2146E-12
1709.	0.2139E-12
1754.	0.2132E-12
1800.	0.2124E-12
1847.	0.2116E-12
1894.	0.2108E-12
1942.	0.2099E-12
1990.	0.2090E-12
2040.	0.2080E-12
2090.	0.2070E-12
2141.	0.2060E-12
2193.	0.2050E-12
2246.	0.2039E-12
2299.	0.2028E-12
2353.	0.2016E-12
2408.	0.2005E-12
2464.	0.1993E-12
2521.	0.1981E-12
2579.	0.1968E-12
2637.	0.1956E-12
2697.	0.1943E-12
2757.	0.1930E-12
2818.	0.1917E-12
2880.	0.1903E-12
2944.	0.1890E-12
3008.	0.1876E-12
3073.	0.1862E-12
3139.	0.1848E-12
3205.	0.1834E-12
3274.	0.1820E-12
3342.	0.1805E-12
3412.	0.1791E-12
3483.	0.1776E-12
3555.	0.1761E-12
 
 
C2    Ar    Excitation    11.55 eV                              
E/N (Td)	Rate coefficient (m3/s)
0.3447E-02	0.000
0.4779E-02	0.000
0.5955E-02	0.000
0.7079E-02	0.000
0.8187E-02	0.000
0.9296E-02	0.000
0.1042E-01	0.000
0.1156E-01	0.000
0.1274E-01	0.000
0.1397E-01	0.000
0.1524E-01	0.000
0.1657E-01	0.000
0.1799E-01	0.000
0.1944E-01	0.000
0.2096E-01	0.000
0.2255E-01	0.000
0.2423E-01	0.000
0.2599E-01	0.000
0.2784E-01	0.000
0.2980E-01	0.000
0.3186E-01	0.000
0.3403E-01	0.000
0.3632E-01	0.000
0.3875E-01	0.000
0.4131E-01	0.000
0.4402E-01	0.000
0.4690E-01	0.000
0.4985E-01	0.000
0.5307E-01	0.000
0.5649E-01	0.000
0.6013E-01	0.000
0.6399E-01	0.000
0.6811E-01	0.000
0.7250E-01	0.000
0.7717E-01	0.000
0.8216E-01	0.000
0.8747E-01	0.000
0.9315E-01	0.000
0.9922E-01	0.000
0.1057	0.000
0.1126	0.000
0.1200	0.000
0.1279	0.000
0.1363	0.000
0.1453	0.000
0.1549	0.000
0.1651	0.000
0.1759	0.000
0.1875	0.000
0.1997	0.000
0.2126	0.000
0.2264	0.000
0.2409	0.000
0.2563	0.000
0.2726	0.000
0.2898	0.000
0.3080	0.000
0.3272	0.000
0.3475	0.000
0.3689	0.000
0.3916	0.000
0.4155	0.5759E-32
0.4409	0.5501E-27
0.4676	0.1911E-26
0.4960	0.3668E-26
0.5260	0.5872E-26
0.5578	0.8955E-26
0.5915	0.1360E-25
0.6271	0.2081E-25
0.6650	0.3217E-25
0.7051	0.5031E-25
0.7476	0.7960E-25
0.7928	0.1274E-24
0.8407	0.2063E-24
0.8916	0.3383E-24
0.9456	0.5612E-24
1.003	0.9418E-24
1.064	0.1598E-23
1.129	0.2741E-23
1.197	0.4747E-23
1.270	0.8292E-23
1.348	0.1459E-22
1.430	0.2584E-22
1.517	0.4595E-22
1.609	0.8189E-22
1.707	0.1460E-21
1.811	0.2595E-21
1.920	0.4595E-21
2.036	0.8082E-21
2.159	0.1409E-20
2.289	0.2430E-20
2.426	0.4138E-20
2.573	0.6954E-20
2.729	0.1152E-19
2.895	0.1878E-19
3.073	0.3019E-19
3.266	0.4784E-19
3.478	0.7486E-19
3.712	0.1159E-18
3.976	0.1784E-18
4.281	0.2735E-18
4.641	0.4196E-18
5.082	0.6488E-18
5.648	0.1020E-17
6.417	0.1649E-17
7.535	0.2779E-17
9.268	0.4917E-17
11.97	0.8938E-17
15.87	0.1582E-16
20.98	0.2620E-16
27.27	0.4055E-16
34.73	0.5922E-16
43.44	0.8260E-16
53.44	0.1108E-15
64.80	0.1439E-15
77.50	0.1817E-15
91.72	0.2243E-15
107.3	0.2711E-15
124.1	0.3218E-15
142.3	0.3761E-15
161.6	0.4337E-15
182.0	0.4944E-15
203.4	0.5578E-15
225.7	0.6238E-15
248.9	0.6921E-15
272.9	0.7626E-15
297.6	0.8352E-15
322.8	0.9096E-15
348.8	0.9863E-15
375.4	0.1065E-14
402.4	0.1145E-14
429.9	0.1227E-14
457.8	0.1311E-14
486.3	0.1397E-14
515.2	0.1484E-14
544.5	0.1574E-14
574.3	0.1665E-14
604.4	0.1758E-14
634.9	0.1852E-14
665.7	0.1949E-14
697.0	0.2047E-14
728.7	0.2146E-14
760.7	0.2247E-14
793.2	0.2350E-14
826.0	0.2455E-14
859.2	0.2560E-14
892.8	0.2668E-14
926.9	0.2776E-14
961.3	0.2886E-14
996.1	0.2998E-14
1031.	0.3110E-14
1067.	0.3224E-14
1103.	0.3339E-14
1140.	0.3455E-14
1177.	0.3572E-14
1215.	0.3690E-14
1253.	0.3810E-14
1292.	0.3930E-14
1331.	0.4051E-14
1370.	0.4172E-14
1411.	0.4295E-14
1451.	0.4418E-14
1493.	0.4541E-14
1535.	0.4666E-14
1577.	0.4791E-14
1621.	0.4916E-14
1664.	0.5041E-14
1709.	0.5167E-14
1754.	0.5293E-14
1800.	0.5419E-14
1847.	0.5546E-14
1894.	0.5672E-14
1942.	0.5799E-14
1990.	0.5925E-14
2040.	0.6051E-14
2090.	0.6177E-14
2141.	0.6302E-14
2193.	0.6428E-14
2246.	0.6552E-14
2299.	0.6676E-14
2353.	0.6800E-14
2408.	0.6923E-14
2464.	0.7045E-14
2521.	0.7167E-14
2579.	0.7288E-14
2637.	0.7407E-14
2697.	0.7526E-14
2757.	0.7644E-14
2818.	0.7760E-14
2880.	0.7876E-14
2944.	0.7990E-14
3008.	0.8104E-14
3073.	0.8215E-14
3139.	0.8326E-14
3205.	0.8435E-14
3274.	0.8543E-14
3342.	0.8648E-14
3412.	0.8753E-14
3483.	0.8857E-14
3555.	0.8957E-14
 
 
C3    Ar    Excitation    13.00 eV                              
E/N (Td)	Rate coefficient (m3/s)
0.3447E-02	0.000
0.4779E-02	0.000
0.5955E-02	0.000
0.7079E-02	0.000
0.8187E-02	0.000
0.9296E-02	0.000
0.1042E-01	0.000
0.1156E-01	0.000
0.1274E-01	0.000
0.1397E-01	0.000
0.1524E-01	0.000
0.1657E-01	0.000
0.1799E-01	0.000
0.1944E-01	0.000
0.2096E-01	0.000
0.2255E-01	0.000
0.2423E-01	0.000
0.2599E-01	0.000
0.2784E-01	0.000
0.2980E-01	0.000
0.3186E-01	0.000
0.3403E-01	0.000
0.3632E-01	0.000
0.3875E-01	0.000
0.4131E-01	0.000
0.4402E-01	0.000
0.4690E-01	0.000
0.4985E-01	0.000
0.5307E-01	0.000
0.5649E-01	0.000
0.6013E-01	0.000
0.6399E-01	0.000
0.6811E-01	0.000
0.7250E-01	0.000
0.7717E-01	0.000
0.8216E-01	0.000
0.8747E-01	0.000
0.9315E-01	0.000
0.9922E-01	0.000
0.1057	0.000
0.1126	0.000
0.1200	0.000
0.1279	0.000
0.1363	0.000
0.1453	0.000
0.1549	0.000
0.1651	0.000
0.1759	0.000
0.1875	0.000
0.1997	0.000
0.2126	0.000
0.2264	0.000
0.2409	0.000
0.2563	0.000
0.2726	0.000
0.2898	0.000
0.3080	0.000
0.3272	0.000
0.3475	0.000
0.3689	0.000
0.3916	0.000
0.4155	0.000
0.4409	0.000
0.4676	0.000
0.4960	0.000
0.5260	0.000
0.5578	0.000
0.5915	0.000
0.6271	0.000
0.6650	0.6374E-36
0.7051	0.1437E-29
0.7476	0.2459E-29
0.7928	0.4235E-29
0.8407	0.7415E-29
0.8916	0.1322E-28
0.9456	0.2399E-28
1.003	0.4438E-28
1.064	0.8360E-28
1.129	0.1603E-27
1.197	0.3131E-27
1.270	0.6220E-27
1.348	0.1256E-26
1.430	0.2570E-26
1.517	0.5335E-26
1.609	0.1119E-25
1.707	0.2368E-25
1.811	0.5042E-25
1.920	0.1077E-24
2.036	0.2302E-24
2.159	0.4912E-24
2.289	0.1043E-23
2.426	0.2198E-23
2.573	0.4598E-23
2.729	0.9528E-23
2.895	0.1951E-22
3.073	0.3958E-22
3.266	0.7961E-22
3.478	0.1591E-21
3.712	0.3174E-21
3.976	0.6359E-21
4.281	0.1287E-20
4.641	0.2657E-20
5.082	0.5673E-20
5.648	0.1276E-19
6.417	0.3096E-19
7.535	0.8326E-19
9.268	0.2505E-18
11.97	0.7911E-18
15.87	0.2301E-17
20.98	0.5669E-17
27.27	0.1189E-16
34.73	0.2196E-16
43.44	0.3688E-16
53.44	0.5753E-16
64.80	0.8476E-16
77.50	0.1191E-15
91.72	0.1616E-15
107.3	0.2121E-15
124.1	0.2710E-15
142.3	0.3383E-15
161.6	0.4140E-15
182.0	0.4978E-15
203.4	0.5895E-15
225.7	0.6887E-15
248.9	0.7951E-15
272.9	0.9084E-15
297.6	0.1028E-14
322.8	0.1154E-14
348.8	0.1286E-14
375.4	0.1424E-14
402.4	0.1566E-14
429.9	0.1714E-14
457.8	0.1866E-14
486.3	0.2024E-14
515.2	0.2185E-14
544.5	0.2351E-14
574.3	0.2520E-14
604.4	0.2694E-14
634.9	0.2871E-14
665.7	0.3051E-14
697.0	0.3234E-14
728.7	0.3420E-14
760.7	0.3609E-14
793.2	0.3800E-14
826.0	0.3994E-14
859.2	0.4189E-14
892.8	0.4387E-14
926.9	0.4587E-14
961.3	0.4788E-14
996.1	0.4990E-14
1031.	0.5194E-14
1067.	0.5400E-14
1103.	0.5606E-14
1140.	0.5813E-14
1177.	0.6021E-14
1215.	0.6229E-14
1253.	0.6438E-14
1292.	0.6647E-14
1331.	0.6857E-14
1370.	0.7066E-14
1411.	0.7276E-14
1451.	0.7485E-14
1493.	0.7695E-14
1535.	0.7903E-14
1577.	0.8112E-14
1621.	0.8320E-14
1664.	0.8527E-14
1709.	0.8733E-14
1754.	0.8938E-14
1800.	0.9143E-14
1847.	0.9346E-14
1894.	0.9548E-14
1942.	0.9749E-14
1990.	0.9948E-14
2040.	0.1015E-13
2090.	0.1034E-13
2141.	0.1053E-13
2193.	0.1073E-13
2246.	0.1092E-13
2299.	0.1111E-13
2353.	0.1129E-13
2408.	0.1148E-13
2464.	0.1166E-13
2521.	0.1184E-13
2579.	0.1202E-13
2637.	0.1219E-13
2697.	0.1236E-13
2757.	0.1253E-13
2818.	0.1270E-13
2880.	0.1287E-13
2944.	0.1303E-13
3008.	0.1319E-13
3073.	0.1334E-13
3139.	0.1350E-13
3205.	0.1365E-13
3274.	0.1379E-13
3342.	0.1394E-13
3412.	0.1408E-13
3483.	0.1422E-13
3555.	0.1435E-13
 
 
C4    Ar    Excitation    14.00 eV                              
E/N (Td)	Rate coefficient (m3/s)
0.3447E-02	0.000
0.4779E-02	0.000
0.5955E-02	0.000
0.7079E-02	0.000
0.8187E-02	0.000
0.9296E-02	0.000
0.1042E-01	0.000
0.1156E-01	0.000
0.1274E-01	0.000
0.1397E-01	0.000
0.1524E-01	0.000
0.1657E-01	0.000
0.1799E-01	0.000
0.1944E-01	0.000
0.2096E-01	0.000
0.2255E-01	0.000
0.2423E-01	0.000
0.2599E-01	0.000
0.2784E-01	0.000
0.2980E-01	0.000
0.3186E-01	0.000
0.3403E-01	0.000
0.3632E-01	0.000
0.3875E-01	0.000
0.4131E-01	0.000
0.4402E-01	0.000
0.4690E-01	0.000
0.4985E-01	0.000
0.5307E-01	0.000
0.5649E-01	0.000
0.6013E-01	0.000
0.6399E-01	0.000
0.6811E-01	0.000
0.7250E-01	0.000
0.7717E-01	0.000
0.8216E-01	0.000
0.8747E-01	0.000
0.9315E-01	0.000
0.9922E-01	0.000
0.1057	0.000
0.1126	0.000
0.1200	0.000
0.1279	0.000
0.1363	0.000
0.1453	0.000
0.1549	0.000
0.1651	0.000
0.1759	0.000
0.1875	0.000
0.1997	0.000
0.2126	0.000
0.2264	0.000
0.2409	0.000
0.2563	0.000
0.2726	0.000
0.2898	0.000
0.3080	0.000
0.3272	0.000
0.3475	0.000
0.3689	0.000
0.3916	0.000
0.4155	0.000
0.4409	0.000
0.4676	0.000
0.4960	0.000
0.5260	0.000
0.5578	0.000
0.5915	0.000
0.6271	0.000
0.6650	0.000
0.7051	0.000
0.7476	0.000
0.7928	0.000
0.8407	0.5704E-35
0.8916	0.8649E-34
0.9456	0.2164E-33
1.003	0.4518E-33
1.064	0.9455E-33
1.129	0.2023E-32
1.197	0.4442E-32
1.270	0.1001E-31
1.348	0.2312E-31
1.430	0.5466E-31
1.517	0.1322E-30
1.609	0.3264E-30
1.707	0.8196E-30
1.811	0.2090E-29
1.920	0.5391E-29
2.036	0.1403E-28
2.159	0.3673E-28
2.289	0.9643E-28
2.426	0.2527E-27
2.573	0.6624E-27
2.729	0.1730E-26
2.895	0.4490E-26
3.073	0.1130E-25
3.266	0.2961E-25
3.478	0.7685E-25
3.712	0.2009E-24
3.976	0.5342E-24
4.281	0.1459E-23
4.641	0.4154E-23
5.082	0.1261E-22
5.648	0.4203E-22
6.417	0.1600E-21
7.535	0.7260E-21
9.268	0.3971E-20
11.97	0.2344E-19
15.87	0.1193E-18
20.98	0.4548E-18
27.27	0.1319E-17
34.73	0.3091E-17
43.44	0.6202E-17
53.44	0.1108E-16
64.80	0.1813E-16
77.50	0.2769E-16
91.72	0.4019E-16
107.3	0.5576E-16
124.1	0.7465E-16
142.3	0.9702E-16
161.6	0.1230E-15
182.0	0.1526E-15
203.4	0.1860E-15
225.7	0.2232E-15
248.9	0.2642E-15
272.9	0.3089E-15
297.6	0.3575E-15
322.8	0.4097E-15
348.8	0.4659E-15
375.4	0.5259E-15
402.4	0.5896E-15
429.9	0.6566E-15
457.8	0.7277E-15
486.3	0.8026E-15
515.2	0.8810E-15
544.5	0.9633E-15
574.3	0.1049E-14
604.4	0.1139E-14
634.9	0.1232E-14
665.7	0.1329E-14
697.0	0.1429E-14
728.7	0.1533E-14
760.7	0.1641E-14
793.2	0.1752E-14
826.0	0.1866E-14
859.2	0.1984E-14
892.8	0.2106E-14
926.9	0.2231E-14
961.3	0.2360E-14
996.1	0.2492E-14
1031.	0.2627E-14
1067.	0.2766E-14
1103.	0.2908E-14
1140.	0.3054E-14
1177.	0.3203E-14
1215.	0.3355E-14
1253.	0.3511E-14
1292.	0.3670E-14
1331.	0.3832E-14
1370.	0.3997E-14
1411.	0.4166E-14
1451.	0.4338E-14
1493.	0.4513E-14
1535.	0.4691E-14
1577.	0.4873E-14
1621.	0.5057E-14
1664.	0.5245E-14
1709.	0.5435E-14
1754.	0.5629E-14
1800.	0.5825E-14
1847.	0.6024E-14
1894.	0.6227E-14
1942.	0.6432E-14
1990.	0.6639E-14
2040.	0.6850E-14
2090.	0.7062E-14
2141.	0.7278E-14
2193.	0.7496E-14
2246.	0.7716E-14
2299.	0.7939E-14
2353.	0.8163E-14
2408.	0.8390E-14
2464.	0.8619E-14
2521.	0.8850E-14
2579.	0.9083E-14
2637.	0.9317E-14
2697.	0.9553E-14
2757.	0.9791E-14
2818.	0.1003E-13
2880.	0.1027E-13
2944.	0.1051E-13
3008.	0.1076E-13
3073.	0.1100E-13
3139.	0.1124E-13
3205.	0.1149E-13
3274.	0.1174E-13
3342.	0.1198E-13
3412.	0.1223E-13
3483.	0.1248E-13
3555.	0.1272E-13
 
 
C5    Ar    Ionization    15.70 eV                              
E/N (Td)	Rate coefficient (m3/s)
0.3447E-02	0.000
0.4779E-02	0.000
0.5955E-02	0.000
0.7079E-02	0.000
0.8187E-02	0.000
0.9296E-02	0.000
0.1042E-01	0.000
0.1156E-01	0.000
0.1274E-01	0.000
0.1397E-01	0.000
0.1524E-01	0.000
0.1657E-01	0.000
0.1799E-01	0.000
0.1944E-01	0.000
0.2096E-01	0.000
0.2255E-01	0.000
0.2423E-01	0.000
0.2599E-01	0.000
0.2784E-01	0.000
0.2980E-01	0.000
0.3186E-01	0.000
0.3403E-01	0.000
0.3632E-01	0.000
0.3875E-01	0.000
0.4131E-01	0.000
0.4402E-01	0.000
0.4690E-01	0.000
0.4985E-01	0.000
0.5307E-01	0.000
0.5649E-01	0.000
0.6013E-01	0.000
0.6399E-01	0.000
0.6811E-01	0.000
0.7250E-01	0.000
0.7717E-01	0.000
0.8216E-01	0.000
0.8747E-01	0.000
0.9315E-01	0.000
0.9922E-01	0.000
0.1057	0.000
0.1126	0.000
0.1200	0.000
0.1279	0.000
0.1363	0.000
0.1453	0.000
0.1549	0.000
0.1651	0.000
0.1759	0.000
0.1875	0.000
0.1997	0.000
0.2126	0.000
0.2264	0.000
0.2409	0.000
0.2563	0.000
0.2726	0.000
0.2898	0.000
0.3080	0.000
0.3272	0.000
0.3475	0.000
0.3689	0.000
0.3916	0.000
0.4155	0.000
0.4409	0.000
0.4676	0.000
0.4960	0.000
0.5260	0.000
0.5578	0.000
0.5915	0.000
0.6271	0.000
0.6650	0.000
0.7051	0.000
0.7476	0.000
0.7928	0.000
0.8407	0.000
0.8916	0.000
0.9456	0.000
1.003	0.000
1.064	0.000
1.129	0.000
1.197	0.000
1.270	0.000
1.348	0.000
1.430	0.000
1.517	0.000
1.609	0.000
1.707	0.1171E-36
1.811	0.3608E-36
1.920	0.8436E-36
2.036	0.1639E-35
2.159	0.2558E-35
2.289	0.4566E-35
2.426	0.8972E-35
2.573	0.2544E-34
2.729	0.9477E-34
2.895	0.4071E-33
3.073	0.000
3.266	0.000
3.478	0.000
3.712	0.000
3.976	0.000
4.281	0.000
4.641	0.000
5.082	0.3586E-28
5.648	0.1720E-26
6.417	0.2263E-25
7.535	0.3600E-24
9.268	0.8146E-23
11.97	0.2092E-21
15.87	0.3906E-20
20.98	0.4088E-19
27.27	0.2515E-18
34.73	0.1035E-17
43.44	0.3206E-17
53.44	0.8070E-17
64.80	0.1743E-16
77.50	0.3344E-16
91.72	0.5883E-16
107.3	0.9596E-16
124.1	0.1475E-15
142.3	0.2158E-15
161.6	0.3032E-15
182.0	0.4115E-15
203.4	0.5422E-15
225.7	0.6967E-15
248.9	0.8761E-15
272.9	0.1081E-14
297.6	0.1312E-14
322.8	0.1570E-14
348.8	0.1855E-14
375.4	0.2169E-14
402.4	0.2510E-14
429.9	0.2876E-14
457.8	0.3271E-14
486.3	0.3695E-14
515.2	0.4146E-14
544.5	0.4625E-14
574.3	0.5132E-14
604.4	0.5666E-14
634.9	0.6227E-14
665.7	0.6816E-14
697.0	0.7431E-14
728.7	0.8072E-14
760.7	0.8740E-14
793.2	0.9434E-14
826.0	0.1015E-13
859.2	0.1090E-13
892.8	0.1167E-13
926.9	0.1247E-13
961.3	0.1328E-13
996.1	0.1413E-13
1031.	0.1500E-13
1067.	0.1589E-13
1103.	0.1680E-13
1140.	0.1774E-13
1177.	0.1870E-13
1215.	0.1969E-13
1253.	0.2069E-13
1292.	0.2172E-13
1331.	0.2277E-13
1370.	0.2384E-13
1411.	0.2494E-13
1451.	0.2605E-13
1493.	0.2718E-13
1535.	0.2834E-13
1577.	0.2951E-13
1621.	0.3070E-13
1664.	0.3192E-13
1709.	0.3315E-13
1754.	0.3440E-13
1800.	0.3566E-13
1847.	0.3695E-13
1894.	0.3825E-13
1942.	0.3957E-13
1990.	0.4090E-13
2040.	0.4225E-13
2090.	0.4362E-13
2141.	0.4500E-13
2193.	0.4639E-13
2246.	0.4781E-13
2299.	0.4923E-13
2353.	0.5066E-13
2408.	0.5211E-13
2464.	0.5357E-13
2521.	0.5504E-13
2579.	0.5652E-13
2637.	0.5801E-13
2697.	0.5951E-13
2757.	0.6102E-13
2818.	0.6254E-13
2880.	0.6407E-13
2944.	0.6560E-13
3008.	0.6714E-13
3073.	0.6869E-13
3139.	0.7024E-13
3205.	0.7180E-13
3274.	0.7336E-13
3342.	0.7491E-13
3412.	0.7648E-13
3483.	0.7805E-13
3555.	0.7962E-13
 
 
C6    Ar*    Ionization    4.20 eV                              
E/N (Td)	Rate coefficient (m3/s)
0.3447E-02	0.5384E-20
0.4779E-02	0.6947E-20
0.5955E-02	0.8985E-20
0.7079E-02	0.1153E-19
0.8187E-02	0.1476E-19
0.9296E-02	0.1883E-19
0.1042E-01	0.2395E-19
0.1156E-01	0.3036E-19
0.1274E-01	0.3839E-19
0.1397E-01	0.4839E-19
0.1524E-01	0.6081E-19
0.1657E-01	0.7621E-19
0.1799E-01	0.9527E-19
0.1944E-01	0.1187E-18
0.2096E-01	0.1475E-18
0.2255E-01	0.1829E-18
0.2423E-01	0.2261E-18
0.2599E-01	0.2787E-18
0.2784E-01	0.3428E-18
0.2980E-01	0.4205E-18
0.3186E-01	0.5145E-18
0.3403E-01	0.6280E-18
0.3632E-01	0.7647E-18
0.3875E-01	0.9290E-18
0.4131E-01	0.1126E-17
0.4402E-01	0.1362E-17
0.4690E-01	0.1643E-17
0.4985E-01	0.1978E-17
0.5307E-01	0.2376E-17
0.5649E-01	0.2849E-17
0.6013E-01	0.3408E-17
0.6399E-01	0.4070E-17
0.6811E-01	0.4852E-17
0.7250E-01	0.5773E-17
0.7717E-01	0.6857E-17
0.8216E-01	0.8131E-17
0.8747E-01	0.9627E-17
0.9315E-01	0.1138E-16
0.9922E-01	0.1343E-16
0.1057	0.1584E-16
0.1126	0.1865E-16
0.1200	0.2193E-16
0.1279	0.2576E-16
0.1363	0.3023E-16
0.1453	0.3544E-16
0.1549	0.4152E-16
0.1651	0.4860E-16
0.1759	0.5684E-16
0.1875	0.6644E-16
0.1997	0.7760E-16
0.2126	0.9057E-16
0.2264	0.1057E-15
0.2409	0.1232E-15
0.2563	0.1435E-15
0.2726	0.1671E-15
0.2898	0.1945E-15
0.3080	0.2262E-15
0.3272	0.2630E-15
0.3475	0.3055E-15
0.3689	0.3548E-15
0.3916	0.4117E-15
0.4155	0.4775E-15
0.4409	0.5534E-15
0.4676	0.6410E-15
0.4960	0.7418E-15
0.5260	0.8579E-15
0.5578	0.9914E-15
0.5915	0.1145E-14
0.6271	0.1320E-14
0.6650	0.1521E-14
0.7051	0.1750E-14
0.7476	0.2012E-14
0.7928	0.2309E-14
0.8407	0.2646E-14
0.8916	0.3027E-14
0.9456	0.3458E-14
1.003	0.3941E-14
1.064	0.4483E-14
1.129	0.5088E-14
1.197	0.5761E-14
1.270	0.6506E-14
1.348	0.7329E-14
1.430	0.8233E-14
1.517	0.9221E-14
1.609	0.1030E-13
1.707	0.1147E-13
1.811	0.1273E-13
1.920	0.1408E-13
2.036	0.1553E-13
2.159	0.1708E-13
2.289	0.1872E-13
2.426	0.2045E-13
2.573	0.2228E-13
2.729	0.2419E-13
2.895	0.2620E-13
3.073	0.2829E-13
3.266	0.3046E-13
3.478	0.3271E-13
3.712	0.3504E-13
3.976	0.3745E-13
4.281	0.3993E-13
4.641	0.4248E-13
5.082	0.4509E-13
5.648	0.4776E-13
6.417	0.5047E-13
7.535	0.5321E-13
9.268	0.5593E-13
11.97	0.5859E-13
15.87	0.6116E-13
20.98	0.6368E-13
27.27	0.6616E-13
34.73	0.6862E-13
43.44	0.7108E-13
53.44	0.7353E-13
64.80	0.7596E-13
77.50	0.7838E-13
91.72	0.8080E-13
107.3	0.8319E-13
124.1	0.8556E-13
142.3	0.8791E-13
161.6	0.9024E-13
182.0	0.9256E-13
203.4	0.9485E-13
225.7	0.9712E-13
248.9	0.9938E-13
272.9	0.1016E-12
297.6	0.1038E-12
322.8	0.1060E-12
348.8	0.1082E-12
375.4	0.1104E-12
402.4	0.1126E-12
429.9	0.1147E-12
457.8	0.1169E-12
486.3	0.1190E-12
515.2	0.1211E-12
544.5	0.1231E-12
574.3	0.1252E-12
604.4	0.1272E-12
634.9	0.1293E-12
665.7	0.1313E-12
697.0	0.1333E-12
728.7	0.1352E-12
760.7	0.1372E-12
793.2	0.1391E-12
826.0	0.1411E-12
859.2	0.1430E-12
892.8	0.1449E-12
926.9	0.1467E-12
961.3	0.1486E-12
996.1	0.1504E-12
1031.	0.1523E-12
1067.	0.1541E-12
1103.	0.1559E-12
1140.	0.1577E-12
1177.	0.1594E-12
1215.	0.1612E-12
1253.	0.1629E-12
1292.	0.1646E-12
1331.	0.1663E-12
1370.	0.1680E-12
1411.	0.1697E-12
1451.	0.1713E-12
1493.	0.1729E-12
1535.	0.1746E-12
1577.	0.1762E-12
1621.	0.1777E-12
1664.	0.1793E-12
1709.	0.1808E-12
1754.	0.1824E-12
1800.	0.1839E-12
1847.	0.1854E-12
1894.	0.1868E-12
1942.	0.1883E-12
1990.	0.1897E-12
2040.	0.1911E-12
2090.	0.1925E-12
2141.	0.1939E-12
2193.	0.1952E-12
2246.	0.1966E-12
2299.	0.1979E-12
2353.	0.1992E-12
2408.	0.2004E-12
2464.	0.2017E-12
2521.	0.2029E-12
2579.	0.2041E-12
2637.	0.2053E-12
2697.	0.2064E-12
2757.	0.2076E-12
2818.	0.2087E-12
2880.	0.2098E-12
2944.	0.2108E-12
3008.	0.2119E-12
3073.	0.2129E-12
3139.	0.2139E-12
3205.	0.2149E-12
3274.	0.2158E-12
3342.	0.2167E-12
3412.	0.2176E-12
3483.	0.2185E-12
3555.	0.2193E-12
 
 
Ar                                                              
E/N (Td)	Inelastic energy loss coefficient (eV m3/s)
0.3447E-02	-0.9132E-33
0.4779E-02	-0.9257E-33
0.5955E-02	-0.9384E-33
0.7079E-02	-0.9513E-33
0.8187E-02	-0.9644E-33
0.9296E-02	-0.9777E-33
0.1042E-01	-0.9912E-33
0.1156E-01	-0.1005E-32
0.1274E-01	-0.1019E-32
0.1397E-01	-0.1033E-32
0.1524E-01	-0.1048E-32
0.1657E-01	-0.1062E-32
0.1799E-01	-0.1077E-32
0.1944E-01	-0.1092E-32
0.2096E-01	-0.1108E-32
0.2255E-01	-0.1124E-32
0.2423E-01	-0.1140E-32
0.2599E-01	-0.1156E-32
0.2784E-01	-0.1172E-32
0.2980E-01	-0.1189E-32
0.3186E-01	-0.1206E-32
0.3403E-01	-0.1224E-32
0.3632E-01	-0.1241E-32
0.3875E-01	-0.1259E-32
0.4131E-01	-0.1278E-32
0.4402E-01	-0.1296E-32
0.4690E-01	-0.1315E-32
0.4985E-01	-0.1334E-32
0.5307E-01	-0.1354E-32
0.5649E-01	-0.1374E-32
0.6013E-01	-0.1394E-32
0.6399E-01	-0.1415E-32
0.6811E-01	-0.1436E-32
0.7250E-01	-0.1457E-32
0.7717E-01	-0.1479E-32
0.8216E-01	-0.1501E-32
0.8747E-01	-0.1523E-32
0.9315E-01	-0.1546E-32
0.9922E-01	-0.1569E-32
0.1057	-0.1593E-32
0.1126	-0.1617E-32
0.1200	-0.1641E-32
0.1279	-0.1666E-32
0.1363	-0.1691E-32
0.1453	-0.1717E-32
0.1549	-0.1743E-32
0.1651	-0.1769E-32
0.1759	-0.1796E-32
0.1875	-0.1823E-32
0.1997	-0.1851E-32
0.2126	-0.1879E-32
0.2264	-0.1907E-32
0.2409	-0.1936E-32
0.2563	-0.1966E-32
0.2726	-0.1996E-32
0.2898	-0.2026E-32
0.3080	-0.2057E-32
0.3272	-0.2088E-32
0.3475	-0.2120E-32
0.3689	-0.2152E-32
0.3916	-0.2185E-32
0.4155	0.6430E-31
0.4409	0.6354E-26
0.4676	0.2207E-25
0.4960	0.4236E-25
0.5260	0.6783E-25
0.5578	0.1034E-24
0.5915	0.1571E-24
0.6271	0.2403E-24
0.6650	0.3716E-24
0.7051	0.5810E-24
0.7476	0.9194E-24
0.7928	0.1471E-23
0.8407	0.2383E-23
0.8916	0.3907E-23
0.9456	0.6482E-23
1.003	0.1088E-22
1.064	0.1846E-22
1.129	0.3166E-22
1.197	0.5483E-22
1.270	0.9578E-22
1.348	0.1686E-21
1.430	0.2985E-21
1.517	0.5308E-21
1.609	0.9460E-21
1.707	0.1686E-20
1.811	0.2998E-20
1.920	0.5309E-20
2.036	0.9337E-20
2.159	0.1628E-19
2.289	0.2808E-19
2.426	0.4782E-19
2.573	0.8038E-19
2.729	0.1332E-18
2.895	0.2172E-18
3.073	0.3492E-18
3.266	0.5535E-18
3.478	0.8667E-18
3.712	0.1343E-17
3.976	0.2069E-17
4.281	0.3175E-17
4.641	0.4881E-17
5.082	0.7568E-17
5.648	0.1195E-16
6.417	0.1945E-16
7.535	0.3319E-16
9.268	0.6011E-16
11.97	0.1139E-15
15.87	0.2144E-15
20.98	0.3833E-15
27.27	0.6454E-15
34.73	0.1029E-14
43.44	0.1571E-14
53.44	0.2310E-14
64.80	0.3292E-14
77.50	0.4560E-14
91.72	0.6179E-14
107.3	0.8176E-14
124.1	0.1060E-13
142.3	0.1349E-13
161.6	0.1687E-13
182.0	0.2078E-13
203.4	0.2522E-13
225.7	0.3022E-13
248.9	0.3579E-13
272.9	0.4192E-13
297.6	0.4862E-13
322.8	0.5589E-13
348.8	0.6376E-13
375.4	0.7222E-13
402.4	0.8125E-13
429.9	0.9080E-13
457.8	0.1010E-12
486.3	0.1117E-12
515.2	0.1230E-12
544.5	0.1348E-12
574.3	0.1473E-12
604.4	0.1602E-12
634.9	0.1737E-12
665.7	0.1878E-12
697.0	0.2024E-12
728.7	0.2175E-12
760.7	0.2331E-12
793.2	0.2492E-12
826.0	0.2658E-12
859.2	0.2830E-12
892.8	0.3006E-12
926.9	0.3187E-12
961.3	0.3372E-12
996.1	0.3562E-12
1031.	0.3757E-12
1067.	0.3956E-12
1103.	0.4160E-12
1140.	0.4368E-12
1177.	0.4581E-12
1215.	0.4797E-12
1253.	0.5018E-12
1292.	0.5243E-12
1331.	0.5472E-12
1370.	0.5704E-12
1411.	0.5941E-12
1451.	0.6181E-12
1493.	0.6425E-12
1535.	0.6673E-12
1577.	0.6924E-12
1621.	0.7178E-12
1664.	0.7436E-12
1709.	0.7698E-12
1754.	0.7962E-12
1800.	0.8230E-12
1847.	0.8500E-12
1894.	0.8774E-12
1942.	0.9051E-12
1990.	0.9329E-12
2040.	0.9612E-12
2090.	0.9895E-12
2141.	0.1018E-11
2193.	0.1047E-11
2246.	0.1076E-11
2299.	0.1106E-11
2353.	0.1135E-11
2408.	0.1165E-11
2464.	0.1195E-11
2521.	0.1225E-11
2579.	0.1255E-11
2637.	0.1285E-11
2697.	0.1316E-11
2757.	0.1347E-11
2818.	0.1377E-11
2880.	0.1408E-11
2944.	0.1439E-11
3008.	0.1470E-11
3073.	0.1501E-11
3139.	0.1532E-11
3205.	0.1563E-11
3274.	0.1594E-11
3342.	0.1625E-11
3412.	0.1656E-11
3483.	0.1687E-11
3555.	0.1718E-11
 
 
Ar*                                                             
E/N (Td)	Inelastic energy loss coefficient (eV m3/s)
0.3447E-02	0.2261E-19
0.4779E-02	0.2918E-19
0.5955E-02	0.3774E-19
0.7079E-02	0.4842E-19
0.8187E-02	0.6198E-19
0.9296E-02	0.7908E-19
0.1042E-01	0.1006E-18
0.1156E-01	0.1275E-18
0.1274E-01	0.1612E-18
0.1397E-01	0.2032E-18
0.1524E-01	0.2554E-18
0.1657E-01	0.3201E-18
0.1799E-01	0.4001E-18
0.1944E-01	0.4986E-18
0.2096E-01	0.6197E-18
0.2255E-01	0.7681E-18
0.2423E-01	0.9495E-18
0.2599E-01	0.1171E-17
0.2784E-01	0.1440E-17
0.2980E-01	0.1766E-17
0.3186E-01	0.2161E-17
0.3403E-01	0.2638E-17
0.3632E-01	0.3212E-17
0.3875E-01	0.3902E-17
0.4131E-01	0.4729E-17
0.4402E-01	0.5719E-17
0.4690E-01	0.6900E-17
0.4985E-01	0.8307E-17
0.5307E-01	0.9978E-17
0.5649E-01	0.1196E-16
0.6013E-01	0.1432E-16
0.6399E-01	0.1710E-16
0.6811E-01	0.2038E-16
0.7250E-01	0.2425E-16
0.7717E-01	0.2880E-16
0.8216E-01	0.3415E-16
0.8747E-01	0.4043E-16
0.9315E-01	0.4780E-16
0.9922E-01	0.5642E-16
0.1057	0.6652E-16
0.1126	0.7832E-16
0.1200	0.9210E-16
0.1279	0.1082E-15
0.1363	0.1270E-15
0.1453	0.1489E-15
0.1549	0.1744E-15
0.1651	0.2041E-15
0.1759	0.2387E-15
0.1875	0.2790E-15
0.1997	0.3259E-15
0.2126	0.3804E-15
0.2264	0.4437E-15
0.2409	0.5173E-15
0.2563	0.6027E-15
0.2726	0.7019E-15
0.2898	0.8169E-15
0.3080	0.9501E-15
0.3272	0.1105E-14
0.3475	0.1283E-14
0.3689	0.1490E-14
0.3916	0.1729E-14
0.4155	0.2005E-14
0.4409	0.2324E-14
0.4676	0.2692E-14
0.4960	0.3116E-14
0.5260	0.3603E-14
0.5578	0.4164E-14
0.5915	0.4807E-14
0.6271	0.5544E-14
0.6650	0.6388E-14
0.7051	0.7351E-14
0.7476	0.8449E-14
0.7928	0.9698E-14
0.8407	0.1111E-13
0.8916	0.1272E-13
0.9456	0.1452E-13
1.003	0.1655E-13
1.064	0.1883E-13
1.129	0.2137E-13
1.197	0.2420E-13
1.270	0.2733E-13
1.348	0.3078E-13
1.430	0.3458E-13
1.517	0.3873E-13
1.609	0.4325E-13
1.707	0.4816E-13
1.811	0.5345E-13
1.920	0.5914E-13
2.036	0.6523E-13
2.159	0.7172E-13
2.289	0.7860E-13
2.426	0.8588E-13
2.573	0.9356E-13
2.729	0.1016E-12
2.895	0.1100E-12
3.073	0.1188E-12
3.266	0.1279E-12
3.478	0.1374E-12
3.712	0.1472E-12
3.976	0.1573E-12
4.281	0.1677E-12
4.641	0.1784E-12
5.082	0.1894E-12
5.648	0.2006E-12
6.417	0.2120E-12
7.535	0.2235E-12
9.268	0.2349E-12
11.97	0.2461E-12
15.87	0.2569E-12
20.98	0.2674E-12
27.27	0.2779E-12
34.73	0.2882E-12
43.44	0.2985E-12
53.44	0.3088E-12
64.80	0.3190E-12
77.50	0.3292E-12
91.72	0.3393E-12
107.3	0.3494E-12
124.1	0.3594E-12
142.3	0.3692E-12
161.6	0.3790E-12
182.0	0.3887E-12
203.4	0.3984E-12
225.7	0.4079E-12
248.9	0.4174E-12
272.9	0.4268E-12
297.6	0.4361E-12
322.8	0.4454E-12
348.8	0.4546E-12
375.4	0.4638E-12
402.4	0.4729E-12
429.9	0.4819E-12
457.8	0.4908E-12
486.3	0.4997E-12
515.2	0.5085E-12
544.5	0.5172E-12
574.3	0.5259E-12
604.4	0.5344E-12
634.9	0.5429E-12
665.7	0.5514E-12
697.0	0.5597E-12
728.7	0.5680E-12
760.7	0.5763E-12
793.2	0.5844E-12
826.0	0.5925E-12
859.2	0.6005E-12
892.8	0.6085E-12
926.9	0.6163E-12
961.3	0.6241E-12
996.1	0.6319E-12
1031.	0.6396E-12
1067.	0.6472E-12
1103.	0.6547E-12
1140.	0.6622E-12
1177.	0.6696E-12
1215.	0.6769E-12
1253.	0.6842E-12
1292.	0.6914E-12
1331.	0.6985E-12
1370.	0.7056E-12
1411.	0.7126E-12
1451.	0.7195E-12
1493.	0.7264E-12
1535.	0.7332E-12
1577.	0.7399E-12
1621.	0.7465E-12
1664.	0.7531E-12
1709.	0.7596E-12
1754.	0.7660E-12
1800.	0.7723E-12
1847.	0.7786E-12
1894.	0.7847E-12
1942.	0.7908E-12
1990.	0.7968E-12
2040.	0.8028E-12
2090.	0.8086E-12
2141.	0.8143E-12
2193.	0.8200E-12
2246.	0.8256E-12
2299.	0.8311E-12
2353.	0.8365E-12
2408.	0.8418E-12
2464.	0.8470E-12
2521.	0.8522E-12
2579.	0.8572E-12
2637.	0.8621E-12
2697.	0.8670E-12
2757.	0.8718E-12
2818.	0.8764E-12
2880.	0.8810E-12
2944.	0.8854E-12
3008.	0.8899E-12
3073.	0.8941E-12
3139.	0.8983E-12
3205.	0.9024E-12
3274.	0.9064E-12
3342.	0.9102E-12
3412.	0.9140E-12
3483.	0.9177E-12
3555.	0.9212E-12
 
 
