BOLSIG+ version: 03/2016
Collision input data:
--------------------------------------------------
Ar                                                              
crs-Biagi_v7.1+step.txt
--------------------------------------------------
Ar*                                                             
crs-Biagi_v7.1+step.txt
 
 
 
Angular frequency / N (m3/s)               0.000    
Cosine of E-B field angle                  0.000    
Gas temperature (K)                        3000.    
Excitation temperature (K)                 3000.    
Transition energy (eV)                     0.000    
Ionization degree                         0.1000E-04
Plasma density (1/m3)                     0.8000E+17
Ion charge parameter                       1.000    
Ion/neutral mass ratio                     1.000    
e-e momentum effects                       1.000    
Energy sharing                             1.000    
Growth model                               1.000    
Maxwellian mean energy (eV)                0.000    
# of grid points                           200.0    
Grid type                                  0.000    
Maximum energy                             200.0    
Precision                                 0.1000E-09
Convergence                               0.1000E-03
Maximum # of iterations                    1000.    
Mole fraction Ar                           1.000    
Mole fraction Ar*                         0.1000E-04
 
 
E/N (Td)    	Electric field / N (Td)                                         
0.7629E-02	0.7629E-02
0.1040E-01	0.1040E-01
0.1279E-01	0.1279E-01
0.1498E-01	0.1498E-01
0.1707E-01	0.1707E-01
0.1912E-01	0.1912E-01
0.2116E-01	0.2116E-01
0.2320E-01	0.2320E-01
0.2527E-01	0.2527E-01
0.2737E-01	0.2737E-01
0.2952E-01	0.2952E-01
0.3172E-01	0.3172E-01
0.3396E-01	0.3396E-01
0.3631E-01	0.3631E-01
0.3875E-01	0.3875E-01
0.4128E-01	0.4128E-01
0.4391E-01	0.4391E-01
0.4665E-01	0.4665E-01
0.4949E-01	0.4949E-01
0.5247E-01	0.5247E-01
0.5557E-01	0.5557E-01
0.5880E-01	0.5880E-01
0.6219E-01	0.6219E-01
0.6573E-01	0.6573E-01
0.6944E-01	0.6944E-01
0.7332E-01	0.7332E-01
0.7739E-01	0.7739E-01
0.8165E-01	0.8165E-01
0.8612E-01	0.8612E-01
0.9080E-01	0.9080E-01
0.9572E-01	0.9572E-01
0.1009	0.1009
0.1063	0.1063
0.1120	0.1120
0.1179	0.1179
0.1242	0.1242
0.1308	0.1308
0.1377	0.1377
0.1450	0.1450
0.1527	0.1527
0.1607	0.1607
0.1692	0.1692
0.1781	0.1781
0.1875	0.1875
0.1974	0.1974
0.2078	0.2078
0.2187	0.2187
0.2303	0.2303
0.2424	0.2424
0.2553	0.2553
0.2688	0.2688
0.2831	0.2831
0.2982	0.2982
0.3141	0.3141
0.3310	0.3310
0.3488	0.3488
0.3678	0.3678
0.3878	0.3878
0.4091	0.4091
0.4317	0.4317
0.4558	0.4558
0.4814	0.4814
0.5087	0.5087
0.5379	0.5379
0.5690	0.5690
0.6024	0.6024
0.6382	0.6382
0.6766	0.6766
0.7177	0.7177
0.7620	0.7620
0.8097	0.8097
0.8611	0.8611
0.9165	0.9165
0.9764	0.9764
1.041	1.041
1.111	1.111
1.187	1.187
1.269	1.269
1.358	1.358
1.455	1.455
1.560	1.560
1.674	1.674
1.798	1.798
1.934	1.934
2.082	2.082
2.244	2.244
2.421	2.421
2.616	2.616
2.829	2.829
3.064	3.064
3.322	3.322
3.608	3.608
3.923	3.923
4.273	4.273
4.662	4.662
5.096	5.096
5.580	5.580
6.125	6.125
6.742	6.742
7.439	7.439
8.236	8.236
9.152	9.152
10.22	10.22
11.46	11.46
12.95	12.95
14.73	14.73
16.90	16.90
19.59	19.59
22.94	22.94
27.13	27.13
32.37	32.37
38.83	38.83
46.66	46.66
55.95	55.95
66.75	66.75
79.07	79.07
92.85	92.85
108.1	108.1
124.8	124.8
142.8	142.8
162.0	162.0
182.3	182.3
203.7	203.7
226.0	226.0
249.1	249.1
273.0	273.0
297.7	297.7
322.9	322.9
348.9	348.9
375.4	375.4
402.4	402.4
429.9	429.9
457.9	457.9
486.3	486.3
515.2	515.2
544.5	544.5
574.3	574.3
604.4	604.4
634.9	634.9
665.8	665.8
697.1	697.1
728.7	728.7
760.8	760.8
793.2	793.2
826.0	826.0
859.2	859.2
892.9	892.9
926.9	926.9
961.3	961.3
996.2	996.2
1032.	1032.
1067.	1067.
1103.	1103.
1140.	1140.
1177.	1177.
1215.	1215.
1253.	1253.
1292.	1292.
1331.	1331.
1370.	1370.
1411.	1411.
1451.	1451.
1493.	1493.
1535.	1535.
1577.	1577.
1621.	1621.
1664.	1664.
1709.	1709.
1754.	1754.
1800.	1800.
1847.	1847.
1894.	1894.
1942.	1942.
1990.	1990.
2040.	2040.
2090.	2090.
2141.	2141.
2193.	2193.
2246.	2246.
2299.	2299.
2353.	2353.
2408.	2408.
2464.	2464.
2521.	2521.
2579.	2579.
2637.	2637.
2697.	2697.
2757.	2757.
2818.	2818.
2880.	2880.
2944.	2944.
3008.	3008.
3073.	3073.
3139.	3139.
3205.	3205.
3274.	3274.
3342.	3342.
3412.	3412.
3483.	3483.
3555.	3555.
 
 
E/N (Td)	Mean energy (eV)
0.7629E-02	0.4000
0.1040E-01	0.4098
0.1279E-01	0.4199
0.1498E-01	0.4302
0.1707E-01	0.4407
0.1912E-01	0.4516
0.2116E-01	0.4627
0.2320E-01	0.4740
0.2527E-01	0.4857
0.2737E-01	0.4976
0.2952E-01	0.5099
0.3172E-01	0.5223
0.3396E-01	0.5352
0.3631E-01	0.5483
0.3875E-01	0.5618
0.4128E-01	0.5756
0.4391E-01	0.5897
0.4665E-01	0.6042
0.4949E-01	0.6191
0.5247E-01	0.6343
0.5557E-01	0.6498
0.5880E-01	0.6658
0.6219E-01	0.6821
0.6573E-01	0.6989
0.6944E-01	0.7161
0.7332E-01	0.7336
0.7739E-01	0.7517
0.8165E-01	0.7701
0.8612E-01	0.7890
0.9080E-01	0.8084
0.9572E-01	0.8283
0.1009	0.8486
0.1063	0.8695
0.1120	0.8908
0.1179	0.9127
0.1242	0.9351
0.1308	0.9581
0.1377	0.9816
0.1450	1.006
0.1527	1.030
0.1607	1.056
0.1692	1.082
0.1781	1.108
0.1875	1.135
0.1974	1.163
0.2078	1.192
0.2187	1.221
0.2303	1.251
0.2424	1.282
0.2553	1.313
0.2688	1.346
0.2831	1.379
0.2982	1.413
0.3141	1.447
0.3310	1.483
0.3488	1.519
0.3678	1.556
0.3878	1.595
0.4091	1.634
0.4317	1.674
0.4558	1.715
0.4814	1.757
0.5087	1.800
0.5379	1.845
0.5690	1.890
0.6024	1.936
0.6382	1.984
0.6766	2.033
0.7177	2.082
0.7620	2.134
0.8097	2.186
0.8611	2.240
0.9165	2.295
0.9764	2.351
1.041	2.409
1.111	2.468
1.187	2.529
1.269	2.591
1.358	2.654
1.455	2.719
1.560	2.786
1.674	2.855
1.798	2.925
1.934	2.997
2.082	3.070
2.244	3.146
2.421	3.223
2.616	3.302
2.829	3.383
3.064	3.466
3.322	3.551
3.608	3.638
3.923	3.728
4.273	3.819
4.662	3.913
5.096	4.009
5.580	4.108
6.125	4.209
6.742	4.312
7.439	4.418
8.236	4.527
9.152	4.638
10.22	4.752
11.46	4.868
12.95	4.988
14.73	5.111
16.90	5.236
19.59	5.365
22.94	5.496
27.13	5.631
32.37	5.770
38.83	5.911
46.66	6.057
55.95	6.205
66.75	6.358
79.07	6.514
92.85	6.673
108.1	6.837
124.8	7.005
142.8	7.178
162.0	7.354
182.3	7.535
203.7	7.720
226.0	7.909
249.1	8.104
273.0	8.303
297.7	8.507
322.9	8.715
348.9	8.930
375.4	9.149
402.4	9.374
429.9	9.604
457.9	9.840
486.3	10.08
515.2	10.33
544.5	10.58
574.3	10.84
604.4	11.11
634.9	11.38
665.8	11.66
697.1	11.95
728.7	12.24
760.8	12.54
793.2	12.85
826.0	13.17
859.2	13.49
892.9	13.82
926.9	14.16
961.3	14.51
996.2	14.86
1032.	15.23
1067.	15.60
1103.	15.99
1140.	16.38
1177.	16.78
1215.	17.19
1253.	17.61
1292.	18.05
1331.	18.49
1370.	18.94
1411.	19.41
1451.	19.89
1493.	20.37
1535.	20.88
1577.	21.39
1621.	21.91
1664.	22.45
1709.	23.00
1754.	23.57
1800.	24.15
1847.	24.74
1894.	25.35
1942.	25.97
1990.	26.61
2040.	27.26
2090.	27.93
2141.	28.62
2193.	29.32
2246.	30.04
2299.	30.78
2353.	31.53
2408.	32.31
2464.	33.10
2521.	33.92
2579.	34.75
2637.	35.60
2697.	36.47
2757.	37.37
2818.	38.29
2880.	39.23
2944.	40.19
3008.	41.18
3073.	42.19
3139.	43.23
3205.	44.29
3274.	45.38
3342.	46.49
3412.	47.63
3483.	48.80
3555.	50.00
 
 
E/N (Td)	Mobility *N (1/m/V/s)
0.7629E-02	0.3645E+26
0.1040E-01	0.3601E+26
0.1279E-01	0.3550E+26
0.1498E-01	0.3498E+26
0.1707E-01	0.3446E+26
0.1912E-01	0.3392E+26
0.2116E-01	0.3338E+26
0.2320E-01	0.3283E+26
0.2527E-01	0.3228E+26
0.2737E-01	0.3173E+26
0.2952E-01	0.3117E+26
0.3172E-01	0.3062E+26
0.3396E-01	0.3010E+26
0.3631E-01	0.2954E+26
0.3875E-01	0.2898E+26
0.4128E-01	0.2843E+26
0.4391E-01	0.2787E+26
0.4665E-01	0.2732E+26
0.4949E-01	0.2677E+26
0.5247E-01	0.2622E+26
0.5557E-01	0.2568E+26
0.5880E-01	0.2514E+26
0.6219E-01	0.2461E+26
0.6573E-01	0.2408E+26
0.6944E-01	0.2355E+26
0.7332E-01	0.2303E+26
0.7739E-01	0.2252E+26
0.8165E-01	0.2201E+26
0.8612E-01	0.2151E+26
0.9080E-01	0.2101E+26
0.9572E-01	0.2052E+26
0.1009	0.2004E+26
0.1063	0.1956E+26
0.1120	0.1909E+26
0.1179	0.1863E+26
0.1242	0.1818E+26
0.1308	0.1773E+26
0.1377	0.1729E+26
0.1450	0.1685E+26
0.1527	0.1642E+26
0.1607	0.1600E+26
0.1692	0.1559E+26
0.1781	0.1519E+26
0.1875	0.1479E+26
0.1974	0.1440E+26
0.2078	0.1401E+26
0.2187	0.1364E+26
0.2303	0.1327E+26
0.2424	0.1291E+26
0.2553	0.1255E+26
0.2688	0.1220E+26
0.2831	0.1186E+26
0.2982	0.1153E+26
0.3141	0.1120E+26
0.3310	0.1088E+26
0.3488	0.1056E+26
0.3678	0.1026E+26
0.3878	0.9955E+25
0.4091	0.9659E+25
0.4317	0.9370E+25
0.4558	0.9086E+25
0.4814	0.8809E+25
0.5087	0.8537E+25
0.5379	0.8270E+25
0.5690	0.8009E+25
0.6024	0.7753E+25
0.6382	0.7502E+25
0.6766	0.7256E+25
0.7177	0.7015E+25
0.7620	0.6779E+25
0.8097	0.6547E+25
0.8611	0.6320E+25
0.9165	0.6097E+25
0.9764	0.5877E+25
1.041	0.5662E+25
1.111	0.5451E+25
1.187	0.5243E+25
1.269	0.5039E+25
1.358	0.4839E+25
1.455	0.4642E+25
1.560	0.4449E+25
1.674	0.4259E+25
1.798	0.4073E+25
1.934	0.3890E+25
2.082	0.3711E+25
2.244	0.3536E+25
2.421	0.3364E+25
2.616	0.3198E+25
2.829	0.3035E+25
3.064	0.2878E+25
3.322	0.2725E+25
3.608	0.2578E+25
3.923	0.2436E+25
4.273	0.2300E+25
4.662	0.2171E+25
5.096	0.2047E+25
5.580	0.1930E+25
6.125	0.1820E+25
6.742	0.1716E+25
7.439	0.1618E+25
8.236	0.1527E+25
9.152	0.1443E+25
10.22	0.1364E+25
11.46	0.1291E+25
12.95	0.1225E+25
14.73	0.1163E+25
16.90	0.1108E+25
19.59	0.1057E+25
22.94	0.1011E+25
27.13	0.9696E+24
32.37	0.9328E+24
38.83	0.9002E+24
46.66	0.8716E+24
55.95	0.8467E+24
66.75	0.8250E+24
79.07	0.8059E+24
92.85	0.7890E+24
108.1	0.7736E+24
124.8	0.7596E+24
142.8	0.7466E+24
162.0	0.7345E+24
182.3	0.7232E+24
203.7	0.7126E+24
226.0	0.7026E+24
249.1	0.6932E+24
273.0	0.6844E+24
297.7	0.6761E+24
322.9	0.6682E+24
348.9	0.6609E+24
375.4	0.6540E+24
402.4	0.6474E+24
429.9	0.6413E+24
457.9	0.6356E+24
486.3	0.6302E+24
515.2	0.6250E+24
544.5	0.6202E+24
574.3	0.6156E+24
604.4	0.6113E+24
634.9	0.6072E+24
665.8	0.6032E+24
697.1	0.5994E+24
728.7	0.5958E+24
760.8	0.5923E+24
793.2	0.5890E+24
826.0	0.5857E+24
859.2	0.5826E+24
892.9	0.5794E+24
926.9	0.5764E+24
961.3	0.5736E+24
996.2	0.5707E+24
1032.	0.5679E+24
1067.	0.5651E+24
1103.	0.5625E+24
1140.	0.5598E+24
1177.	0.5572E+24
1215.	0.5546E+24
1253.	0.5519E+24
1292.	0.5494E+24
1331.	0.5470E+24
1370.	0.5444E+24
1411.	0.5419E+24
1451.	0.5394E+24
1493.	0.5370E+24
1535.	0.5345E+24
1577.	0.5321E+24
1621.	0.5296E+24
1664.	0.5272E+24
1709.	0.5247E+24
1754.	0.5222E+24
1800.	0.5198E+24
1847.	0.5174E+24
1894.	0.5150E+24
1942.	0.5125E+24
1990.	0.5102E+24
2040.	0.5077E+24
2090.	0.5053E+24
2141.	0.5029E+24
2193.	0.5006E+24
2246.	0.4981E+24
2299.	0.4958E+24
2353.	0.4935E+24
2408.	0.4911E+24
2464.	0.4888E+24
2521.	0.4863E+24
2579.	0.4841E+24
2637.	0.4817E+24
2697.	0.4795E+24
2757.	0.4771E+24
2818.	0.4749E+24
2880.	0.4727E+24
2944.	0.4703E+24
3008.	0.4682E+24
3073.	0.4659E+24
3139.	0.4637E+24
3205.	0.4617E+24
3274.	0.4595E+24
3342.	0.4573E+24
3412.	0.4552E+24
3483.	0.4532E+24
3555.	0.4511E+24
 
 
E/N (Td)	Diffusion coefficient *N (1/m/s)
0.7629E-02	0.9731E+25
0.1040E-01	0.9853E+25
0.1279E-01	0.9954E+25
0.1498E-01	0.1005E+26
0.1707E-01	0.1014E+26
0.1912E-01	0.1023E+26
0.2116E-01	0.1031E+26
0.2320E-01	0.1039E+26
0.2527E-01	0.1047E+26
0.2737E-01	0.1054E+26
0.2952E-01	0.1061E+26
0.3172E-01	0.1068E+26
0.3396E-01	0.1076E+26
0.3631E-01	0.1082E+26
0.3875E-01	0.1087E+26
0.4128E-01	0.1092E+26
0.4391E-01	0.1097E+26
0.4665E-01	0.1102E+26
0.4949E-01	0.1106E+26
0.5247E-01	0.1110E+26
0.5557E-01	0.1114E+26
0.5880E-01	0.1118E+26
0.6219E-01	0.1121E+26
0.6573E-01	0.1124E+26
0.6944E-01	0.1126E+26
0.7332E-01	0.1128E+26
0.7739E-01	0.1130E+26
0.8165E-01	0.1132E+26
0.8612E-01	0.1133E+26
0.9080E-01	0.1134E+26
0.9572E-01	0.1135E+26
0.1009	0.1136E+26
0.1063	0.1136E+26
0.1120	0.1136E+26
0.1179	0.1136E+26
0.1242	0.1136E+26
0.1308	0.1135E+26
0.1377	0.1134E+26
0.1450	0.1133E+26
0.1527	0.1131E+26
0.1607	0.1130E+26
0.1692	0.1128E+26
0.1781	0.1126E+26
0.1875	0.1124E+26
0.1974	0.1121E+26
0.2078	0.1119E+26
0.2187	0.1116E+26
0.2303	0.1113E+26
0.2424	0.1109E+26
0.2553	0.1106E+26
0.2688	0.1102E+26
0.2831	0.1099E+26
0.2982	0.1095E+26
0.3141	0.1090E+26
0.3310	0.1086E+26
0.3488	0.1082E+26
0.3678	0.1077E+26
0.3878	0.1072E+26
0.4091	0.1067E+26
0.4317	0.1062E+26
0.4558	0.1057E+26
0.4814	0.1051E+26
0.5087	0.1046E+26
0.5379	0.1040E+26
0.5690	0.1034E+26
0.6024	0.1028E+26
0.6382	0.1022E+26
0.6766	0.1015E+26
0.7177	0.1009E+26
0.7620	0.1002E+26
0.8097	0.9957E+25
0.8611	0.9889E+25
0.9165	0.9820E+25
0.9764	0.9749E+25
1.041	0.9677E+25
1.111	0.9603E+25
1.187	0.9529E+25
1.269	0.9453E+25
1.358	0.9376E+25
1.455	0.9297E+25
1.560	0.9217E+25
1.674	0.9136E+25
1.798	0.9054E+25
1.934	0.8971E+25
2.082	0.8886E+25
2.244	0.8799E+25
2.421	0.8712E+25
2.616	0.8623E+25
2.829	0.8533E+25
3.064	0.8442E+25
3.322	0.8349E+25
3.608	0.8255E+25
3.923	0.8160E+25
4.273	0.8064E+25
4.662	0.7968E+25
5.096	0.7870E+25
5.580	0.7772E+25
6.125	0.7673E+25
6.742	0.7574E+25
7.439	0.7475E+25
8.236	0.7376E+25
9.152	0.7278E+25
10.22	0.7181E+25
11.46	0.7085E+25
12.95	0.6991E+25
14.73	0.6899E+25
16.90	0.6810E+25
19.59	0.6724E+25
22.94	0.6641E+25
27.13	0.6563E+25
32.37	0.6490E+25
38.83	0.6422E+25
46.66	0.6359E+25
55.95	0.6301E+25
66.75	0.6248E+25
79.07	0.6199E+25
92.85	0.6154E+25
108.1	0.6112E+25
124.8	0.6073E+25
142.8	0.6036E+25
162.0	0.6001E+25
182.3	0.5969E+25
203.7	0.5939E+25
226.0	0.5911E+25
249.1	0.5885E+25
273.0	0.5863E+25
297.7	0.5843E+25
322.9	0.5826E+25
348.9	0.5813E+25
375.4	0.5803E+25
402.4	0.5797E+25
429.9	0.5795E+25
457.9	0.5797E+25
486.3	0.5803E+25
515.2	0.5814E+25
544.5	0.5828E+25
574.3	0.5848E+25
604.4	0.5872E+25
634.9	0.5899E+25
665.8	0.5931E+25
697.1	0.5968E+25
728.7	0.6008E+25
760.8	0.6053E+25
793.2	0.6102E+25
826.0	0.6155E+25
859.2	0.6212E+25
892.9	0.6272E+25
926.9	0.6337E+25
961.3	0.6406E+25
996.2	0.6479E+25
1032.	0.6556E+25
1067.	0.6636E+25
1103.	0.6721E+25
1140.	0.6809E+25
1177.	0.6901E+25
1215.	0.6996E+25
1253.	0.7095E+25
1292.	0.7198E+25
1331.	0.7305E+25
1370.	0.7415E+25
1411.	0.7529E+25
1451.	0.7646E+25
1493.	0.7768E+25
1535.	0.7891E+25
1577.	0.8020E+25
1621.	0.8152E+25
1664.	0.8287E+25
1709.	0.8426E+25
1754.	0.8569E+25
1800.	0.8715E+25
1847.	0.8865E+25
1894.	0.9020E+25
1942.	0.9177E+25
1990.	0.9339E+25
2040.	0.9504E+25
2090.	0.9672E+25
2141.	0.9846E+25
2193.	0.1002E+26
2246.	0.1020E+26
2299.	0.1039E+26
2353.	0.1058E+26
2408.	0.1077E+26
2464.	0.1097E+26
2521.	0.1118E+26
2579.	0.1138E+26
2637.	0.1159E+26
2697.	0.1181E+26
2757.	0.1203E+26
2818.	0.1226E+26
2880.	0.1249E+26
2944.	0.1273E+26
3008.	0.1297E+26
3073.	0.1322E+26
3139.	0.1347E+26
3205.	0.1374E+26
3274.	0.1400E+26
3342.	0.1427E+26
3412.	0.1455E+26
3483.	0.1483E+26
3555.	0.1512E+26
 
 
E/N (Td)	Energy mobility *N (1/m/V/s)
0.7629E-02	0.5075E+26
0.1040E-01	0.4970E+26
0.1279E-01	0.4858E+26
0.1498E-01	0.4744E+26
0.1707E-01	0.4633E+26
0.1912E-01	0.4521E+26
0.2116E-01	0.4410E+26
0.2320E-01	0.4300E+26
0.2527E-01	0.4191E+26
0.2737E-01	0.4084E+26
0.2952E-01	0.3979E+26
0.3172E-01	0.3875E+26
0.3396E-01	0.3777E+26
0.3631E-01	0.3676E+26
0.3875E-01	0.3576E+26
0.4128E-01	0.3479E+26
0.4391E-01	0.3383E+26
0.4665E-01	0.3288E+26
0.4949E-01	0.3196E+26
0.5247E-01	0.3105E+26
0.5557E-01	0.3017E+26
0.5880E-01	0.2930E+26
0.6219E-01	0.2845E+26
0.6573E-01	0.2762E+26
0.6944E-01	0.2681E+26
0.7332E-01	0.2602E+26
0.7739E-01	0.2524E+26
0.8165E-01	0.2448E+26
0.8612E-01	0.2375E+26
0.9080E-01	0.2303E+26
0.9572E-01	0.2232E+26
0.1009	0.2164E+26
0.1063	0.2097E+26
0.1120	0.2032E+26
0.1179	0.1969E+26
0.1242	0.1907E+26
0.1308	0.1847E+26
0.1377	0.1788E+26
0.1450	0.1731E+26
0.1527	0.1676E+26
0.1607	0.1622E+26
0.1692	0.1570E+26
0.1781	0.1519E+26
0.1875	0.1470E+26
0.1974	0.1422E+26
0.2078	0.1375E+26
0.2187	0.1330E+26
0.2303	0.1286E+26
0.2424	0.1243E+26
0.2553	0.1201E+26
0.2688	0.1161E+26
0.2831	0.1122E+26
0.2982	0.1084E+26
0.3141	0.1047E+26
0.3310	0.1012E+26
0.3488	0.9772E+25
0.3678	0.9436E+25
0.3878	0.9111E+25
0.4091	0.8796E+25
0.4317	0.8490E+25
0.4558	0.8194E+25
0.4814	0.7906E+25
0.5087	0.7628E+25
0.5379	0.7358E+25
0.5690	0.7097E+25
0.6024	0.6844E+25
0.6382	0.6599E+25
0.6766	0.6362E+25
0.7177	0.6132E+25
0.7620	0.5909E+25
0.8097	0.5694E+25
0.8611	0.5485E+25
0.9165	0.5284E+25
0.9764	0.5088E+25
1.041	0.4899E+25
1.111	0.4716E+25
1.187	0.4539E+25
1.269	0.4367E+25
1.358	0.4201E+25
1.455	0.4041E+25
1.560	0.3886E+25
1.674	0.3736E+25
1.798	0.3591E+25
1.934	0.3451E+25
2.082	0.3315E+25
2.244	0.3184E+25
2.421	0.3058E+25
2.616	0.2936E+25
2.829	0.2818E+25
3.064	0.2705E+25
3.322	0.2596E+25
3.608	0.2491E+25
3.923	0.2390E+25
4.273	0.2293E+25
4.662	0.2200E+25
5.096	0.2111E+25
5.580	0.2025E+25
6.125	0.1944E+25
6.742	0.1866E+25
7.439	0.1792E+25
8.236	0.1722E+25
9.152	0.1655E+25
10.22	0.1592E+25
11.46	0.1533E+25
12.95	0.1477E+25
14.73	0.1426E+25
16.90	0.1378E+25
19.59	0.1333E+25
22.94	0.1293E+25
27.13	0.1256E+25
32.37	0.1222E+25
38.83	0.1193E+25
46.66	0.1167E+25
55.95	0.1144E+25
66.75	0.1123E+25
79.07	0.1106E+25
92.85	0.1090E+25
108.1	0.1076E+25
124.8	0.1064E+25
142.8	0.1053E+25
162.0	0.1043E+25
182.3	0.1035E+25
203.7	0.1027E+25
226.0	0.1020E+25
249.1	0.1013E+25
273.0	0.1007E+25
297.7	0.1002E+25
322.9	0.9963E+24
348.9	0.9916E+24
375.4	0.9872E+24
402.4	0.9830E+24
429.9	0.9790E+24
457.9	0.9754E+24
486.3	0.9719E+24
515.2	0.9684E+24
544.5	0.9652E+24
574.3	0.9622E+24
604.4	0.9593E+24
634.9	0.9563E+24
665.8	0.9534E+24
697.1	0.9504E+24
728.7	0.9475E+24
760.8	0.9447E+24
793.2	0.9418E+24
826.0	0.9390E+24
859.2	0.9361E+24
892.9	0.9331E+24
926.9	0.9301E+24
961.3	0.9271E+24
996.2	0.9241E+24
1032.	0.9209E+24
1067.	0.9178E+24
1103.	0.9147E+24
1140.	0.9115E+24
1177.	0.9083E+24
1215.	0.9049E+24
1253.	0.9014E+24
1292.	0.8981E+24
1331.	0.8947E+24
1370.	0.8911E+24
1411.	0.8876E+24
1451.	0.8840E+24
1493.	0.8804E+24
1535.	0.8767E+24
1577.	0.8730E+24
1621.	0.8692E+24
1664.	0.8655E+24
1709.	0.8616E+24
1754.	0.8578E+24
1800.	0.8540E+24
1847.	0.8501E+24
1894.	0.8463E+24
1942.	0.8423E+24
1990.	0.8386E+24
2040.	0.8346E+24
2090.	0.8307E+24
2141.	0.8268E+24
2193.	0.8230E+24
2246.	0.8191E+24
2299.	0.8153E+24
2353.	0.8115E+24
2408.	0.8077E+24
2464.	0.8039E+24
2521.	0.8001E+24
2579.	0.7965E+24
2637.	0.7927E+24
2697.	0.7891E+24
2757.	0.7855E+24
2818.	0.7820E+24
2880.	0.7784E+24
2944.	0.7749E+24
3008.	0.7715E+24
3073.	0.7681E+24
3139.	0.7648E+24
3205.	0.7616E+24
3274.	0.7583E+24
3342.	0.7552E+24
3412.	0.7520E+24
3483.	0.7490E+24
3555.	0.7460E+24
 
 
E/N (Td)	Energy diffusion coef. D*N (1/m/s)
0.7629E-02	0.1353E+26
0.1040E-01	0.1357E+26
0.1279E-01	0.1359E+26
0.1498E-01	0.1360E+26
0.1707E-01	0.1360E+26
0.1912E-01	0.1360E+26
0.2116E-01	0.1359E+26
0.2320E-01	0.1358E+26
0.2527E-01	0.1356E+26
0.2737E-01	0.1354E+26
0.2952E-01	0.1351E+26
0.3172E-01	0.1348E+26
0.3396E-01	0.1346E+26
0.3631E-01	0.1343E+26
0.3875E-01	0.1338E+26
0.4128E-01	0.1334E+26
0.4391E-01	0.1329E+26
0.4665E-01	0.1324E+26
0.4949E-01	0.1318E+26
0.5247E-01	0.1312E+26
0.5557E-01	0.1306E+26
0.5880E-01	0.1300E+26
0.6219E-01	0.1293E+26
0.6573E-01	0.1286E+26
0.6944E-01	0.1279E+26
0.7332E-01	0.1272E+26
0.7739E-01	0.1264E+26
0.8165E-01	0.1257E+26
0.8612E-01	0.1249E+26
0.9080E-01	0.1241E+26
0.9572E-01	0.1232E+26
0.1009	0.1224E+26
0.1063	0.1215E+26
0.1120	0.1207E+26
0.1179	0.1198E+26
0.1242	0.1189E+26
0.1308	0.1180E+26
0.1377	0.1171E+26
0.1450	0.1161E+26
0.1527	0.1152E+26
0.1607	0.1143E+26
0.1692	0.1133E+26
0.1781	0.1123E+26
0.1875	0.1114E+26
0.1974	0.1104E+26
0.2078	0.1094E+26
0.2187	0.1084E+26
0.2303	0.1074E+26
0.2424	0.1064E+26
0.2553	0.1054E+26
0.2688	0.1044E+26
0.2831	0.1034E+26
0.2982	0.1024E+26
0.3141	0.1014E+26
0.3310	0.1004E+26
0.3488	0.9938E+25
0.3678	0.9837E+25
0.3878	0.9735E+25
0.4091	0.9634E+25
0.4317	0.9533E+25
0.4558	0.9432E+25
0.4814	0.9331E+25
0.5087	0.9231E+25
0.5379	0.9130E+25
0.5690	0.9030E+25
0.6024	0.8931E+25
0.6382	0.8831E+25
0.6766	0.8733E+25
0.7177	0.8634E+25
0.7620	0.8537E+25
0.8097	0.8440E+25
0.8611	0.8343E+25
0.9165	0.8248E+25
0.9764	0.8152E+25
1.041	0.8058E+25
1.111	0.7965E+25
1.187	0.7872E+25
1.269	0.7780E+25
1.358	0.7689E+25
1.455	0.7599E+25
1.560	0.7510E+25
1.674	0.7421E+25
1.798	0.7334E+25
1.934	0.7247E+25
2.082	0.7162E+25
2.244	0.7077E+25
2.421	0.6993E+25
2.616	0.6910E+25
2.829	0.6828E+25
3.064	0.6747E+25
3.322	0.6666E+25
3.608	0.6587E+25
3.923	0.6508E+25
4.273	0.6429E+25
4.662	0.6352E+25
5.096	0.6275E+25
5.580	0.6200E+25
6.125	0.6124E+25
6.742	0.6050E+25
7.439	0.5976E+25
8.236	0.5904E+25
9.152	0.5832E+25
10.22	0.5762E+25
11.46	0.5693E+25
12.95	0.5626E+25
14.73	0.5561E+25
16.90	0.5498E+25
19.59	0.5438E+25
22.94	0.5382E+25
27.13	0.5330E+25
32.37	0.5282E+25
38.83	0.5241E+25
46.66	0.5205E+25
55.95	0.5177E+25
66.75	0.5155E+25
79.07	0.5140E+25
92.85	0.5133E+25
108.1	0.5133E+25
124.8	0.5141E+25
142.8	0.5156E+25
162.0	0.5179E+25
182.3	0.5209E+25
203.7	0.5247E+25
226.0	0.5292E+25
249.1	0.5345E+25
273.0	0.5405E+25
297.7	0.5472E+25
322.9	0.5546E+25
348.9	0.5627E+25
375.4	0.5715E+25
402.4	0.5811E+25
429.9	0.5912E+25
457.9	0.6021E+25
486.3	0.6137E+25
515.2	0.6259E+25
544.5	0.6388E+25
574.3	0.6525E+25
604.4	0.6668E+25
634.9	0.6816E+25
665.8	0.6971E+25
697.1	0.7132E+25
728.7	0.7300E+25
760.8	0.7473E+25
793.2	0.7653E+25
826.0	0.7839E+25
859.2	0.8030E+25
892.9	0.8226E+25
926.9	0.8429E+25
961.3	0.8638E+25
996.2	0.8852E+25
1032.	0.9071E+25
1067.	0.9296E+25
1103.	0.9527E+25
1140.	0.9763E+25
1177.	0.1001E+26
1215.	0.1025E+26
1253.	0.1050E+26
1292.	0.1076E+26
1331.	0.1102E+26
1370.	0.1129E+26
1411.	0.1157E+26
1451.	0.1185E+26
1493.	0.1213E+26
1535.	0.1242E+26
1577.	0.1272E+26
1621.	0.1302E+26
1664.	0.1333E+26
1709.	0.1365E+26
1754.	0.1397E+26
1800.	0.1430E+26
1847.	0.1463E+26
1894.	0.1497E+26
1942.	0.1532E+26
1990.	0.1568E+26
2040.	0.1604E+26
2090.	0.1642E+26
2141.	0.1680E+26
2193.	0.1719E+26
2246.	0.1759E+26
2299.	0.1799E+26
2353.	0.1841E+26
2408.	0.1884E+26
2464.	0.1928E+26
2521.	0.1973E+26
2579.	0.2018E+26
2637.	0.2066E+26
2697.	0.2114E+26
2757.	0.2164E+26
2818.	0.2215E+26
2880.	0.2267E+26
2944.	0.2321E+26
3008.	0.2375E+26
3073.	0.2432E+26
3139.	0.2491E+26
3205.	0.2550E+26
3274.	0.2612E+26
3342.	0.2676E+26
3412.	0.2741E+26
3483.	0.2808E+26
3555.	0.2877E+26
 
 
E/N (Td)	Total collision freq. /N (m3/s)
0.7629E-02	0.2362E-14
0.1040E-01	0.2446E-14
0.1279E-01	0.2534E-14
0.1498E-01	0.2626E-14
0.1707E-01	0.2722E-14
0.1912E-01	0.2823E-14
0.2116E-01	0.2928E-14
0.2320E-01	0.3038E-14
0.2527E-01	0.3153E-14
0.2737E-01	0.3273E-14
0.2952E-01	0.3398E-14
0.3172E-01	0.3528E-14
0.3396E-01	0.3664E-14
0.3631E-01	0.3805E-14
0.3875E-01	0.3952E-14
0.4128E-01	0.4105E-14
0.4391E-01	0.4265E-14
0.4665E-01	0.4431E-14
0.4949E-01	0.4603E-14
0.5247E-01	0.4783E-14
0.5557E-01	0.4969E-14
0.5880E-01	0.5163E-14
0.6219E-01	0.5364E-14
0.6573E-01	0.5574E-14
0.6944E-01	0.5791E-14
0.7332E-01	0.6017E-14
0.7739E-01	0.6252E-14
0.8165E-01	0.6496E-14
0.8612E-01	0.6749E-14
0.9080E-01	0.7012E-14
0.9572E-01	0.7285E-14
0.1009	0.7569E-14
0.1063	0.7864E-14
0.1120	0.8170E-14
0.1179	0.8489E-14
0.1242	0.8819E-14
0.1308	0.9162E-14
0.1377	0.9519E-14
0.1450	0.9889E-14
0.1527	0.1027E-13
0.1607	0.1067E-13
0.1692	0.1109E-13
0.1781	0.1152E-13
0.1875	0.1197E-13
0.1974	0.1243E-13
0.2078	0.1292E-13
0.2187	0.1342E-13
0.2303	0.1394E-13
0.2424	0.1449E-13
0.2553	0.1505E-13
0.2688	0.1564E-13
0.2831	0.1625E-13
0.2982	0.1688E-13
0.3141	0.1754E-13
0.3310	0.1822E-13
0.3488	0.1893E-13
0.3678	0.1967E-13
0.3878	0.2044E-13
0.4091	0.2123E-13
0.4317	0.2206E-13
0.4558	0.2292E-13
0.4814	0.2381E-13
0.5087	0.2474E-13
0.5379	0.2570E-13
0.5690	0.2669E-13
0.6024	0.2773E-13
0.6382	0.2880E-13
0.6766	0.2991E-13
0.7177	0.3106E-13
0.7620	0.3226E-13
0.8097	0.3350E-13
0.8611	0.3478E-13
0.9165	0.3611E-13
0.9764	0.3748E-13
1.041	0.3891E-13
1.111	0.4038E-13
1.187	0.4190E-13
1.269	0.4348E-13
1.358	0.4511E-13
1.455	0.4679E-13
1.560	0.4853E-13
1.674	0.5033E-13
1.798	0.5219E-13
1.934	0.5411E-13
2.082	0.5609E-13
2.244	0.5814E-13
2.421	0.6026E-13
2.616	0.6245E-13
2.829	0.6470E-13
3.064	0.6703E-13
3.322	0.6944E-13
3.608	0.7193E-13
3.923	0.7450E-13
4.273	0.7715E-13
4.662	0.7990E-13
5.096	0.8273E-13
5.580	0.8566E-13
6.125	0.8868E-13
6.742	0.9182E-13
7.439	0.9505E-13
8.236	0.9838E-13
9.152	0.1018E-12
10.22	0.1054E-12
11.46	0.1090E-12
12.95	0.1128E-12
14.73	0.1167E-12
16.90	0.1206E-12
19.59	0.1246E-12
22.94	0.1287E-12
27.13	0.1329E-12
32.37	0.1370E-12
38.83	0.1412E-12
46.66	0.1453E-12
55.95	0.1493E-12
66.75	0.1533E-12
79.07	0.1572E-12
92.85	0.1610E-12
108.1	0.1647E-12
124.8	0.1683E-12
142.8	0.1719E-12
162.0	0.1753E-12
182.3	0.1786E-12
203.7	0.1819E-12
226.0	0.1850E-12
249.1	0.1881E-12
273.0	0.1911E-12
297.7	0.1940E-12
322.9	0.1968E-12
348.9	0.1995E-12
375.4	0.2022E-12
402.4	0.2048E-12
429.9	0.2074E-12
457.9	0.2099E-12
486.3	0.2123E-12
515.2	0.2146E-12
544.5	0.2169E-12
574.3	0.2191E-12
604.4	0.2213E-12
634.9	0.2234E-12
665.8	0.2254E-12
697.1	0.2274E-12
728.7	0.2294E-12
760.8	0.2313E-12
793.2	0.2331E-12
826.0	0.2349E-12
859.2	0.2367E-12
892.9	0.2384E-12
926.9	0.2400E-12
961.3	0.2417E-12
996.2	0.2433E-12
1032.	0.2448E-12
1067.	0.2463E-12
1103.	0.2478E-12
1140.	0.2492E-12
1177.	0.2506E-12
1215.	0.2520E-12
1253.	0.2534E-12
1292.	0.2547E-12
1331.	0.2560E-12
1370.	0.2572E-12
1411.	0.2585E-12
1451.	0.2597E-12
1493.	0.2608E-12
1535.	0.2620E-12
1577.	0.2631E-12
1621.	0.2642E-12
1664.	0.2653E-12
1709.	0.2664E-12
1754.	0.2674E-12
1800.	0.2685E-12
1847.	0.2695E-12
1894.	0.2705E-12
1942.	0.2714E-12
1990.	0.2724E-12
2040.	0.2733E-12
2090.	0.2742E-12
2141.	0.2751E-12
2193.	0.2760E-12
2246.	0.2769E-12
2299.	0.2777E-12
2353.	0.2785E-12
2408.	0.2794E-12
2464.	0.2802E-12
2521.	0.2810E-12
2579.	0.2817E-12
2637.	0.2825E-12
2697.	0.2832E-12
2757.	0.2840E-12
2818.	0.2847E-12
2880.	0.2854E-12
2944.	0.2861E-12
3008.	0.2868E-12
3073.	0.2874E-12
3139.	0.2881E-12
3205.	0.2888E-12
3274.	0.2894E-12
3342.	0.2900E-12
3412.	0.2906E-12
3483.	0.2912E-12
3555.	0.2918E-12
 
 
E/N (Td)	Momentum frequency /N (m3/s)
0.7629E-02	0.3174E-14
0.1040E-01	0.3268E-14
0.1279E-01	0.3365E-14
0.1498E-01	0.3465E-14
0.1707E-01	0.3568E-14
0.1912E-01	0.3674E-14
0.2116E-01	0.3782E-14
0.2320E-01	0.3894E-14
0.2527E-01	0.4008E-14
0.2737E-01	0.4126E-14
0.2952E-01	0.4247E-14
0.3172E-01	0.4371E-14
0.3396E-01	0.4499E-14
0.3631E-01	0.4630E-14
0.3875E-01	0.4765E-14
0.4128E-01	0.4905E-14
0.4391E-01	0.5048E-14
0.4665E-01	0.5195E-14
0.4949E-01	0.5347E-14
0.5247E-01	0.5503E-14
0.5557E-01	0.5663E-14
0.5880E-01	0.5828E-14
0.6219E-01	0.5998E-14
0.6573E-01	0.6173E-14
0.6944E-01	0.6354E-14
0.7332E-01	0.6540E-14
0.7739E-01	0.6731E-14
0.8165E-01	0.6928E-14
0.8612E-01	0.7131E-14
0.9080E-01	0.7340E-14
0.9572E-01	0.7556E-14
0.1009	0.7779E-14
0.1063	0.8008E-14
0.1120	0.8244E-14
0.1179	0.8488E-14
0.1242	0.8740E-14
0.1308	0.8999E-14
0.1377	0.9267E-14
0.1450	0.9544E-14
0.1527	0.9829E-14
0.1607	0.1012E-13
0.1692	0.1043E-13
0.1781	0.1074E-13
0.1875	0.1107E-13
0.1974	0.1140E-13
0.2078	0.1175E-13
0.2187	0.1211E-13
0.2303	0.1248E-13
0.2424	0.1287E-13
0.2553	0.1326E-13
0.2688	0.1368E-13
0.2831	0.1410E-13
0.2982	0.1454E-13
0.3141	0.1500E-13
0.3310	0.1548E-13
0.3488	0.1597E-13
0.3678	0.1648E-13
0.3878	0.1701E-13
0.4091	0.1756E-13
0.4317	0.1814E-13
0.4558	0.1873E-13
0.4814	0.1936E-13
0.5087	0.2000E-13
0.5379	0.2068E-13
0.5690	0.2138E-13
0.6024	0.2212E-13
0.6382	0.2289E-13
0.6766	0.2369E-13
0.7177	0.2453E-13
0.7620	0.2542E-13
0.8097	0.2635E-13
0.8611	0.2733E-13
0.9165	0.2836E-13
0.9764	0.2944E-13
1.041	0.3059E-13
1.111	0.3181E-13
1.187	0.3310E-13
1.269	0.3447E-13
1.358	0.3592E-13
1.455	0.3748E-13
1.560	0.3914E-13
1.674	0.4091E-13
1.798	0.4282E-13
1.934	0.4486E-13
2.082	0.4705E-13
2.244	0.4942E-13
2.421	0.5196E-13
2.616	0.5471E-13
2.829	0.5766E-13
3.064	0.6086E-13
3.322	0.6429E-13
3.608	0.6800E-13
3.923	0.7198E-13
4.273	0.7626E-13
4.662	0.8084E-13
5.096	0.8573E-13
5.580	0.9095E-13
6.125	0.9649E-13
6.742	0.1024E-12
7.439	0.1086E-12
8.236	0.1150E-12
9.152	0.1218E-12
10.22	0.1288E-12
11.46	0.1361E-12
12.95	0.1435E-12
14.73	0.1511E-12
16.90	0.1587E-12
19.59	0.1664E-12
22.94	0.1739E-12
27.13	0.1813E-12
32.37	0.1885E-12
38.83	0.1953E-12
46.66	0.2017E-12
55.95	0.2077E-12
66.75	0.2131E-12
79.07	0.2182E-12
92.85	0.2229E-12
108.1	0.2273E-12
124.8	0.2315E-12
142.8	0.2355E-12
162.0	0.2394E-12
182.3	0.2432E-12
203.7	0.2468E-12
226.0	0.2503E-12
249.1	0.2537E-12
273.0	0.2569E-12
297.7	0.2601E-12
322.9	0.2632E-12
348.9	0.2661E-12
375.4	0.2689E-12
402.4	0.2716E-12
429.9	0.2742E-12
457.9	0.2767E-12
486.3	0.2790E-12
515.2	0.2814E-12
544.5	0.2835E-12
574.3	0.2857E-12
604.4	0.2877E-12
634.9	0.2897E-12
665.8	0.2916E-12
697.1	0.2934E-12
728.7	0.2952E-12
760.8	0.2970E-12
793.2	0.2986E-12
826.0	0.3003E-12
859.2	0.3019E-12
892.9	0.3036E-12
926.9	0.3051E-12
961.3	0.3067E-12
996.2	0.3082E-12
1032.	0.3098E-12
1067.	0.3113E-12
1103.	0.3127E-12
1140.	0.3142E-12
1177.	0.3157E-12
1215.	0.3172E-12
1253.	0.3187E-12
1292.	0.3202E-12
1331.	0.3216E-12
1370.	0.3231E-12
1411.	0.3246E-12
1451.	0.3261E-12
1493.	0.3276E-12
1535.	0.3291E-12
1577.	0.3306E-12
1621.	0.3322E-12
1664.	0.3337E-12
1709.	0.3353E-12
1754.	0.3369E-12
1800.	0.3384E-12
1847.	0.3400E-12
1894.	0.3416E-12
1942.	0.3432E-12
1990.	0.3448E-12
2040.	0.3465E-12
2090.	0.3481E-12
2141.	0.3498E-12
2193.	0.3514E-12
2246.	0.3532E-12
2299.	0.3548E-12
2353.	0.3565E-12
2408.	0.3583E-12
2464.	0.3599E-12
2521.	0.3618E-12
2579.	0.3634E-12
2637.	0.3652E-12
2697.	0.3670E-12
2757.	0.3687E-12
2818.	0.3705E-12
2880.	0.3722E-12
2944.	0.3741E-12
3008.	0.3758E-12
3073.	0.3776E-12
3139.	0.3794E-12
3205.	0.3811E-12
3274.	0.3829E-12
3342.	0.3848E-12
3412.	0.3865E-12
3483.	0.3882E-12
3555.	0.3901E-12
 
 
E/N (Td)	e-i momentum frequency /N (m3/s)
0.7629E-02	0.1654E-14
0.1040E-01	0.1620E-14
0.1279E-01	0.1592E-14
0.1498E-01	0.1566E-14
0.1707E-01	0.1539E-14
0.1912E-01	0.1514E-14
0.2116E-01	0.1490E-14
0.2320E-01	0.1466E-14
0.2527E-01	0.1443E-14
0.2737E-01	0.1420E-14
0.2952E-01	0.1398E-14
0.3172E-01	0.1375E-14
0.3396E-01	0.1349E-14
0.3631E-01	0.1327E-14
0.3875E-01	0.1307E-14
0.4128E-01	0.1286E-14
0.4391E-01	0.1266E-14
0.4665E-01	0.1246E-14
0.4949E-01	0.1227E-14
0.5247E-01	0.1208E-14
0.5557E-01	0.1189E-14
0.5880E-01	0.1170E-14
0.6219E-01	0.1152E-14
0.6573E-01	0.1134E-14
0.6944E-01	0.1116E-14
0.7332E-01	0.1099E-14
0.7739E-01	0.1082E-14
0.8165E-01	0.1065E-14
0.8612E-01	0.1049E-14
0.9080E-01	0.1032E-14
0.9572E-01	0.1016E-14
0.1009	0.1000E-14
0.1063	0.9847E-15
0.1120	0.9693E-15
0.1179	0.9542E-15
0.1242	0.9392E-15
0.1308	0.9245E-15
0.1377	0.9100E-15
0.1450	0.8957E-15
0.1527	0.8816E-15
0.1607	0.8677E-15
0.1692	0.8540E-15
0.1781	0.8405E-15
0.1875	0.8272E-15
0.1974	0.8140E-15
0.2078	0.8010E-15
0.2187	0.7882E-15
0.2303	0.7756E-15
0.2424	0.7631E-15
0.2553	0.7508E-15
0.2688	0.7386E-15
0.2831	0.7266E-15
0.2982	0.7147E-15
0.3141	0.7030E-15
0.3310	0.6914E-15
0.3488	0.6799E-15
0.3678	0.6685E-15
0.3878	0.6572E-15
0.4091	0.6461E-15
0.4317	0.6350E-15
0.4558	0.6240E-15
0.4814	0.6131E-15
0.5087	0.6022E-15
0.5379	0.5914E-15
0.5690	0.5807E-15
0.6024	0.5699E-15
0.6382	0.5592E-15
0.6766	0.5484E-15
0.7177	0.5377E-15
0.7620	0.5269E-15
0.8097	0.5160E-15
0.8611	0.5050E-15
0.9165	0.4939E-15
0.9764	0.4827E-15
1.041	0.4714E-15
1.111	0.4598E-15
1.187	0.4480E-15
1.269	0.4360E-15
1.358	0.4238E-15
1.455	0.4112E-15
1.560	0.3983E-15
1.674	0.3851E-15
1.798	0.3715E-15
1.934	0.3575E-15
2.082	0.3432E-15
2.244	0.3286E-15
2.421	0.3136E-15
2.616	0.2983E-15
2.829	0.2828E-15
3.064	0.2671E-15
3.322	0.2514E-15
3.608	0.2358E-15
3.923	0.2204E-15
4.273	0.2052E-15
4.662	0.1906E-15
5.096	0.1765E-15
5.580	0.1631E-15
6.125	0.1505E-15
6.742	0.1387E-15
7.439	0.1277E-15
8.236	0.1177E-15
9.152	0.1085E-15
10.22	0.1001E-15
11.46	0.9253E-16
12.95	0.8563E-16
14.73	0.7936E-16
16.90	0.7363E-16
19.59	0.6839E-16
22.94	0.6358E-16
27.13	0.5918E-16
32.37	0.5523E-16
38.83	0.5173E-16
46.66	0.4871E-16
55.95	0.4610E-16
66.75	0.4380E-16
79.07	0.4171E-16
92.85	0.3975E-16
108.1	0.3787E-16
124.8	0.3606E-16
142.8	0.3431E-16
162.0	0.3264E-16
182.3	0.3104E-16
203.7	0.2952E-16
226.0	0.2808E-16
249.1	0.2673E-16
273.0	0.2547E-16
297.7	0.2428E-16
322.9	0.2317E-16
348.9	0.2213E-16
375.4	0.2116E-16
402.4	0.2024E-16
429.9	0.1939E-16
457.9	0.1858E-16
486.3	0.1783E-16
515.2	0.1712E-16
544.5	0.1645E-16
574.3	0.1582E-16
604.4	0.1522E-16
634.9	0.1466E-16
665.8	0.1413E-16
697.1	0.1362E-16
728.7	0.1314E-16
760.8	0.1268E-16
793.2	0.1225E-16
826.0	0.1183E-16
859.2	0.1143E-16
892.9	0.1106E-16
926.9	0.1070E-16
961.3	0.1035E-16
996.2	0.1002E-16
1032.	0.9703E-17
1067.	0.9398E-17
1103.	0.9106E-17
1140.	0.8825E-17
1177.	0.8555E-17
1215.	0.8296E-17
1253.	0.8045E-17
1292.	0.7804E-17
1331.	0.7572E-17
1370.	0.7348E-17
1411.	0.7131E-17
1451.	0.6922E-17
1493.	0.6720E-17
1535.	0.6525E-17
1577.	0.6337E-17
1621.	0.6154E-17
1664.	0.5977E-17
1709.	0.5807E-17
1754.	0.5641E-17
1800.	0.5481E-17
1847.	0.5325E-17
1894.	0.5175E-17
1942.	0.5027E-17
1990.	0.4887E-17
2040.	0.4749E-17
2090.	0.4616E-17
2141.	0.4486E-17
2193.	0.4361E-17
2246.	0.4238E-17
2299.	0.4121E-17
2353.	0.4005E-17
2408.	0.3894E-17
2464.	0.3785E-17
2521.	0.3679E-17
2579.	0.3578E-17
2637.	0.3477E-17
2697.	0.3381E-17
2757.	0.3287E-17
2818.	0.3196E-17
2880.	0.3108E-17
2944.	0.3020E-17
3008.	0.2938E-17
3073.	0.2855E-17
3139.	0.2776E-17
3205.	0.2700E-17
3274.	0.2625E-17
3342.	0.2551E-17
3412.	0.2481E-17
3483.	0.2413E-17
3555.	0.2345E-17
 
 
E/N (Td)	Total ionization freq. /N (m3/s)
0.7629E-02	0.6490E-25
0.1040E-01	0.9623E-25
0.1279E-01	0.1407E-24
0.1498E-01	0.2039E-24
0.1707E-01	0.2930E-24
0.1912E-01	0.4178E-24
0.2116E-01	0.5909E-24
0.2320E-01	0.8292E-24
0.2527E-01	0.1155E-23
0.2737E-01	0.1596E-23
0.2952E-01	0.2190E-23
0.3172E-01	0.2980E-23
0.3396E-01	0.4035E-23
0.3631E-01	0.5421E-23
0.3875E-01	0.7235E-23
0.4128E-01	0.9594E-23
0.4391E-01	0.1264E-22
0.4665E-01	0.1655E-22
0.4949E-01	0.2154E-22
0.5247E-01	0.2788E-22
0.5557E-01	0.3586E-22
0.5880E-01	0.4587E-22
0.6219E-01	0.5836E-22
0.6573E-01	0.7384E-22
0.6944E-01	0.9294E-22
0.7332E-01	0.1164E-21
0.7739E-01	0.1450E-21
0.8165E-01	0.1798E-21
0.8612E-01	0.2218E-21
0.9080E-01	0.2724E-21
0.9572E-01	0.3330E-21
0.1009	0.4053E-21
0.1063	0.4912E-21
0.1120	0.5927E-21
0.1179	0.7121E-21
0.1242	0.8522E-21
0.1308	0.1016E-20
0.1377	0.1206E-20
0.1450	0.1426E-20
0.1527	0.1681E-20
0.1607	0.1974E-20
0.1692	0.2309E-20
0.1781	0.2692E-20
0.1875	0.3129E-20
0.1974	0.3623E-20
0.2078	0.4183E-20
0.2187	0.4813E-20
0.2303	0.5522E-20
0.2424	0.6315E-20
0.2553	0.7202E-20
0.2688	0.8189E-20
0.2831	0.9284E-20
0.2982	0.1050E-19
0.3141	0.1184E-19
0.3310	0.1331E-19
0.3488	0.1493E-19
0.3678	0.1671E-19
0.3878	0.1865E-19
0.4091	0.2076E-19
0.4317	0.2307E-19
0.4558	0.2556E-19
0.4814	0.2826E-19
0.5087	0.3118E-19
0.5379	0.3433E-19
0.5690	0.3771E-19
0.6024	0.4134E-19
0.6382	0.4523E-19
0.6766	0.4939E-19
0.7177	0.5382E-19
0.7620	0.5855E-19
0.8097	0.6358E-19
0.8611	0.6891E-19
0.9165	0.7457E-19
0.9764	0.8055E-19
1.041	0.8688E-19
1.111	0.9356E-19
1.187	0.1006E-18
1.269	0.1080E-18
1.358	0.1158E-18
1.455	0.1240E-18
1.560	0.1326E-18
1.674	0.1416E-18
1.798	0.1510E-18
1.934	0.1609E-18
2.082	0.1712E-18
2.244	0.1821E-18
2.421	0.1934E-18
2.616	0.2052E-18
2.829	0.2175E-18
3.064	0.2304E-18
3.322	0.2439E-18
3.608	0.2579E-18
3.923	0.2726E-18
4.273	0.2880E-18
4.662	0.3040E-18
5.096	0.3207E-18
5.580	0.3382E-18
6.125	0.3564E-18
6.742	0.3755E-18
7.439	0.3954E-18
8.236	0.4162E-18
9.152	0.4380E-18
10.22	0.4610E-18
11.46	0.4855E-18
12.95	0.5123E-18
14.73	0.5435E-18
16.90	0.5838E-18
19.59	0.6459E-18
22.94	0.7616E-18
27.13	0.1011E-17
32.37	0.1583E-17
38.83	0.2878E-17
46.66	0.5646E-17
55.95	0.1110E-16
66.75	0.2098E-16
79.07	0.3744E-16
92.85	0.6286E-16
108.1	0.1001E-15
124.8	0.1516E-15
142.8	0.2198E-15
162.0	0.3070E-15
182.3	0.4151E-15
203.7	0.5456E-15
226.0	0.6999E-15
249.1	0.8791E-15
273.0	0.1084E-14
297.7	0.1315E-14
322.9	0.1572E-14
348.9	0.1858E-14
375.4	0.2171E-14
402.4	0.2511E-14
429.9	0.2878E-14
457.9	0.3274E-14
486.3	0.3697E-14
515.2	0.4148E-14
544.5	0.4627E-14
574.3	0.5134E-14
604.4	0.5668E-14
634.9	0.6229E-14
665.8	0.6818E-14
697.1	0.7433E-14
728.7	0.8074E-14
760.8	0.8742E-14
793.2	0.9436E-14
826.0	0.1016E-13
859.2	0.1090E-13
892.9	0.1167E-13
926.9	0.1247E-13
961.3	0.1329E-13
996.2	0.1413E-13
1032.	0.1500E-13
1067.	0.1589E-13
1103.	0.1681E-13
1140.	0.1775E-13
1177.	0.1871E-13
1215.	0.1969E-13
1253.	0.2070E-13
1292.	0.2172E-13
1331.	0.2278E-13
1370.	0.2385E-13
1411.	0.2494E-13
1451.	0.2605E-13
1493.	0.2719E-13
1535.	0.2834E-13
1577.	0.2951E-13
1621.	0.3071E-13
1664.	0.3192E-13
1709.	0.3315E-13
1754.	0.3440E-13
1800.	0.3566E-13
1847.	0.3695E-13
1894.	0.3825E-13
1942.	0.3957E-13
1990.	0.4090E-13
2040.	0.4226E-13
2090.	0.4362E-13
2141.	0.4500E-13
2193.	0.4640E-13
2246.	0.4781E-13
2299.	0.4923E-13
2353.	0.5066E-13
2408.	0.5211E-13
2464.	0.5357E-13
2521.	0.5504E-13
2579.	0.5652E-13
2637.	0.5801E-13
2697.	0.5951E-13
2757.	0.6102E-13
2818.	0.6254E-13
2880.	0.6407E-13
2944.	0.6560E-13
3008.	0.6715E-13
3073.	0.6869E-13
3139.	0.7024E-13
3205.	0.7180E-13
3274.	0.7336E-13
3342.	0.7492E-13
3412.	0.7648E-13
3483.	0.7806E-13
3555.	0.7962E-13
 
 
E/N (Td)	Townsend ioniz. coef. alpha/N (m2)
0.7629E-02	0.2334E-27
0.1040E-01	0.2568E-27
0.1279E-01	0.3099E-27
0.1498E-01	0.3891E-27
0.1707E-01	0.4980E-27
0.1912E-01	0.6441E-27
0.2116E-01	0.8367E-27
0.2320E-01	0.1089E-26
0.2527E-01	0.1416E-26
0.2737E-01	0.1838E-26
0.2952E-01	0.2380E-26
0.3172E-01	0.3067E-26
0.3396E-01	0.3948E-26
0.3631E-01	0.5053E-26
0.3875E-01	0.6442E-26
0.4128E-01	0.8176E-26
0.4391E-01	0.1033E-25
0.4665E-01	0.1299E-25
0.4949E-01	0.1626E-25
0.5247E-01	0.2026E-25
0.5557E-01	0.2513E-25
0.5880E-01	0.3103E-25
0.6219E-01	0.3813E-25
0.6573E-01	0.4665E-25
0.6944E-01	0.5682E-25
0.7332E-01	0.6891E-25
0.7739E-01	0.8320E-25
0.8165E-01	0.1000E-24
0.8612E-01	0.1198E-24
0.9080E-01	0.1428E-24
0.9572E-01	0.1695E-24
0.1009	0.2005E-24
0.1063	0.2362E-24
0.1120	0.2772E-24
0.1179	0.3241E-24
0.1242	0.3775E-24
0.1308	0.4381E-24
0.1377	0.5066E-24
0.1450	0.5837E-24
0.1527	0.6704E-24
0.1607	0.7673E-24
0.1692	0.8753E-24
0.1781	0.9954E-24
0.1875	0.1128E-23
0.1974	0.1275E-23
0.2078	0.1437E-23
0.2187	0.1614E-23
0.2303	0.1807E-23
0.2424	0.2018E-23
0.2553	0.2248E-23
0.2688	0.2496E-23
0.2831	0.2765E-23
0.2982	0.3054E-23
0.3141	0.3365E-23
0.3310	0.3697E-23
0.3488	0.4052E-23
0.3678	0.4430E-23
0.3878	0.4831E-23
0.4091	0.5255E-23
0.4317	0.5702E-23
0.4558	0.6172E-23
0.4814	0.6665E-23
0.5087	0.7180E-23
0.5379	0.7717E-23
0.5690	0.8274E-23
0.6024	0.8851E-23
0.6382	0.9447E-23
0.6766	0.1006E-22
0.7177	0.1069E-22
0.7620	0.1133E-22
0.8097	0.1199E-22
0.8611	0.1266E-22
0.9165	0.1334E-22
0.9764	0.1404E-22
1.041	0.1474E-22
1.111	0.1545E-22
1.187	0.1617E-22
1.269	0.1689E-22
1.358	0.1762E-22
1.455	0.1836E-22
1.560	0.1911E-22
1.674	0.1986E-22
1.798	0.2062E-22
1.934	0.2139E-22
2.082	0.2216E-22
2.244	0.2295E-22
2.421	0.2374E-22
2.616	0.2453E-22
2.829	0.2533E-22
3.064	0.2614E-22
3.322	0.2694E-22
3.608	0.2774E-22
3.923	0.2853E-22
4.273	0.2930E-22
4.662	0.3004E-22
5.096	0.3074E-22
5.580	0.3139E-22
6.125	0.3197E-22
6.742	0.3247E-22
7.439	0.3285E-22
8.236	0.3309E-22
9.152	0.3318E-22
10.22	0.3308E-22
11.46	0.3279E-22
12.95	0.3231E-22
14.73	0.3171E-22
16.90	0.3119E-22
19.59	0.3120E-22
22.94	0.3285E-22
27.13	0.3843E-22
32.37	0.5241E-22
38.83	0.8233E-22
46.66	0.1388E-21
55.95	0.2344E-21
66.75	0.3809E-21
79.07	0.5875E-21
92.85	0.8581E-21
108.1	0.1196E-20
124.8	0.1599E-20
142.8	0.2062E-20
162.0	0.2580E-20
182.3	0.3148E-20
203.7	0.3759E-20
226.0	0.4409E-20
249.1	0.5091E-20
273.0	0.5801E-20
297.7	0.6534E-20
322.9	0.7286E-20
348.9	0.8057E-20
375.4	0.8842E-20
402.4	0.9637E-20
429.9	0.1044E-19
457.9	0.1125E-19
486.3	0.1206E-19
515.2	0.1288E-19
544.5	0.1370E-19
574.3	0.1452E-19
604.4	0.1534E-19
634.9	0.1616E-19
665.8	0.1698E-19
697.1	0.1779E-19
728.7	0.1860E-19
760.8	0.1940E-19
793.2	0.2020E-19
826.0	0.2099E-19
859.2	0.2178E-19
892.9	0.2256E-19
926.9	0.2333E-19
961.3	0.2410E-19
996.2	0.2485E-19
1032.	0.2561E-19
1067.	0.2635E-19
1103.	0.2708E-19
1140.	0.2781E-19
1177.	0.2852E-19
1215.	0.2923E-19
1253.	0.2993E-19
1292.	0.3062E-19
1331.	0.3129E-19
1370.	0.3197E-19
1411.	0.3263E-19
1451.	0.3328E-19
1493.	0.3392E-19
1535.	0.3455E-19
1577.	0.3517E-19
1621.	0.3578E-19
1664.	0.3638E-19
1709.	0.3697E-19
1754.	0.3755E-19
1800.	0.3811E-19
1847.	0.3867E-19
1894.	0.3922E-19
1942.	0.3976E-19
1990.	0.4028E-19
2040.	0.4079E-19
2090.	0.4129E-19
2141.	0.4178E-19
2193.	0.4226E-19
2246.	0.4273E-19
2299.	0.4318E-19
2353.	0.4363E-19
2408.	0.4406E-19
2464.	0.4448E-19
2521.	0.4489E-19
2579.	0.4528E-19
2637.	0.4566E-19
2697.	0.4603E-19
2757.	0.4639E-19
2818.	0.4673E-19
2880.	0.4706E-19
2944.	0.4738E-19
3008.	0.4768E-19
3073.	0.4798E-19
3139.	0.4826E-19
3205.	0.4852E-19
3274.	0.4878E-19
3342.	0.4902E-19
3412.	0.4924E-19
3483.	0.4945E-19
3555.	0.4966E-19
 
 
E/N (Td)	Power /N (eV m3/s)
0.7629E-02	0.2122E-20
0.1040E-01	0.3898E-20
0.1279E-01	0.5807E-20
0.1498E-01	0.7855E-20
0.1707E-01	0.1004E-19
0.1912E-01	0.1241E-19
0.2116E-01	0.1494E-19
0.2320E-01	0.1767E-19
0.2527E-01	0.2061E-19
0.2737E-01	0.2377E-19
0.2952E-01	0.2717E-19
0.3172E-01	0.3082E-19
0.3396E-01	0.3471E-19
0.3631E-01	0.3895E-19
0.3875E-01	0.4352E-19
0.4128E-01	0.4844E-19
0.4391E-01	0.5374E-19
0.4665E-01	0.5944E-19
0.4949E-01	0.6558E-19
0.5247E-01	0.7218E-19
0.5557E-01	0.7930E-19
0.5880E-01	0.8694E-19
0.6219E-01	0.9517E-19
0.6573E-01	0.1040E-18
0.6944E-01	0.1136E-18
0.7332E-01	0.1238E-18
0.7739E-01	0.1349E-18
0.8165E-01	0.1467E-18
0.8612E-01	0.1595E-18
0.9080E-01	0.1733E-18
0.9572E-01	0.1880E-18
0.1009	0.2039E-18
0.1063	0.2210E-18
0.1120	0.2394E-18
0.1179	0.2592E-18
0.1242	0.2804E-18
0.1308	0.3033E-18
0.1377	0.3279E-18
0.1450	0.3544E-18
0.1527	0.3828E-18
0.1607	0.4134E-18
0.1692	0.4464E-18
0.1781	0.4818E-18
0.1875	0.5199E-18
0.1974	0.5609E-18
0.2078	0.6050E-18
0.2187	0.6525E-18
0.2303	0.7036E-18
0.2424	0.7586E-18
0.2553	0.8179E-18
0.2688	0.8818E-18
0.2831	0.9506E-18
0.2982	0.1025E-17
0.3141	0.1105E-17
0.3310	0.1192E-17
0.3488	0.1286E-17
0.3678	0.1387E-17
0.3878	0.1497E-17
0.4091	0.1617E-17
0.4317	0.1746E-17
0.4558	0.1887E-17
0.4814	0.2041E-17
0.5087	0.2209E-17
0.5379	0.2393E-17
0.5690	0.2593E-17
0.6024	0.2814E-17
0.6382	0.3055E-17
0.6766	0.3321E-17
0.7177	0.3614E-17
0.7620	0.3937E-17
0.8097	0.4293E-17
0.8611	0.4686E-17
0.9165	0.5121E-17
0.9764	0.5603E-17
1.041	0.6137E-17
1.111	0.6729E-17
1.187	0.7385E-17
1.269	0.8113E-17
1.358	0.8922E-17
1.455	0.9821E-17
1.560	0.1082E-16
1.674	0.1193E-16
1.798	0.1317E-16
1.934	0.1455E-16
2.082	0.1609E-16
2.244	0.1781E-16
2.421	0.1973E-16
2.616	0.2188E-16
2.829	0.2429E-16
3.064	0.2701E-16
3.322	0.3008E-16
3.608	0.3355E-16
3.923	0.3750E-16
4.273	0.4200E-16
4.662	0.4718E-16
5.096	0.5316E-16
5.580	0.6011E-16
6.125	0.6827E-16
6.742	0.7798E-16
7.439	0.8956E-16
8.236	0.1036E-15
9.152	0.1208E-15
10.22	0.1424E-15
11.46	0.1697E-15
12.95	0.2053E-15
14.73	0.2524E-15
16.90	0.3164E-15
19.59	0.4054E-15
22.94	0.5318E-15
27.13	0.7138E-15
32.37	0.9773E-15
38.83	0.1357E-14
46.66	0.1897E-14
55.95	0.2650E-14
66.75	0.3675E-14
79.07	0.5039E-14
92.85	0.6801E-14
108.1	0.9046E-14
124.8	0.1183E-13
142.8	0.1522E-13
162.0	0.1928E-13
182.3	0.2404E-13
203.7	0.2956E-13
226.0	0.3587E-13
249.1	0.4302E-13
273.0	0.5102E-13
297.7	0.5990E-13
322.9	0.6968E-13
348.9	0.8045E-13
375.4	0.9216E-13
402.4	0.1049E-12
429.9	0.1185E-12
457.9	0.1333E-12
486.3	0.1491E-12
515.2	0.1659E-12
544.5	0.1839E-12
574.3	0.2030E-12
604.4	0.2233E-12
634.9	0.2447E-12
665.8	0.2674E-12
697.1	0.2913E-12
728.7	0.3164E-12
760.8	0.3428E-12
793.2	0.3705E-12
826.0	0.3996E-12
859.2	0.4301E-12
892.9	0.4619E-12
926.9	0.4953E-12
961.3	0.5300E-12
996.2	0.5663E-12
1032.	0.6042E-12
1067.	0.6437E-12
1103.	0.6848E-12
1140.	0.7276E-12
1177.	0.7721E-12
1215.	0.8183E-12
1253.	0.8664E-12
1292.	0.9165E-12
1331.	0.9684E-12
1370.	0.1022E-11
1411.	0.1078E-11
1451.	0.1136E-11
1493.	0.1197E-11
1535.	0.1259E-11
1577.	0.1324E-11
1621.	0.1391E-11
1664.	0.1460E-11
1709.	0.1532E-11
1754.	0.1607E-11
1800.	0.1684E-11
1847.	0.1764E-11
1894.	0.1847E-11
1942.	0.1933E-11
1990.	0.2021E-11
2040.	0.2113E-11
2090.	0.2208E-11
2141.	0.2306E-11
2193.	0.2408E-11
2246.	0.2513E-11
2299.	0.2621E-11
2353.	0.2733E-11
2408.	0.2848E-11
2464.	0.2968E-11
2521.	0.3092E-11
2579.	0.3219E-11
2637.	0.3351E-11
2697.	0.3487E-11
2757.	0.3627E-11
2818.	0.3772E-11
2880.	0.3922E-11
2944.	0.4076E-11
3008.	0.4235E-11
3073.	0.4399E-11
3139.	0.4568E-11
3205.	0.4743E-11
3274.	0.4924E-11
3342.	0.5108E-11
3412.	0.5300E-11
3483.	0.5497E-11
3555.	0.5699E-11
 
 
E/N (Td)	Elastic power loss /N (eV m3/s)
0.7629E-02	0.1531E-20
0.1040E-01	0.2877E-20
0.1279E-01	0.4367E-20
0.1498E-01	0.6009E-20
0.1707E-01	0.7814E-20
0.1912E-01	0.9801E-20
0.2116E-01	0.1198E-19
0.2320E-01	0.1436E-19
0.2527E-01	0.1696E-19
0.2737E-01	0.1980E-19
0.2952E-01	0.2290E-19
0.3172E-01	0.2625E-19
0.3396E-01	0.2991E-19
0.3631E-01	0.3388E-19
0.3875E-01	0.3818E-19
0.4128E-01	0.4284E-19
0.4391E-01	0.4789E-19
0.4665E-01	0.5335E-19
0.4949E-01	0.5925E-19
0.5247E-01	0.6562E-19
0.5557E-01	0.7250E-19
0.5880E-01	0.7992E-19
0.6219E-01	0.8792E-19
0.6573E-01	0.9654E-19
0.6944E-01	0.1058E-18
0.7332E-01	0.1158E-18
0.7739E-01	0.1266E-18
0.8165E-01	0.1381E-18
0.8612E-01	0.1505E-18
0.9080E-01	0.1639E-18
0.9572E-01	0.1782E-18
0.1009	0.1937E-18
0.1063	0.2102E-18
0.1120	0.2280E-18
0.1179	0.2470E-18
0.1242	0.2675E-18
0.1308	0.2894E-18
0.1377	0.3129E-18
0.1450	0.3381E-18
0.1527	0.3651E-18
0.1607	0.3940E-18
0.1692	0.4250E-18
0.1781	0.4581E-18
0.1875	0.4936E-18
0.1974	0.5316E-18
0.2078	0.5723E-18
0.2187	0.6158E-18
0.2303	0.6623E-18
0.2424	0.7120E-18
0.2553	0.7651E-18
0.2688	0.8219E-18
0.2831	0.8825E-18
0.2982	0.9471E-18
0.3141	0.1016E-17
0.3310	0.1090E-17
0.3488	0.1168E-17
0.3678	0.1252E-17
0.3878	0.1341E-17
0.4091	0.1435E-17
0.4317	0.1536E-17
0.4558	0.1643E-17
0.4814	0.1757E-17
0.5087	0.1878E-17
0.5379	0.2006E-17
0.5690	0.2141E-17
0.6024	0.2285E-17
0.6382	0.2438E-17
0.6766	0.2599E-17
0.7177	0.2769E-17
0.7620	0.2949E-17
0.8097	0.3138E-17
0.8611	0.3338E-17
0.9165	0.3549E-17
0.9764	0.3771E-17
1.041	0.4005E-17
1.111	0.4251E-17
1.187	0.4509E-17
1.269	0.4780E-17
1.358	0.5065E-17
1.455	0.5364E-17
1.560	0.5677E-17
1.674	0.6005E-17
1.798	0.6349E-17
1.934	0.6710E-17
2.082	0.7087E-17
2.244	0.7482E-17
2.421	0.7895E-17
2.616	0.8328E-17
2.829	0.8782E-17
3.064	0.9257E-17
3.322	0.9754E-17
3.608	0.1027E-16
3.923	0.1082E-16
4.273	0.1139E-16
4.662	0.1200E-16
5.096	0.1263E-16
5.580	0.1329E-16
6.125	0.1399E-16
6.742	0.1473E-16
7.439	0.1550E-16
8.236	0.1632E-16
9.152	0.1718E-16
10.22	0.1809E-16
11.46	0.1905E-16
12.95	0.2006E-16
14.73	0.2114E-16
16.90	0.2227E-16
19.59	0.2347E-16
22.94	0.2475E-16
27.13	0.2609E-16
32.37	0.2749E-16
38.83	0.2897E-16
46.66	0.3050E-16
55.95	0.3210E-16
66.75	0.3374E-16
79.07	0.3542E-16
92.85	0.3714E-16
108.1	0.3890E-16
124.8	0.4069E-16
142.8	0.4251E-16
162.0	0.4436E-16
182.3	0.4623E-16
203.7	0.4813E-16
226.0	0.5005E-16
249.1	0.5200E-16
273.0	0.5398E-16
297.7	0.5599E-16
322.9	0.5803E-16
348.9	0.6011E-16
375.4	0.6222E-16
402.4	0.6436E-16
429.9	0.6654E-16
457.9	0.6876E-16
486.3	0.7101E-16
515.2	0.7331E-16
544.5	0.7565E-16
574.3	0.7804E-16
604.4	0.8047E-16
634.9	0.8295E-16
665.8	0.8548E-16
697.1	0.8806E-16
728.7	0.9069E-16
760.8	0.9338E-16
793.2	0.9612E-16
826.0	0.9893E-16
859.2	0.1018E-15
892.9	0.1047E-15
926.9	0.1077E-15
961.3	0.1107E-15
996.2	0.1139E-15
1032.	0.1171E-15
1067.	0.1203E-15
1103.	0.1237E-15
1140.	0.1271E-15
1177.	0.1306E-15
1215.	0.1341E-15
1253.	0.1378E-15
1292.	0.1416E-15
1331.	0.1454E-15
1370.	0.1493E-15
1411.	0.1533E-15
1451.	0.1575E-15
1493.	0.1617E-15
1535.	0.1660E-15
1577.	0.1705E-15
1621.	0.1750E-15
1664.	0.1797E-15
1709.	0.1844E-15
1754.	0.1893E-15
1800.	0.1943E-15
1847.	0.1995E-15
1894.	0.2048E-15
1942.	0.2102E-15
1990.	0.2157E-15
2040.	0.2214E-15
2090.	0.2272E-15
2141.	0.2331E-15
2193.	0.2392E-15
2246.	0.2455E-15
2299.	0.2519E-15
2353.	0.2585E-15
2408.	0.2653E-15
2464.	0.2722E-15
2521.	0.2793E-15
2579.	0.2865E-15
2637.	0.2940E-15
2697.	0.3016E-15
2757.	0.3094E-15
2818.	0.3174E-15
2880.	0.3256E-15
2944.	0.3340E-15
3008.	0.3426E-15
3073.	0.3514E-15
3139.	0.3604E-15
3205.	0.3697E-15
3274.	0.3791E-15
3342.	0.3888E-15
3412.	0.3987E-15
3483.	0.4089E-15
3555.	0.4192E-15
 
 
E/N (Td)	Inelastic power loss /N (eV m3/s)
0.7629E-02	0.2726E-24
0.1040E-01	0.4042E-24
0.1279E-01	0.5909E-24
0.1498E-01	0.8566E-24
0.1707E-01	0.1230E-23
0.1912E-01	0.1755E-23
0.2116E-01	0.2482E-23
0.2320E-01	0.3483E-23
0.2527E-01	0.4849E-23
0.2737E-01	0.6702E-23
0.2952E-01	0.9198E-23
0.3172E-01	0.1251E-22
0.3396E-01	0.1695E-22
0.3631E-01	0.2277E-22
0.3875E-01	0.3039E-22
0.4128E-01	0.4029E-22
0.4391E-01	0.5309E-22
0.4665E-01	0.6952E-22
0.4949E-01	0.9049E-22
0.5247E-01	0.1171E-21
0.5557E-01	0.1506E-21
0.5880E-01	0.1927E-21
0.6219E-01	0.2451E-21
0.6573E-01	0.3101E-21
0.6944E-01	0.3904E-21
0.7332E-01	0.4889E-21
0.7739E-01	0.6091E-21
0.8165E-01	0.7553E-21
0.8612E-01	0.9322E-21
0.9080E-01	0.1145E-20
0.9572E-01	0.1400E-20
0.1009	0.1705E-20
0.1063	0.2068E-20
0.1120	0.2497E-20
0.1179	0.3003E-20
0.1242	0.3598E-20
0.1308	0.4296E-20
0.1377	0.5111E-20
0.1450	0.6060E-20
0.1527	0.7164E-20
0.1607	0.8445E-20
0.1692	0.9928E-20
0.1781	0.1164E-19
0.1875	0.1363E-19
0.1974	0.1592E-19
0.2078	0.1857E-19
0.2187	0.2164E-19
0.2303	0.2518E-19
0.2424	0.2930E-19
0.2553	0.3408E-19
0.2688	0.3965E-19
0.2831	0.4615E-19
0.2982	0.5376E-19
0.3141	0.6268E-19
0.3310	0.7318E-19
0.3488	0.8556E-19
0.3678	0.1002E-18
0.3878	0.1175E-18
0.4091	0.1380E-18
0.4317	0.1624E-18
0.4558	0.1913E-18
0.4814	0.2256E-18
0.5087	0.2663E-18
0.5379	0.3145E-18
0.5690	0.3717E-18
0.6024	0.4393E-18
0.6382	0.5192E-18
0.6766	0.6135E-18
0.7177	0.7243E-18
0.7620	0.8544E-18
0.8097	0.1007E-17
0.8611	0.1185E-17
0.9165	0.1392E-17
0.9764	0.1634E-17
1.041	0.1914E-17
1.111	0.2238E-17
1.187	0.2613E-17
1.269	0.3045E-17
1.358	0.3542E-17
1.455	0.4113E-17
1.560	0.4767E-17
1.674	0.5516E-17
1.798	0.6372E-17
1.934	0.7351E-17
2.082	0.8469E-17
2.244	0.9745E-17
2.421	0.1120E-16
2.616	0.1287E-16
2.829	0.1477E-16
3.064	0.1695E-16
3.322	0.1945E-16
3.608	0.2233E-16
3.923	0.2565E-16
4.273	0.2950E-16
4.662	0.3399E-16
5.096	0.3924E-16
5.580	0.4543E-16
6.125	0.5278E-16
6.742	0.6163E-16
7.439	0.7230E-16
8.236	0.8538E-16
9.152	0.1016E-15
10.22	0.1221E-15
11.46	0.1483E-15
12.95	0.1827E-15
14.73	0.2285E-15
16.90	0.2911E-15
19.59	0.3785E-15
22.94	0.5029E-15
27.13	0.6820E-15
32.37	0.9407E-15
38.83	0.1311E-14
46.66	0.1833E-14
55.95	0.2549E-14
66.75	0.3508E-14
79.07	0.4759E-14
92.85	0.6345E-14
108.1	0.8323E-14
124.8	0.1073E-13
142.8	0.1360E-13
162.0	0.1697E-13
182.3	0.2087E-13
203.7	0.2530E-13
226.0	0.3029E-13
249.1	0.3584E-13
273.0	0.4197E-13
297.7	0.4866E-13
322.9	0.5592E-13
348.9	0.6380E-13
375.4	0.7224E-13
402.4	0.8126E-13
429.9	0.9082E-13
457.9	0.1010E-12
486.3	0.1117E-12
515.2	0.1230E-12
544.5	0.1349E-12
574.3	0.1473E-12
604.4	0.1602E-12
634.9	0.1737E-12
665.8	0.1878E-12
697.1	0.2024E-12
728.7	0.2175E-12
760.8	0.2331E-12
793.2	0.2492E-12
826.0	0.2658E-12
859.2	0.2829E-12
892.9	0.3005E-12
926.9	0.3186E-12
961.3	0.3372E-12
996.2	0.3562E-12
1032.	0.3757E-12
1067.	0.3956E-12
1103.	0.4160E-12
1140.	0.4368E-12
1177.	0.4580E-12
1215.	0.4797E-12
1253.	0.5018E-12
1292.	0.5242E-12
1331.	0.5471E-12
1370.	0.5704E-12
1411.	0.5940E-12
1451.	0.6180E-12
1493.	0.6425E-12
1535.	0.6672E-12
1577.	0.6923E-12
1621.	0.7178E-12
1664.	0.7436E-12
1709.	0.7697E-12
1754.	0.7961E-12
1800.	0.8229E-12
1847.	0.8500E-12
1894.	0.8773E-12
1942.	0.9050E-12
1990.	0.9329E-12
2040.	0.9611E-12
2090.	0.9894E-12
2141.	0.1018E-11
2193.	0.1047E-11
2246.	0.1076E-11
2299.	0.1105E-11
2353.	0.1135E-11
2408.	0.1165E-11
2464.	0.1195E-11
2521.	0.1225E-11
2579.	0.1255E-11
2637.	0.1285E-11
2697.	0.1316E-11
2757.	0.1346E-11
2818.	0.1377E-11
2880.	0.1408E-11
2944.	0.1439E-11
3008.	0.1470E-11
3073.	0.1501E-11
3139.	0.1532E-11
3205.	0.1563E-11
3274.	0.1594E-11
3342.	0.1625E-11
3412.	0.1656E-11
3483.	0.1687E-11
3555.	0.1718E-11
 
 
E/N (Td)	Growth power /N (eV m3/s)
0.7629E-02	0.2596E-25
0.1040E-01	0.3944E-25
0.1279E-01	0.5908E-25
0.1498E-01	0.8775E-25
0.1707E-01	0.1291E-24
0.1912E-01	0.1887E-24
0.2116E-01	0.2734E-24
0.2320E-01	0.3931E-24
0.2527E-01	0.5608E-24
0.2737E-01	0.7941E-24
0.2952E-01	0.1117E-23
0.3172E-01	0.1556E-23
0.3396E-01	0.2160E-23
0.3631E-01	0.2973E-23
0.3875E-01	0.4065E-23
0.4128E-01	0.5523E-23
0.4391E-01	0.7455E-23
0.4665E-01	0.1000E-22
0.4949E-01	0.1334E-22
0.5247E-01	0.1768E-22
0.5557E-01	0.2330E-22
0.5880E-01	0.3054E-22
0.6219E-01	0.3981E-22
0.6573E-01	0.5161E-22
0.6944E-01	0.6655E-22
0.7332E-01	0.8539E-22
0.7739E-01	0.1090E-21
0.8165E-01	0.1385E-21
0.8612E-01	0.1750E-21
0.9080E-01	0.2202E-21
0.9572E-01	0.2759E-21
0.1009	0.3440E-21
0.1063	0.4271E-21
0.1120	0.5280E-21
0.1179	0.6500E-21
0.1242	0.7969E-21
0.1308	0.9732E-21
0.1377	0.1184E-20
0.1450	0.1435E-20
0.1527	0.1732E-20
0.1607	0.2084E-20
0.1692	0.2498E-20
0.1781	0.2984E-20
0.1875	0.3552E-20
0.1974	0.4215E-20
0.2078	0.4986E-20
0.2187	0.5878E-20
0.2303	0.6909E-20
0.2424	0.8096E-20
0.2553	0.9459E-20
0.2688	0.1102E-19
0.2831	0.1280E-19
0.2982	0.1483E-19
0.3141	0.1713E-19
0.3310	0.1974E-19
0.3488	0.2269E-19
0.3678	0.2601E-19
0.3878	0.2974E-19
0.4091	0.3393E-19
0.4317	0.3861E-19
0.4558	0.4384E-19
0.4814	0.4967E-19
0.5087	0.5614E-19
0.5379	0.6332E-19
0.5690	0.7127E-19
0.6024	0.8005E-19
0.6382	0.8973E-19
0.6766	0.1004E-18
0.7177	0.1121E-18
0.7620	0.1249E-18
0.8097	0.1390E-18
0.8611	0.1543E-18
0.9165	0.1711E-18
0.9764	0.1894E-18
1.041	0.2093E-18
1.111	0.2309E-18
1.187	0.2544E-18
1.269	0.2798E-18
1.358	0.3074E-18
1.455	0.3372E-18
1.560	0.3694E-18
1.674	0.4042E-18
1.798	0.4417E-18
1.934	0.4822E-18
2.082	0.5258E-18
2.244	0.5727E-18
2.421	0.6232E-18
2.616	0.6775E-18
2.829	0.7359E-18
3.064	0.7987E-18
3.322	0.8661E-18
3.608	0.9386E-18
3.923	0.1016E-17
4.273	0.1100E-17
4.662	0.1190E-17
5.096	0.1286E-17
5.580	0.1389E-17
6.125	0.1500E-17
6.742	0.1619E-17
7.439	0.1747E-17
8.236	0.1884E-17
9.152	0.2032E-17
10.22	0.2191E-17
11.46	0.2364E-17
12.95	0.2555E-17
14.73	0.2777E-17
16.90	0.3057E-17
19.59	0.3465E-17
22.94	0.4186E-17
27.13	0.5693E-17
32.37	0.9131E-17
38.83	0.1701E-16
46.66	0.3420E-16
55.95	0.6891E-16
66.75	0.1334E-15
79.07	0.2439E-15
92.85	0.4195E-15
108.1	0.6843E-15
124.8	0.1062E-14
142.8	0.1578E-14
162.0	0.2258E-14
182.3	0.3128E-14
203.7	0.4212E-14
226.0	0.5536E-14
249.1	0.7124E-14
273.0	0.9000E-14
297.7	0.1119E-13
322.9	0.1370E-13
348.9	0.1659E-13
375.4	0.1986E-13
402.4	0.2354E-13
429.9	0.2764E-13
457.9	0.3221E-13
486.3	0.3728E-13
515.2	0.4285E-13
544.5	0.4897E-13
574.3	0.5567E-13
604.4	0.6298E-13
634.9	0.7091E-13
665.8	0.7951E-13
697.1	0.8881E-13
728.7	0.9885E-13
760.8	0.1097E-12
793.2	0.1213E-12
826.0	0.1337E-12
859.2	0.1471E-12
892.9	0.1613E-12
926.9	0.1766E-12
961.3	0.1928E-12
996.2	0.2101E-12
1032.	0.2284E-12
1067.	0.2480E-12
1103.	0.2687E-12
1140.	0.2907E-12
1177.	0.3140E-12
1215.	0.3386E-12
1253.	0.3646E-12
1292.	0.3922E-12
1331.	0.4212E-12
1370.	0.4519E-12
1411.	0.4842E-12
1451.	0.5182E-12
1493.	0.5541E-12
1535.	0.5917E-12
1577.	0.6314E-12
1621.	0.6730E-12
1664.	0.7168E-12
1709.	0.7627E-12
1754.	0.8109E-12
1800.	0.8614E-12
1847.	0.9144E-12
1894.	0.9698E-12
1942.	0.1028E-11
1990.	0.1089E-11
2040.	0.1152E-11
2090.	0.1219E-11
2141.	0.1288E-11
2193.	0.1361E-11
2246.	0.1437E-11
2299.	0.1516E-11
2353.	0.1598E-11
2408.	0.1684E-11
2464.	0.1774E-11
2521.	0.1868E-11
2579.	0.1965E-11
2637.	0.2066E-11
2697.	0.2172E-11
2757.	0.2281E-11
2818.	0.2396E-11
2880.	0.2515E-11
2944.	0.2638E-11
3008.	0.2766E-11
3073.	0.2899E-11
3139.	0.3037E-11
3205.	0.3181E-11
3274.	0.3331E-11
3342.	0.3484E-11
3412.	0.3645E-11
3483.	0.3811E-11
3555.	0.3983E-11
 
 
E/N (Td)	e-i power loss /N (eV m3/s)
0.7629E-02	0.5903E-21
0.1040E-01	0.1021E-20
0.1279E-01	0.1440E-20
0.1498E-01	0.1845E-20
0.1707E-01	0.2228E-20
0.1912E-01	0.2602E-20
0.2116E-01	0.2962E-20
0.2320E-01	0.3308E-20
0.2527E-01	0.3640E-20
0.2737E-01	0.3959E-20
0.2952E-01	0.4265E-20
0.3172E-01	0.4557E-20
0.3396E-01	0.4787E-20
0.3631E-01	0.5054E-20
0.3875E-01	0.5310E-20
0.4128E-01	0.5556E-20
0.4391E-01	0.5791E-20
0.4665E-01	0.6015E-20
0.4949E-01	0.6230E-20
0.5247E-01	0.6434E-20
0.5557E-01	0.6629E-20
0.5880E-01	0.6808E-20
0.6219E-01	0.6986E-20
0.6573E-01	0.7157E-20
0.6944E-01	0.7318E-20
0.7332E-01	0.7472E-20
0.7739E-01	0.7618E-20
0.8165E-01	0.7757E-20
0.8612E-01	0.7888E-20
0.9080E-01	0.8012E-20
0.9572E-01	0.8129E-20
0.1009	0.8240E-20
0.1063	0.8344E-20
0.1120	0.8442E-20
0.1179	0.8533E-20
0.1242	0.8619E-20
0.1308	0.8699E-20
0.1377	0.8774E-20
0.1450	0.8844E-20
0.1527	0.8908E-20
0.1607	0.8967E-20
0.1692	0.9022E-20
0.1781	0.9072E-20
0.1875	0.9117E-20
0.1974	0.9159E-20
0.2078	0.9196E-20
0.2187	0.9229E-20
0.2303	0.9258E-20
0.2424	0.9283E-20
0.2553	0.9304E-20
0.2688	0.9323E-20
0.2831	0.9337E-20
0.2982	0.9349E-20
0.3141	0.9357E-20
0.3310	0.9362E-20
0.3488	0.9364E-20
0.3678	0.9363E-20
0.3878	0.9360E-20
0.4091	0.9354E-20
0.4317	0.9345E-20
0.4558	0.9334E-20
0.4814	0.9320E-20
0.5087	0.9304E-20
0.5379	0.9285E-20
0.5690	0.9265E-20
0.6024	0.9242E-20
0.6382	0.9217E-20
0.6766	0.9190E-20
0.7177	0.9161E-20
0.7620	0.9130E-20
0.8097	0.9098E-20
0.8611	0.9063E-20
0.9165	0.9026E-20
0.9764	0.8988E-20
1.041	0.8947E-20
1.111	0.8905E-20
1.187	0.8861E-20
1.269	0.8816E-20
1.358	0.8768E-20
1.455	0.8719E-20
1.560	0.8668E-20
1.674	0.8615E-20
1.798	0.8561E-20
1.934	0.8505E-20
2.082	0.8447E-20
2.244	0.8387E-20
2.421	0.8326E-20
2.616	0.8263E-20
2.829	0.8198E-20
3.064	0.8132E-20
3.322	0.8064E-20
3.608	0.7995E-20
3.923	0.7925E-20
4.273	0.7854E-20
4.662	0.7781E-20
5.096	0.7708E-20
5.580	0.7634E-20
6.125	0.7559E-20
6.742	0.7485E-20
7.439	0.7410E-20
8.236	0.7336E-20
9.152	0.7262E-20
10.22	0.7188E-20
11.46	0.7116E-20
12.95	0.7044E-20
14.73	0.6974E-20
16.90	0.6905E-20
19.59	0.6838E-20
22.94	0.6772E-20
27.13	0.6709E-20
32.37	0.6648E-20
38.83	0.6589E-20
46.66	0.6532E-20
55.95	0.6477E-20
66.75	0.6425E-20
79.07	0.6373E-20
92.85	0.6324E-20
108.1	0.6275E-20
124.8	0.6227E-20
142.8	0.6180E-20
162.0	0.6134E-20
182.3	0.6089E-20
203.7	0.6044E-20
226.0	0.5999E-20
249.1	0.5955E-20
273.0	0.5911E-20
297.7	0.5868E-20
322.9	0.5826E-20
348.9	0.5783E-20
375.4	0.5741E-20
402.4	0.5700E-20
429.9	0.5659E-20
457.9	0.5618E-20
486.3	0.5578E-20
515.2	0.5538E-20
544.5	0.5499E-20
574.3	0.5460E-20
604.4	0.5421E-20
634.9	0.5383E-20
665.8	0.5345E-20
697.1	0.5307E-20
728.7	0.5269E-20
760.8	0.5232E-20
793.2	0.5195E-20
826.0	0.5158E-20
859.2	0.5122E-20
892.9	0.5086E-20
926.9	0.5050E-20
961.3	0.5014E-20
996.2	0.4978E-20
1032.	0.4942E-20
1067.	0.4907E-20
1103.	0.4872E-20
1140.	0.4837E-20
1177.	0.4802E-20
1215.	0.4767E-20
1253.	0.4732E-20
1292.	0.4698E-20
1331.	0.4664E-20
1370.	0.4629E-20
1411.	0.4595E-20
1451.	0.4561E-20
1493.	0.4527E-20
1535.	0.4493E-20
1577.	0.4460E-20
1621.	0.4426E-20
1664.	0.4392E-20
1709.	0.4359E-20
1754.	0.4326E-20
1800.	0.4293E-20
1847.	0.4260E-20
1894.	0.4227E-20
1942.	0.4194E-20
1990.	0.4161E-20
2040.	0.4129E-20
2090.	0.4096E-20
2141.	0.4064E-20
2193.	0.4032E-20
2246.	0.4000E-20
2299.	0.3968E-20
2353.	0.3936E-20
2408.	0.3904E-20
2464.	0.3873E-20
2521.	0.3842E-20
2579.	0.3810E-20
2637.	0.3780E-20
2697.	0.3749E-20
2757.	0.3718E-20
2818.	0.3687E-20
2880.	0.3657E-20
2944.	0.3627E-20
3008.	0.3597E-20
3073.	0.3568E-20
3139.	0.3538E-20
3205.	0.3508E-20
3274.	0.3479E-20
3342.	0.3450E-20
3412.	0.3421E-20
3483.	0.3393E-20
3555.	0.3364E-20
 
 
E/N (Td)	Coulomb logarithm
0.7629E-02	8.928
0.1040E-01	8.964
0.1279E-01	9.001
0.1498E-01	9.037
0.1707E-01	9.074
0.1912E-01	9.110
0.2116E-01	9.146
0.2320E-01	9.183
0.2527E-01	9.219
0.2737E-01	9.256
0.2952E-01	9.292
0.3172E-01	9.328
0.3396E-01	9.365
0.3631E-01	9.401
0.3875E-01	9.438
0.4128E-01	9.474
0.4391E-01	9.510
0.4665E-01	9.547
0.4949E-01	9.583
0.5247E-01	9.620
0.5557E-01	9.656
0.5880E-01	9.692
0.6219E-01	9.729
0.6573E-01	9.765
0.6944E-01	9.801
0.7332E-01	9.838
0.7739E-01	9.874
0.8165E-01	9.911
0.8612E-01	9.947
0.9080E-01	9.983
0.9572E-01	10.02
0.1009	10.06
0.1063	10.09
0.1120	10.13
0.1179	10.17
0.1242	10.20
0.1308	10.24
0.1377	10.27
0.1450	10.31
0.1527	10.35
0.1607	10.38
0.1692	10.42
0.1781	10.46
0.1875	10.49
0.1974	10.53
0.2078	10.57
0.2187	10.60
0.2303	10.64
0.2424	10.67
0.2553	10.71
0.2688	10.75
0.2831	10.78
0.2982	10.82
0.3141	10.86
0.3310	10.89
0.3488	10.93
0.3678	10.97
0.3878	11.00
0.4091	11.04
0.4317	11.08
0.4558	11.11
0.4814	11.15
0.5087	11.18
0.5379	11.22
0.5690	11.26
0.6024	11.29
0.6382	11.33
0.6766	11.37
0.7177	11.40
0.7620	11.44
0.8097	11.48
0.8611	11.51
0.9165	11.55
0.9764	11.58
1.041	11.62
1.111	11.66
1.187	11.69
1.269	11.73
1.358	11.77
1.455	11.80
1.560	11.84
1.674	11.88
1.798	11.91
1.934	11.95
2.082	11.99
2.244	12.02
2.421	12.06
2.616	12.09
2.829	12.13
3.064	12.17
3.322	12.20
3.608	12.24
3.923	12.28
4.273	12.31
4.662	12.35
5.096	12.39
5.580	12.42
6.125	12.46
6.742	12.49
7.439	12.53
8.236	12.57
9.152	12.60
10.22	12.64
11.46	12.68
12.95	12.71
14.73	12.75
16.90	12.79
19.59	12.82
22.94	12.86
27.13	12.89
32.37	12.93
38.83	12.97
46.66	13.00
55.95	13.04
66.75	13.08
79.07	13.11
92.85	13.15
108.1	13.19
124.8	13.22
142.8	13.26
162.0	13.30
182.3	13.33
203.7	13.37
226.0	13.40
249.1	13.44
273.0	13.48
297.7	13.51
322.9	13.55
348.9	13.59
375.4	13.62
402.4	13.66
429.9	13.70
457.9	13.73
486.3	13.77
515.2	13.80
544.5	13.84
574.3	13.88
604.4	13.91
634.9	13.95
665.8	13.99
697.1	14.02
728.7	14.06
760.8	14.10
793.2	14.13
826.0	14.17
859.2	14.21
892.9	14.24
926.9	14.28
961.3	14.31
996.2	14.35
1032.	14.39
1067.	14.42
1103.	14.46
1140.	14.50
1177.	14.53
1215.	14.57
1253.	14.61
1292.	14.64
1331.	14.68
1370.	14.71
1411.	14.75
1451.	14.79
1493.	14.82
1535.	14.86
1577.	14.90
1621.	14.93
1664.	14.97
1709.	15.01
1754.	15.04
1800.	15.08
1847.	15.12
1894.	15.15
1942.	15.19
1990.	15.22
2040.	15.26
2090.	15.30
2141.	15.33
2193.	15.37
2246.	15.41
2299.	15.44
2353.	15.48
2408.	15.52
2464.	15.55
2521.	15.59
2579.	15.62
2637.	15.66
2697.	15.70
2757.	15.73
2818.	15.77
2880.	15.81
2944.	15.84
3008.	15.88
3073.	15.92
3139.	15.95
3205.	15.99
3274.	16.03
3342.	16.06
3412.	16.10
3483.	16.13
3555.	16.17
 
 
E/N (Td)	Maximum energy
0.7629E-02	6.211
0.1040E-01	7.405
0.1279E-01	7.605
0.1498E-01	7.612
0.1707E-01	7.925
0.1912E-01	7.934
0.2116E-01	7.943
0.2320E-01	7.954
0.2527E-01	7.965
0.2737E-01	7.977
0.2952E-01	7.991
0.3172E-01	8.006
0.3396E-01	9.554
0.3631E-01	9.575
0.3875E-01	9.597
0.4128E-01	9.622
0.4391E-01	9.649
0.4665E-01	9.678
0.4949E-01	9.709
0.5247E-01	9.743
0.5557E-01	9.780
0.5880E-01	11.69
0.6219E-01	11.75
0.6573E-01	11.80
0.6944E-01	11.86
0.7332E-01	11.92
0.7739E-01	11.99
0.8165E-01	12.06
0.8612E-01	12.13
0.9080E-01	12.21
0.9572E-01	12.30
0.1009	12.39
0.1063	12.48
0.1120	12.58
0.1179	12.69
0.1242	12.81
0.1308	13.36
0.1377	13.49
0.1450	13.63
0.1527	13.78
0.1607	13.94
0.1692	14.12
0.1781	14.30
0.1875	14.50
0.1974	14.62
0.2078	14.69
0.2187	14.77
0.2303	14.85
0.2424	14.95
0.2553	15.04
0.2688	15.15
0.2831	15.26
0.2982	15.38
0.3141	15.51
0.3310	15.65
0.3488	15.79
0.3678	15.95
0.3878	16.11
0.4091	16.29
0.4317	16.47
0.4558	16.67
0.4814	16.88
0.5087	17.10
0.5379	17.34
0.5690	17.59
0.6024	17.86
0.6382	18.15
0.6766	15.51
0.7177	16.09
0.7620	16.31
0.8097	16.54
0.8611	16.76
0.9165	16.94
0.9764	17.11
1.041	17.29
1.111	17.50
1.187	17.67
1.269	17.85
1.358	18.05
1.455	18.21
1.560	18.60
1.674	18.75
1.798	18.91
1.934	19.10
2.082	19.32
2.244	19.52
2.421	19.71
2.616	19.90
2.829	20.14
3.064	17.25
3.322	17.52
3.608	17.67
3.923	17.93
4.273	18.21
4.662	18.33
5.096	18.74
5.580	19.02
6.125	19.28
6.742	19.72
7.439	20.04
8.236	20.40
9.152	20.81
10.22	21.47
11.46	21.99
12.95	22.59
14.73	23.29
16.90	24.10
19.59	25.08
22.94	26.17
27.13	23.51
32.37	24.92
38.83	26.61
46.66	28.54
55.95	30.70
66.75	33.84
79.07	36.55
92.85	39.44
108.1	43.67
124.8	46.90
142.8	51.22
162.0	55.59
182.3	60.64
203.7	66.41
226.0	72.96
249.1	77.32
273.0	85.10
297.7	90.13
322.9	95.37
348.9	105.3
375.4	111.4
402.4	117.7
429.9	124.1
457.9	136.7
486.3	143.8
515.2	151.1
544.5	158.7
574.3	166.6
604.4	184.1
634.9	193.2
665.8	202.8
697.1	212.8
728.7	223.0
760.8	233.6
793.2	244.6
826.0	302.6
859.2	316.4
892.9	297.7
926.9	311.6
961.3	326.0
996.2	340.9
1032.	356.5
1067.	372.8
1103.	389.6
1140.	407.1
1177.	425.4
1215.	444.5
1253.	464.6
1292.	485.5
1331.	506.8
1370.	528.4
1411.	550.7
1451.	678.4
1493.	706.8
1535.	674.8
1577.	704.0
1621.	734.6
1664.	766.6
1709.	799.5
1754.	834.2
1800.	870.6
1847.	908.2
1894.	947.6
1942.	989.3
1990.	1032.
2040.	1077.
2090.	1124.
2141.	1174.
2193.	1225.
2246.	1279.
2299.	1336.
2353.	1395.
2408.	1459.
2464.	1526.
2521.	1597.
2579.	1671.
2637.	1750.
2697.	1834.
2757.	1919.
2818.	2011.
2880.	2109.
2944.	2211.
3008.	2095.
3073.	2175.
3139.	2256.
3205.	2342.
3274.	2407.
3342.	2496.
3412.	2593.
3483.	2705.
3555.	2811.
 
 
E/N (Td)	# of iterations
0.7629E-02	96.00
0.1040E-01	303.0
0.1279E-01	295.0
0.1498E-01	277.0
0.1707E-01	263.0
0.1912E-01	258.0
0.2116E-01	241.0
0.2320E-01	238.0
0.2527E-01	228.0
0.2737E-01	201.0
0.2952E-01	122.0
0.3172E-01	123.0
0.3396E-01	267.0
0.3631E-01	254.0
0.3875E-01	249.0
0.4128E-01	241.0
0.4391E-01	232.0
0.4665E-01	140.0
0.4949E-01	214.0
0.5247E-01	212.0
0.5557E-01	210.0
0.5880E-01	315.0
0.6219E-01	307.0
0.6573E-01	311.0
0.6944E-01	295.0
0.7332E-01	295.0
0.7739E-01	216.0
0.8165E-01	218.0
0.8612E-01	214.0
0.9080E-01	213.0
0.9572E-01	214.0
0.1009	257.0
0.1063	253.0
0.1120	257.0
0.1179	246.0
0.1242	238.0
0.1308	237.0
0.1377	228.0
0.1450	226.0
0.1527	226.0
0.1607	225.0
0.1692	219.0
0.1781	213.0
0.1875	213.0
0.1974	212.0
0.2078	204.0
0.2187	207.0
0.2303	211.0
0.2424	198.0
0.2553	197.0
0.2688	194.0
0.2831	195.0
0.2982	195.0
0.3141	186.0
0.3310	187.0
0.3488	183.0
0.3678	188.0
0.3878	182.0
0.4091	174.0
0.4317	176.0
0.4558	172.0
0.4814	168.0
0.5087	168.0
0.5379	162.0
0.5690	159.0
0.6024	159.0
0.6382	158.0
0.6766	129.0
0.7177	136.0
0.7620	127.0
0.8097	99.00
0.8611	92.00
0.9165	88.00
0.9764	84.00
1.041	80.00
1.111	77.00
1.187	76.00
1.269	72.00
1.358	70.00
1.455	69.00
1.560	68.00
1.674	64.00
1.798	62.00
1.934	62.00
2.082	59.00
2.244	59.00
2.421	58.00
2.616	55.00
2.829	54.00
3.064	40.00
3.322	39.00
3.608	39.00
3.923	33.00
4.273	58.00
4.662	16.00
5.096	70.00
5.580	84.00
6.125	97.00
6.742	110.0
7.439	16.00
8.236	135.0
9.152	156.0
10.22	169.0
11.46	205.0
12.95	244.0
14.73	279.0
16.90	318.0
19.59	390.0
22.94	447.0
27.13	13.00
32.37	275.0
38.83	15.00
46.66	5.000
55.95	12.00
66.75	348.0
79.07	22.00
92.85	11.00
108.1	5.000
124.8	43.00
142.8	15.00
162.0	7.000
182.3	8.000
203.7	7.000
226.0	7.000
249.1	9.000
273.0	9.000
297.7	9.000
322.9	9.000
348.9	9.000
375.4	9.000
402.4	9.000
429.9	9.000
457.9	63.00
486.3	9.000
515.2	9.000
544.5	7.000
574.3	7.000
604.4	7.000
634.9	7.000
665.8	7.000
697.1	7.000
728.7	9.000
760.8	9.000
793.2	9.000
826.0	38.00
859.2	36.00
892.9	8.000
926.9	8.000
961.3	8.000
996.2	8.000
1032.	8.000
1067.	11.00
1103.	9.000
1140.	9.000
1177.	9.000
1215.	8.000
1253.	9.000
1292.	9.000
1331.	9.000
1370.	9.000
1411.	9.000
1451.	18.00
1493.	18.00
1535.	8.000
1577.	9.000
1621.	10.00
1664.	10.00
1709.	10.00
1754.	10.00
1800.	10.00
1847.	9.000
1894.	9.000
1942.	10.00
1990.	10.00
2040.	10.00
2090.	11.00
2141.	11.00
2193.	11.00
2246.	11.00
2299.	11.00
2353.	11.00
2408.	11.00
2464.	11.00
2521.	11.00
2579.	11.00
2637.	12.00
2697.	12.00
2757.	9.000
2818.	12.00
2880.	12.00
2944.	12.00
3008.	24.00
3073.	24.00
3139.	25.00
3205.	25.00
3274.	25.00
3342.	25.00
3412.	23.00
3483.	23.00
3555.	23.00
 
 
E/N (Td)	# of grid trials
0.7629E-02	1.000
0.1040E-01	2.000
0.1279E-01	2.000
0.1498E-01	2.000
0.1707E-01	2.000
0.1912E-01	2.000
0.2116E-01	2.000
0.2320E-01	2.000
0.2527E-01	2.000
0.2737E-01	2.000
0.2952E-01	2.000
0.3172E-01	2.000
0.3396E-01	3.000
0.3631E-01	3.000
0.3875E-01	3.000
0.4128E-01	3.000
0.4391E-01	3.000
0.4665E-01	3.000
0.4949E-01	3.000
0.5247E-01	3.000
0.5557E-01	3.000
0.5880E-01	4.000
0.6219E-01	4.000
0.6573E-01	4.000
0.6944E-01	4.000
0.7332E-01	4.000
0.7739E-01	4.000
0.8165E-01	4.000
0.8612E-01	4.000
0.9080E-01	4.000
0.9572E-01	4.000
0.1009	4.000
0.1063	4.000
0.1120	4.000
0.1179	4.000
0.1242	4.000
0.1308	4.000
0.1377	4.000
0.1450	4.000
0.1527	4.000
0.1607	4.000
0.1692	4.000
0.1781	4.000
0.1875	4.000
0.1974	4.000
0.2078	4.000
0.2187	4.000
0.2303	4.000
0.2424	4.000
0.2553	4.000
0.2688	4.000
0.2831	4.000
0.2982	4.000
0.3141	4.000
0.3310	4.000
0.3488	4.000
0.3678	4.000
0.3878	4.000
0.4091	4.000
0.4317	4.000
0.4558	4.000
0.4814	4.000
0.5087	4.000
0.5379	4.000
0.5690	4.000
0.6024	4.000
0.6382	4.000
0.6766	3.000
0.7177	3.000
0.7620	3.000
0.8097	3.000
0.8611	3.000
0.9165	3.000
0.9764	3.000
1.041	3.000
1.111	3.000
1.187	3.000
1.269	3.000
1.358	3.000
1.455	3.000
1.560	3.000
1.674	3.000
1.798	3.000
1.934	3.000
2.082	3.000
2.244	3.000
2.421	3.000
2.616	3.000
2.829	3.000
3.064	2.000
3.322	2.000
3.608	2.000
3.923	2.000
4.273	2.000
4.662	2.000
5.096	2.000
5.580	2.000
6.125	2.000
6.742	2.000
7.439	2.000
8.236	2.000
9.152	2.000
10.22	2.000
11.46	2.000
12.95	2.000
14.73	2.000
16.90	2.000
19.59	2.000
22.94	2.000
27.13	1.000
32.37	1.000
38.83	1.000
46.66	1.000
55.95	1.000
66.75	1.000
79.07	1.000
92.85	1.000
108.1	1.000
124.8	1.000
142.8	1.000
162.0	1.000
182.3	1.000
203.7	1.000
226.0	1.000
249.1	1.000
273.0	1.000
297.7	1.000
322.9	1.000
348.9	1.000
375.4	1.000
402.4	1.000
429.9	1.000
457.9	1.000
486.3	1.000
515.2	1.000
544.5	1.000
574.3	1.000
604.4	1.000
634.9	1.000
665.8	1.000
697.1	1.000
728.7	1.000
760.8	1.000
793.2	1.000
826.0	2.000
859.2	2.000
892.9	1.000
926.9	1.000
961.3	1.000
996.2	1.000
1032.	1.000
1067.	1.000
1103.	1.000
1140.	1.000
1177.	1.000
1215.	1.000
1253.	1.000
1292.	1.000
1331.	1.000
1370.	1.000
1411.	1.000
1451.	2.000
1493.	2.000
1535.	1.000
1577.	1.000
1621.	1.000
1664.	1.000
1709.	1.000
1754.	1.000
1800.	1.000
1847.	1.000
1894.	1.000
1942.	1.000
1990.	1.000
2040.	1.000
2090.	1.000
2141.	1.000
2193.	1.000
2246.	1.000
2299.	1.000
2353.	1.000
2408.	1.000
2464.	1.000
2521.	1.000
2579.	1.000
2637.	1.000
2697.	1.000
2757.	1.000
2818.	1.000
2880.	1.000
2944.	1.000
3008.	2.000
3073.	2.000
3139.	2.000
3205.	2.000
3274.	2.000
3342.	2.000
3412.	2.000
3483.	2.000
3555.	2.000
 
 
C1    Ar    Elastic                                             
E/N (Td)	Rate coefficient (m3/s)
0.7629E-02	0.2363E-14
0.1040E-01	0.2446E-14
0.1279E-01	0.2534E-14
0.1498E-01	0.2626E-14
0.1707E-01	0.2722E-14
0.1912E-01	0.2823E-14
0.2116E-01	0.2928E-14
0.2320E-01	0.3038E-14
0.2527E-01	0.3153E-14
0.2737E-01	0.3273E-14
0.2952E-01	0.3398E-14
0.3172E-01	0.3528E-14
0.3396E-01	0.3664E-14
0.3631E-01	0.3805E-14
0.3875E-01	0.3952E-14
0.4128E-01	0.4105E-14
0.4391E-01	0.4265E-14
0.4665E-01	0.4431E-14
0.4949E-01	0.4603E-14
0.5247E-01	0.4783E-14
0.5557E-01	0.4969E-14
0.5880E-01	0.5163E-14
0.6219E-01	0.5364E-14
0.6573E-01	0.5574E-14
0.6944E-01	0.5791E-14
0.7332E-01	0.6017E-14
0.7739E-01	0.6252E-14
0.8165E-01	0.6496E-14
0.8612E-01	0.6749E-14
0.9080E-01	0.7012E-14
0.9572E-01	0.7286E-14
0.1009	0.7569E-14
0.1063	0.7864E-14
0.1120	0.8171E-14
0.1179	0.8489E-14
0.1242	0.8819E-14
0.1308	0.9162E-14
0.1377	0.9519E-14
0.1450	0.9889E-14
0.1527	0.1027E-13
0.1607	0.1067E-13
0.1692	0.1109E-13
0.1781	0.1152E-13
0.1875	0.1197E-13
0.1974	0.1243E-13
0.2078	0.1292E-13
0.2187	0.1342E-13
0.2303	0.1394E-13
0.2424	0.1449E-13
0.2553	0.1505E-13
0.2688	0.1564E-13
0.2831	0.1625E-13
0.2982	0.1688E-13
0.3141	0.1754E-13
0.3310	0.1822E-13
0.3488	0.1893E-13
0.3678	0.1967E-13
0.3878	0.2044E-13
0.4091	0.2123E-13
0.4317	0.2206E-13
0.4558	0.2292E-13
0.4814	0.2381E-13
0.5087	0.2474E-13
0.5379	0.2570E-13
0.5690	0.2669E-13
0.6024	0.2773E-13
0.6382	0.2880E-13
0.6766	0.2991E-13
0.7177	0.3107E-13
0.7620	0.3226E-13
0.8097	0.3350E-13
0.8611	0.3478E-13
0.9165	0.3611E-13
0.9764	0.3748E-13
1.041	0.3891E-13
1.111	0.4038E-13
1.187	0.4190E-13
1.269	0.4348E-13
1.358	0.4511E-13
1.455	0.4679E-13
1.560	0.4853E-13
1.674	0.5033E-13
1.798	0.5219E-13
1.934	0.5411E-13
2.082	0.5609E-13
2.244	0.5814E-13
2.421	0.6026E-13
2.616	0.6244E-13
2.829	0.6470E-13
3.064	0.6703E-13
3.322	0.6944E-13
3.608	0.7193E-13
3.923	0.7450E-13
4.273	0.7715E-13
4.662	0.7989E-13
5.096	0.8273E-13
5.580	0.8565E-13
6.125	0.8868E-13
6.742	0.9182E-13
7.439	0.9504E-13
8.236	0.9838E-13
9.152	0.1018E-12
10.22	0.1054E-12
11.46	0.1090E-12
12.95	0.1128E-12
14.73	0.1166E-12
16.90	0.1206E-12
19.59	0.1246E-12
22.94	0.1287E-12
27.13	0.1328E-12
32.37	0.1369E-12
38.83	0.1410E-12
46.66	0.1451E-12
55.95	0.1491E-12
66.75	0.1530E-12
79.07	0.1568E-12
92.85	0.1605E-12
108.1	0.1641E-12
124.8	0.1675E-12
142.8	0.1708E-12
162.0	0.1740E-12
182.3	0.1771E-12
203.7	0.1800E-12
226.0	0.1828E-12
249.1	0.1855E-12
273.0	0.1880E-12
297.7	0.1904E-12
322.9	0.1927E-12
348.9	0.1950E-12
375.4	0.1970E-12
402.4	0.1990E-12
429.9	0.2009E-12
457.9	0.2027E-12
486.3	0.2043E-12
515.2	0.2059E-12
544.5	0.2074E-12
574.3	0.2087E-12
604.4	0.2100E-12
634.9	0.2112E-12
665.8	0.2123E-12
697.1	0.2133E-12
728.7	0.2142E-12
760.8	0.2150E-12
793.2	0.2158E-12
826.0	0.2164E-12
859.2	0.2170E-12
892.9	0.2176E-12
926.9	0.2180E-12
961.3	0.2184E-12
996.2	0.2186E-12
1032.	0.2189E-12
1067.	0.2190E-12
1103.	0.2191E-12
1140.	0.2192E-12
1177.	0.2191E-12
1215.	0.2191E-12
1253.	0.2189E-12
1292.	0.2187E-12
1331.	0.2185E-12
1370.	0.2181E-12
1411.	0.2178E-12
1451.	0.2174E-12
1493.	0.2169E-12
1535.	0.2164E-12
1577.	0.2158E-12
1621.	0.2152E-12
1664.	0.2146E-12
1709.	0.2139E-12
1754.	0.2132E-12
1800.	0.2124E-12
1847.	0.2116E-12
1894.	0.2108E-12
1942.	0.2099E-12
1990.	0.2090E-12
2040.	0.2080E-12
2090.	0.2070E-12
2141.	0.2060E-12
2193.	0.2050E-12
2246.	0.2039E-12
2299.	0.2028E-12
2353.	0.2016E-12
2408.	0.2005E-12
2464.	0.1993E-12
2521.	0.1981E-12
2579.	0.1968E-12
2637.	0.1956E-12
2697.	0.1943E-12
2757.	0.1930E-12
2818.	0.1917E-12
2880.	0.1903E-12
2944.	0.1890E-12
3008.	0.1876E-12
3073.	0.1862E-12
3139.	0.1848E-12
3205.	0.1834E-12
3274.	0.1820E-12
3342.	0.1805E-12
3412.	0.1791E-12
3483.	0.1776E-12
3555.	0.1761E-12
 
 
C2    Ar    Excitation    11.55 eV                              
E/N (Td)	Rate coefficient (m3/s)
0.7629E-02	0.000
0.1040E-01	0.000
0.1279E-01	0.000
0.1498E-01	0.000
0.1707E-01	0.000
0.1912E-01	0.000
0.2116E-01	0.000
0.2320E-01	0.000
0.2527E-01	0.000
0.2737E-01	0.000
0.2952E-01	0.000
0.3172E-01	0.000
0.3396E-01	0.000
0.3631E-01	0.000
0.3875E-01	0.000
0.4128E-01	0.000
0.4391E-01	0.000
0.4665E-01	0.000
0.4949E-01	0.000
0.5247E-01	0.000
0.5557E-01	0.000
0.5880E-01	0.1430E-27
0.6219E-01	0.4252E-27
0.6573E-01	0.1106E-26
0.6944E-01	0.2616E-26
0.7332E-01	0.5735E-26
0.7739E-01	0.1183E-25
0.8165E-01	0.2319E-25
0.8612E-01	0.4358E-25
0.9080E-01	0.7897E-25
0.9572E-01	0.1386E-24
0.1009	0.2367E-24
0.1063	0.3948E-24
0.1120	0.6449E-24
0.1179	0.1035E-23
0.1242	0.1635E-23
0.1308	0.2555E-23
0.1377	0.3919E-23
0.1450	0.5956E-23
0.1527	0.8964E-23
0.1607	0.1337E-22
0.1692	0.1975E-22
0.1781	0.2892E-22
0.1875	0.4196E-22
0.1974	0.6037E-22
0.2078	0.8610E-22
0.2187	0.1218E-21
0.2303	0.1709E-21
0.2424	0.2378E-21
0.2553	0.3283E-21
0.2688	0.4499E-21
0.2831	0.6118E-21
0.2982	0.8259E-21
0.3141	0.1107E-20
0.3310	0.1473E-20
0.3488	0.1947E-20
0.3678	0.2555E-20
0.3878	0.3333E-20
0.4091	0.4318E-20
0.4317	0.5561E-20
0.4558	0.7116E-20
0.4814	0.9053E-20
0.5087	0.1145E-19
0.5379	0.1440E-19
0.5690	0.1801E-19
0.6024	0.2241E-19
0.6382	0.2773E-19
0.6766	0.3415E-19
0.7177	0.4184E-19
0.7620	0.5103E-19
0.8097	0.6194E-19
0.8611	0.7486E-19
0.9165	0.9008E-19
0.9764	0.1080E-18
1.041	0.1289E-18
1.111	0.1532E-18
1.187	0.1816E-18
1.269	0.2144E-18
1.358	0.2523E-18
1.455	0.2959E-18
1.560	0.3462E-18
1.674	0.4037E-18
1.798	0.4697E-18
1.934	0.5451E-18
2.082	0.6313E-18
2.244	0.7296E-18
2.421	0.8419E-18
2.616	0.9699E-18
2.829	0.1116E-17
3.064	0.1283E-17
3.322	0.1475E-17
3.608	0.1694E-17
3.923	0.1947E-17
4.273	0.2238E-17
4.662	0.2576E-17
5.096	0.2969E-17
5.580	0.3429E-17
6.125	0.3971E-17
6.742	0.4618E-17
7.439	0.5391E-17
8.236	0.6325E-17
9.152	0.7468E-17
10.22	0.8884E-17
11.46	0.1066E-16
12.95	0.1293E-16
14.73	0.1587E-16
16.90	0.1975E-16
19.59	0.2492E-16
22.94	0.3191E-16
27.13	0.4136E-16
32.37	0.5404E-16
38.83	0.7070E-16
46.66	0.9200E-16
55.95	0.1183E-15
66.75	0.1499E-15
79.07	0.1864E-15
92.85	0.2277E-15
108.1	0.2737E-15
124.8	0.3238E-15
142.8	0.3776E-15
162.0	0.4349E-15
182.3	0.4953E-15
203.7	0.5585E-15
226.0	0.6243E-15
249.1	0.6925E-15
273.0	0.7630E-15
297.7	0.8355E-15
322.9	0.9098E-15
348.9	0.9865E-15
375.4	0.1065E-14
402.4	0.1145E-14
429.9	0.1227E-14
457.9	0.1311E-14
486.3	0.1397E-14
515.2	0.1484E-14
544.5	0.1574E-14
574.3	0.1665E-14
604.4	0.1758E-14
634.9	0.1852E-14
665.8	0.1949E-14
697.1	0.2047E-14
728.7	0.2146E-14
760.8	0.2247E-14
793.2	0.2350E-14
826.0	0.2455E-14
859.2	0.2560E-14
892.9	0.2668E-14
926.9	0.2776E-14
961.3	0.2886E-14
996.2	0.2998E-14
1032.	0.3110E-14
1067.	0.3224E-14
1103.	0.3339E-14
1140.	0.3455E-14
1177.	0.3572E-14
1215.	0.3690E-14
1253.	0.3810E-14
1292.	0.3930E-14
1331.	0.4051E-14
1370.	0.4172E-14
1411.	0.4295E-14
1451.	0.4418E-14
1493.	0.4541E-14
1535.	0.4666E-14
1577.	0.4790E-14
1621.	0.4916E-14
1664.	0.5041E-14
1709.	0.5167E-14
1754.	0.5293E-14
1800.	0.5419E-14
1847.	0.5546E-14
1894.	0.5672E-14
1942.	0.5799E-14
1990.	0.5925E-14
2040.	0.6051E-14
2090.	0.6177E-14
2141.	0.6302E-14
2193.	0.6428E-14
2246.	0.6552E-14
2299.	0.6676E-14
2353.	0.6800E-14
2408.	0.6923E-14
2464.	0.7045E-14
2521.	0.7167E-14
2579.	0.7288E-14
2637.	0.7407E-14
2697.	0.7526E-14
2757.	0.7644E-14
2818.	0.7760E-14
2880.	0.7876E-14
2944.	0.7990E-14
3008.	0.8104E-14
3073.	0.8215E-14
3139.	0.8326E-14
3205.	0.8435E-14
3274.	0.8543E-14
3342.	0.8648E-14
3412.	0.8753E-14
3483.	0.8857E-14
3555.	0.8957E-14
 
 
C3    Ar    Excitation    13.00 eV                              
E/N (Td)	Rate coefficient (m3/s)
0.7629E-02	0.000
0.1040E-01	0.000
0.1279E-01	0.000
0.1498E-01	0.000
0.1707E-01	0.000
0.1912E-01	0.000
0.2116E-01	0.000
0.2320E-01	0.000
0.2527E-01	0.000
0.2737E-01	0.000
0.2952E-01	0.000
0.3172E-01	0.000
0.3396E-01	0.000
0.3631E-01	0.000
0.3875E-01	0.000
0.4128E-01	0.000
0.4391E-01	0.000
0.4665E-01	0.000
0.4949E-01	0.000
0.5247E-01	0.000
0.5557E-01	0.000
0.5880E-01	0.000
0.6219E-01	0.000
0.6573E-01	0.000
0.6944E-01	0.000
0.7332E-01	0.000
0.7739E-01	0.000
0.8165E-01	0.000
0.8612E-01	0.000
0.9080E-01	0.000
0.9572E-01	0.000
0.1009	0.000
0.1063	0.000
0.1120	0.000
0.1179	0.000
0.1242	0.000
0.1308	0.7195E-26
0.1377	0.1514E-25
0.1450	0.2715E-25
0.1527	0.4545E-25
0.1607	0.7358E-25
0.1692	0.1168E-24
0.1781	0.1831E-24
0.1875	0.2840E-24
0.1974	0.4361E-24
0.2078	0.6634E-24
0.2187	0.9999E-24
0.2303	0.1494E-23
0.2424	0.2211E-23
0.2553	0.3246E-23
0.2688	0.4723E-23
0.2831	0.6816E-23
0.2982	0.9756E-23
0.3141	0.1385E-22
0.3310	0.1952E-22
0.3488	0.2729E-22
0.3678	0.3787E-22
0.3878	0.5216E-22
0.4091	0.7133E-22
0.4317	0.9688E-22
0.4558	0.1307E-21
0.4814	0.1751E-21
0.5087	0.2331E-21
0.5379	0.3083E-21
0.5690	0.4053E-21
0.6024	0.5296E-21
0.6382	0.6881E-21
0.6766	0.8893E-21
0.7177	0.1142E-20
0.7620	0.1460E-20
0.8097	0.1856E-20
0.8611	0.2348E-20
0.9165	0.2956E-20
0.9764	0.3705E-20
1.041	0.4622E-20
1.111	0.5742E-20
1.187	0.7105E-20
1.269	0.8758E-20
1.358	0.1076E-19
1.455	0.1316E-19
1.560	0.1606E-19
1.674	0.1954E-19
1.798	0.2370E-19
1.934	0.2869E-19
2.082	0.3464E-19
2.244	0.4176E-19
2.421	0.5026E-19
2.616	0.6043E-19
2.829	0.7260E-19
3.064	0.8721E-19
3.322	0.1048E-18
3.608	0.1259E-18
3.923	0.1516E-18
4.273	0.1829E-18
4.662	0.2213E-18
5.096	0.2686E-18
5.580	0.3276E-18
6.125	0.4018E-18
6.742	0.4967E-18
7.439	0.6186E-18
8.236	0.7781E-18
9.152	0.9904E-18
10.22	0.1278E-17
11.46	0.1676E-17
12.95	0.2240E-17
14.73	0.3056E-17
16.90	0.4268E-17
19.59	0.6106E-17
22.94	0.8933E-17
27.13	0.1331E-16
32.37	0.2000E-16
38.83	0.3000E-16
46.66	0.4441E-16
55.95	0.6432E-16
66.75	0.9071E-16
79.07	0.1244E-15
92.85	0.1658E-15
108.1	0.2156E-15
124.8	0.2739E-15
142.8	0.3408E-15
162.0	0.4160E-15
182.3	0.4995E-15
203.7	0.5909E-15
226.0	0.6898E-15
249.1	0.7960E-15
273.0	0.9091E-15
297.7	0.1029E-14
322.9	0.1154E-14
348.9	0.1286E-14
375.4	0.1424E-14
402.4	0.1566E-14
429.9	0.1714E-14
457.9	0.1867E-14
486.3	0.2024E-14
515.2	0.2185E-14
544.5	0.2351E-14
574.3	0.2521E-14
604.4	0.2694E-14
634.9	0.2871E-14
665.8	0.3051E-14
697.1	0.3234E-14
728.7	0.3420E-14
760.8	0.3609E-14
793.2	0.3800E-14
826.0	0.3994E-14
859.2	0.4190E-14
892.9	0.4387E-14
926.9	0.4587E-14
961.3	0.4788E-14
996.2	0.4991E-14
1032.	0.5194E-14
1067.	0.5400E-14
1103.	0.5606E-14
1140.	0.5813E-14
1177.	0.6021E-14
1215.	0.6229E-14
1253.	0.6438E-14
1292.	0.6647E-14
1331.	0.6857E-14
1370.	0.7066E-14
1411.	0.7276E-14
1451.	0.7485E-14
1493.	0.7695E-14
1535.	0.7903E-14
1577.	0.8112E-14
1621.	0.8320E-14
1664.	0.8527E-14
1709.	0.8733E-14
1754.	0.8938E-14
1800.	0.9143E-14
1847.	0.9346E-14
1894.	0.9548E-14
1942.	0.9749E-14
1990.	0.9948E-14
2040.	0.1015E-13
2090.	0.1034E-13
2141.	0.1053E-13
2193.	0.1073E-13
2246.	0.1092E-13
2299.	0.1111E-13
2353.	0.1129E-13
2408.	0.1148E-13
2464.	0.1166E-13
2521.	0.1184E-13
2579.	0.1202E-13
2637.	0.1219E-13
2697.	0.1236E-13
2757.	0.1253E-13
2818.	0.1270E-13
2880.	0.1287E-13
2944.	0.1303E-13
3008.	0.1319E-13
3073.	0.1334E-13
3139.	0.1350E-13
3205.	0.1365E-13
3274.	0.1379E-13
3342.	0.1394E-13
3412.	0.1408E-13
3483.	0.1422E-13
3555.	0.1435E-13
 
 
C4    Ar    Excitation    14.00 eV                              
E/N (Td)	Rate coefficient (m3/s)
0.7629E-02	0.000
0.1040E-01	0.000
0.1279E-01	0.000
0.1498E-01	0.000
0.1707E-01	0.000
0.1912E-01	0.000
0.2116E-01	0.000
0.2320E-01	0.000
0.2527E-01	0.000
0.2737E-01	0.000
0.2952E-01	0.000
0.3172E-01	0.000
0.3396E-01	0.000
0.3631E-01	0.000
0.3875E-01	0.000
0.4128E-01	0.000
0.4391E-01	0.000
0.4665E-01	0.000
0.4949E-01	0.000
0.5247E-01	0.000
0.5557E-01	0.000
0.5880E-01	0.000
0.6219E-01	0.000
0.6573E-01	0.000
0.6944E-01	0.000
0.7332E-01	0.000
0.7739E-01	0.000
0.8165E-01	0.000
0.8612E-01	0.000
0.9080E-01	0.000
0.9572E-01	0.000
0.1009	0.000
0.1063	0.000
0.1120	0.000
0.1179	0.000
0.1242	0.000
0.1308	0.000
0.1377	0.000
0.1450	0.000
0.1527	0.000
0.1607	0.000
0.1692	0.4741E-28
0.1781	0.2362E-27
0.1875	0.5048E-27
0.1974	0.8625E-27
0.2078	0.1418E-26
0.2187	0.2297E-26
0.2303	0.3672E-26
0.2424	0.5802E-26
0.2553	0.9068E-26
0.2688	0.1403E-25
0.2831	0.2151E-25
0.2982	0.3267E-25
0.3141	0.4919E-25
0.3310	0.7344E-25
0.3488	0.1087E-24
0.3678	0.1597E-24
0.3878	0.2326E-24
0.4091	0.3363E-24
0.4317	0.4825E-24
0.4558	0.6871E-24
0.4814	0.9712E-24
0.5087	0.1364E-23
0.5379	0.1901E-23
0.5690	0.2633E-23
0.6024	0.3621E-23
0.6382	0.4951E-23
0.6766	0.6722E-23
0.7177	0.9082E-23
0.7620	0.1219E-22
0.8097	0.1628E-22
0.8611	0.2162E-22
0.9165	0.2856E-22
0.9764	0.3754E-22
1.041	0.4910E-22
1.111	0.6393E-22
1.187	0.8288E-22
1.269	0.1070E-21
1.358	0.1376E-21
1.455	0.1764E-21
1.560	0.2253E-21
1.674	0.2869E-21
1.798	0.3644E-21
1.934	0.4617E-21
2.082	0.5839E-21
2.244	0.7372E-21
2.421	0.9298E-21
2.616	0.1172E-20
2.829	0.1477E-20
3.064	0.1863E-20
3.322	0.2352E-20
3.608	0.2976E-20
3.923	0.3777E-20
4.273	0.4811E-20
4.662	0.6160E-20
5.096	0.7936E-20
5.580	0.1030E-19
6.125	0.1350E-19
6.742	0.1790E-19
7.439	0.2402E-19
8.236	0.3273E-19
9.152	0.4542E-19
10.22	0.6434E-19
11.46	0.9337E-19
12.95	0.1393E-18
14.73	0.2141E-18
16.90	0.3399E-18
19.59	0.5575E-18
22.94	0.9411E-18
27.13	0.1621E-17
32.37	0.2807E-17
38.83	0.4809E-17
46.66	0.8019E-17
55.95	0.1288E-16
66.75	0.1984E-16
79.07	0.2929E-16
92.85	0.4153E-16
108.1	0.5693E-16
124.8	0.7567E-16
142.8	0.9789E-16
162.0	0.1237E-15
182.3	0.1533E-15
203.7	0.1866E-15
226.0	0.2237E-15
249.1	0.2646E-15
273.0	0.3093E-15
297.7	0.3578E-15
322.9	0.4099E-15
348.9	0.4661E-15
375.4	0.5260E-15
402.4	0.5896E-15
429.9	0.6568E-15
457.9	0.7279E-15
486.3	0.8027E-15
515.2	0.8812E-15
544.5	0.9634E-15
574.3	0.1049E-14
604.4	0.1139E-14
634.9	0.1232E-14
665.8	0.1329E-14
697.1	0.1429E-14
728.7	0.1533E-14
760.8	0.1641E-14
793.2	0.1752E-14
826.0	0.1866E-14
859.2	0.1984E-14
892.9	0.2106E-14
926.9	0.2231E-14
961.3	0.2360E-14
996.2	0.2492E-14
1032.	0.2627E-14
1067.	0.2766E-14
1103.	0.2908E-14
1140.	0.3054E-14
1177.	0.3203E-14
1215.	0.3355E-14
1253.	0.3511E-14
1292.	0.3670E-14
1331.	0.3832E-14
1370.	0.3997E-14
1411.	0.4166E-14
1451.	0.4338E-14
1493.	0.4513E-14
1535.	0.4691E-14
1577.	0.4873E-14
1621.	0.5057E-14
1664.	0.5245E-14
1709.	0.5435E-14
1754.	0.5629E-14
1800.	0.5825E-14
1847.	0.6024E-14
1894.	0.6227E-14
1942.	0.6432E-14
1990.	0.6639E-14
2040.	0.6850E-14
2090.	0.7062E-14
2141.	0.7278E-14
2193.	0.7496E-14
2246.	0.7716E-14
2299.	0.7939E-14
2353.	0.8163E-14
2408.	0.8390E-14
2464.	0.8619E-14
2521.	0.8850E-14
2579.	0.9083E-14
2637.	0.9317E-14
2697.	0.9553E-14
2757.	0.9791E-14
2818.	0.1003E-13
2880.	0.1027E-13
2944.	0.1051E-13
3008.	0.1076E-13
3073.	0.1100E-13
3139.	0.1124E-13
3205.	0.1149E-13
3274.	0.1174E-13
3342.	0.1198E-13
3412.	0.1223E-13
3483.	0.1248E-13
3555.	0.1272E-13
 
 
C5    Ar    Ionization    15.70 eV                              
E/N (Td)	Rate coefficient (m3/s)
0.7629E-02	0.000
0.1040E-01	0.000
0.1279E-01	0.000
0.1498E-01	0.000
0.1707E-01	0.000
0.1912E-01	0.000
0.2116E-01	0.000
0.2320E-01	0.000
0.2527E-01	0.000
0.2737E-01	0.000
0.2952E-01	0.000
0.3172E-01	0.000
0.3396E-01	0.000
0.3631E-01	0.000
0.3875E-01	0.000
0.4128E-01	0.000
0.4391E-01	0.000
0.4665E-01	0.000
0.4949E-01	0.000
0.5247E-01	0.000
0.5557E-01	0.000
0.5880E-01	0.000
0.6219E-01	0.000
0.6573E-01	0.000
0.6944E-01	0.000
0.7332E-01	0.000
0.7739E-01	0.000
0.8165E-01	0.000
0.8612E-01	0.000
0.9080E-01	0.000
0.9572E-01	0.000
0.1009	0.000
0.1063	0.000
0.1120	0.000
0.1179	0.000
0.1242	0.000
0.1308	0.000
0.1377	0.000
0.1450	0.000
0.1527	0.000
0.1607	0.000
0.1692	0.000
0.1781	0.000
0.1875	0.000
0.1974	0.000
0.2078	0.000
0.2187	0.000
0.2303	0.000
0.2424	0.000
0.2553	0.000
0.2688	0.000
0.2831	0.000
0.2982	0.000
0.3141	0.000
0.3310	0.000
0.3488	0.1270E-29
0.3678	0.7040E-29
0.3878	0.1541E-28
0.4091	0.2753E-28
0.4317	0.4593E-28
0.4558	0.7478E-28
0.4814	0.1202E-27
0.5087	0.1917E-27
0.5379	0.3030E-27
0.5690	0.4752E-27
0.6024	0.7393E-27
0.6382	0.1142E-26
0.6766	0.000
0.7177	0.2212E-26
0.7620	0.3837E-26
0.8097	0.5953E-26
0.8611	0.8939E-26
0.9165	0.1328E-25
0.9764	0.1958E-25
1.041	0.2871E-25
1.111	0.4187E-25
1.187	0.6077E-25
1.269	0.8777E-25
1.358	0.1263E-24
1.455	0.1809E-24
1.560	0.2584E-24
1.674	0.3679E-24
1.798	0.5225E-24
1.934	0.7405E-24
2.082	0.1048E-23
2.244	0.1483E-23
2.421	0.2098E-23
2.616	0.2971E-23
2.829	0.4217E-23
3.064	0.5972E-23
3.322	0.8541E-23
3.608	0.1228E-22
3.923	0.1778E-22
4.273	0.2598E-22
4.662	0.3836E-22
5.096	0.5739E-22
5.580	0.8718E-22
6.125	0.1348E-21
6.742	0.2134E-21
7.439	0.3456E-21
8.236	0.5758E-21
9.152	0.9911E-21
10.22	0.1771E-20
11.46	0.3301E-20
12.95	0.6446E-20
14.73	0.1324E-19
16.90	0.2869E-19
19.59	0.6538E-19
22.94	0.1554E-18
27.13	0.3790E-18
32.37	0.9249E-18
38.83	0.2195E-17
46.66	0.4938E-17
55.95	0.1037E-16
66.75	0.2022E-16
79.07	0.3665E-16
92.85	0.6205E-16
108.1	0.9924E-16
124.8	0.1507E-15
142.8	0.2189E-15
162.0	0.3061E-15
182.3	0.4142E-15
203.7	0.5447E-15
226.0	0.6989E-15
249.1	0.8781E-15
273.0	0.1083E-14
297.7	0.1314E-14
322.9	0.1571E-14
348.9	0.1857E-14
375.4	0.2170E-14
402.4	0.2510E-14
429.9	0.2877E-14
457.9	0.3273E-14
486.3	0.3696E-14
515.2	0.4147E-14
544.5	0.4626E-14
574.3	0.5133E-14
604.4	0.5667E-14
634.9	0.6228E-14
665.8	0.6817E-14
697.1	0.7432E-14
728.7	0.8073E-14
760.8	0.8741E-14
793.2	0.9435E-14
826.0	0.1015E-13
859.2	0.1090E-13
892.9	0.1167E-13
926.9	0.1247E-13
961.3	0.1329E-13
996.2	0.1413E-13
1032.	0.1500E-13
1067.	0.1589E-13
1103.	0.1680E-13
1140.	0.1774E-13
1177.	0.1871E-13
1215.	0.1969E-13
1253.	0.2070E-13
1292.	0.2172E-13
1331.	0.2277E-13
1370.	0.2384E-13
1411.	0.2494E-13
1451.	0.2605E-13
1493.	0.2718E-13
1535.	0.2834E-13
1577.	0.2951E-13
1621.	0.3070E-13
1664.	0.3192E-13
1709.	0.3315E-13
1754.	0.3440E-13
1800.	0.3566E-13
1847.	0.3695E-13
1894.	0.3825E-13
1942.	0.3957E-13
1990.	0.4090E-13
2040.	0.4225E-13
2090.	0.4362E-13
2141.	0.4500E-13
2193.	0.4639E-13
2246.	0.4781E-13
2299.	0.4923E-13
2353.	0.5066E-13
2408.	0.5211E-13
2464.	0.5357E-13
2521.	0.5504E-13
2579.	0.5652E-13
2637.	0.5801E-13
2697.	0.5951E-13
2757.	0.6102E-13
2818.	0.6254E-13
2880.	0.6407E-13
2944.	0.6560E-13
3008.	0.6714E-13
3073.	0.6869E-13
3139.	0.7024E-13
3205.	0.7180E-13
3274.	0.7336E-13
3342.	0.7491E-13
3412.	0.7648E-13
3483.	0.7805E-13
3555.	0.7962E-13
 
 
C6    Ar*    Ionization    4.20 eV                              
E/N (Td)	Rate coefficient (m3/s)
0.7629E-02	0.6490E-20
0.1040E-01	0.9623E-20
0.1279E-01	0.1407E-19
0.1498E-01	0.2039E-19
0.1707E-01	0.2930E-19
0.1912E-01	0.4178E-19
0.2116E-01	0.5909E-19
0.2320E-01	0.8292E-19
0.2527E-01	0.1155E-18
0.2737E-01	0.1596E-18
0.2952E-01	0.2190E-18
0.3172E-01	0.2980E-18
0.3396E-01	0.4035E-18
0.3631E-01	0.5421E-18
0.3875E-01	0.7235E-18
0.4128E-01	0.9594E-18
0.4391E-01	0.1264E-17
0.4665E-01	0.1655E-17
0.4949E-01	0.2154E-17
0.5247E-01	0.2788E-17
0.5557E-01	0.3586E-17
0.5880E-01	0.4587E-17
0.6219E-01	0.5836E-17
0.6573E-01	0.7384E-17
0.6944E-01	0.9294E-17
0.7332E-01	0.1164E-16
0.7739E-01	0.1450E-16
0.8165E-01	0.1798E-16
0.8612E-01	0.2218E-16
0.9080E-01	0.2724E-16
0.9572E-01	0.3330E-16
0.1009	0.4053E-16
0.1063	0.4912E-16
0.1120	0.5927E-16
0.1179	0.7121E-16
0.1242	0.8522E-16
0.1308	0.1016E-15
0.1377	0.1206E-15
0.1450	0.1426E-15
0.1527	0.1681E-15
0.1607	0.1974E-15
0.1692	0.2309E-15
0.1781	0.2692E-15
0.1875	0.3129E-15
0.1974	0.3623E-15
0.2078	0.4183E-15
0.2187	0.4813E-15
0.2303	0.5522E-15
0.2424	0.6315E-15
0.2553	0.7202E-15
0.2688	0.8189E-15
0.2831	0.9284E-15
0.2982	0.1050E-14
0.3141	0.1184E-14
0.3310	0.1331E-14
0.3488	0.1493E-14
0.3678	0.1671E-14
0.3878	0.1865E-14
0.4091	0.2076E-14
0.4317	0.2307E-14
0.4558	0.2556E-14
0.4814	0.2826E-14
0.5087	0.3118E-14
0.5379	0.3433E-14
0.5690	0.3771E-14
0.6024	0.4134E-14
0.6382	0.4523E-14
0.6766	0.4939E-14
0.7177	0.5382E-14
0.7620	0.5855E-14
0.8097	0.6358E-14
0.8611	0.6891E-14
0.9165	0.7457E-14
0.9764	0.8055E-14
1.041	0.8688E-14
1.111	0.9356E-14
1.187	0.1006E-13
1.269	0.1080E-13
1.358	0.1158E-13
1.455	0.1240E-13
1.560	0.1326E-13
1.674	0.1416E-13
1.798	0.1510E-13
1.934	0.1609E-13
2.082	0.1712E-13
2.244	0.1821E-13
2.421	0.1934E-13
2.616	0.2052E-13
2.829	0.2175E-13
3.064	0.2304E-13
3.322	0.2439E-13
3.608	0.2579E-13
3.923	0.2726E-13
4.273	0.2879E-13
4.662	0.3040E-13
5.096	0.3207E-13
5.580	0.3381E-13
6.125	0.3563E-13
6.742	0.3753E-13
7.439	0.3951E-13
8.236	0.4157E-13
9.152	0.4370E-13
10.22	0.4592E-13
11.46	0.4822E-13
12.95	0.5059E-13
14.73	0.5302E-13
16.90	0.5551E-13
19.59	0.5805E-13
22.94	0.6062E-13
27.13	0.6319E-13
32.37	0.6576E-13
38.83	0.6832E-13
46.66	0.7085E-13
55.95	0.7335E-13
66.75	0.7584E-13
79.07	0.7829E-13
92.85	0.8072E-13
108.1	0.8313E-13
124.8	0.8551E-13
142.8	0.8788E-13
162.0	0.9021E-13
182.3	0.9253E-13
203.7	0.9483E-13
226.0	0.9710E-13
249.1	0.9936E-13
273.0	0.1016E-12
297.7	0.1038E-12
322.9	0.1060E-12
348.9	0.1082E-12
375.4	0.1104E-12
402.4	0.1126E-12
429.9	0.1147E-12
457.9	0.1169E-12
486.3	0.1190E-12
515.2	0.1211E-12
544.5	0.1231E-12
574.3	0.1252E-12
604.4	0.1272E-12
634.9	0.1293E-12
665.8	0.1313E-12
697.1	0.1333E-12
728.7	0.1352E-12
760.8	0.1372E-12
793.2	0.1391E-12
826.0	0.1411E-12
859.2	0.1430E-12
892.9	0.1449E-12
926.9	0.1467E-12
961.3	0.1486E-12
996.2	0.1504E-12
1032.	0.1523E-12
1067.	0.1541E-12
1103.	0.1559E-12
1140.	0.1577E-12
1177.	0.1594E-12
1215.	0.1612E-12
1253.	0.1629E-12
1292.	0.1646E-12
1331.	0.1663E-12
1370.	0.1680E-12
1411.	0.1697E-12
1451.	0.1713E-12
1493.	0.1729E-12
1535.	0.1746E-12
1577.	0.1762E-12
1621.	0.1777E-12
1664.	0.1793E-12
1709.	0.1808E-12
1754.	0.1824E-12
1800.	0.1839E-12
1847.	0.1854E-12
1894.	0.1868E-12
1942.	0.1883E-12
1990.	0.1897E-12
2040.	0.1911E-12
2090.	0.1925E-12
2141.	0.1939E-12
2193.	0.1952E-12
2246.	0.1966E-12
2299.	0.1979E-12
2353.	0.1992E-12
2408.	0.2004E-12
2464.	0.2017E-12
2521.	0.2029E-12
2579.	0.2041E-12
2637.	0.2053E-12
2697.	0.2064E-12
2757.	0.2076E-12
2818.	0.2087E-12
2880.	0.2098E-12
2944.	0.2108E-12
3008.	0.2119E-12
3073.	0.2129E-12
3139.	0.2139E-12
3205.	0.2149E-12
3274.	0.2158E-12
3342.	0.2167E-12
3412.	0.2176E-12
3483.	0.2185E-12
3555.	0.2193E-12
 
 
Ar                                                              
E/N (Td)	Inelastic energy loss coefficient (eV m3/s)
0.7629E-02	-0.9131E-33
0.1040E-01	-0.9255E-33
0.1279E-01	-0.9382E-33
0.1498E-01	-0.9510E-33
0.1707E-01	-0.9640E-33
0.1912E-01	-0.9772E-33
0.2116E-01	-0.9906E-33
0.2320E-01	-0.1004E-32
0.2527E-01	-0.1018E-32
0.2737E-01	-0.1032E-32
0.2952E-01	-0.1046E-32
0.3172E-01	-0.1061E-32
0.3396E-01	-0.1076E-32
0.3631E-01	-0.1091E-32
0.3875E-01	-0.1106E-32
0.4128E-01	-0.1121E-32
0.4391E-01	-0.1137E-32
0.4665E-01	-0.1153E-32
0.4949E-01	-0.1169E-32
0.5247E-01	-0.1186E-32
0.5557E-01	-0.1202E-32
0.5880E-01	0.1651E-26
0.6219E-01	0.4912E-26
0.6573E-01	0.1278E-25
0.6944E-01	0.3022E-25
0.7332E-01	0.6623E-25
0.7739E-01	0.1366E-24
0.8165E-01	0.2678E-24
0.8612E-01	0.5033E-24
0.9080E-01	0.9121E-24
0.9572E-01	0.1601E-23
0.1009	0.2734E-23
0.1063	0.4560E-23
0.1120	0.7449E-23
0.1179	0.1195E-22
0.1242	0.1889E-22
0.1308	0.2960E-22
0.1377	0.4547E-22
0.1450	0.6914E-22
0.1527	0.1041E-21
0.1607	0.1553E-21
0.1692	0.2296E-21
0.1781	0.3364E-21
0.1875	0.4883E-21
0.1974	0.7029E-21
0.2078	0.1003E-20
0.2187	0.1420E-20
0.2303	0.1993E-20
0.2424	0.2775E-20
0.2553	0.3835E-20
0.2688	0.5258E-20
0.2831	0.7156E-20
0.2982	0.9667E-20
0.3141	0.1297E-19
0.3310	0.1727E-19
0.3488	0.2284E-19
0.3678	0.3001E-19
0.3878	0.3917E-19
0.4091	0.5081E-19
0.4317	0.6549E-19
0.4558	0.8390E-19
0.4814	0.1068E-18
0.5087	0.1353E-18
0.5379	0.1704E-18
0.5690	0.2133E-18
0.6024	0.2657E-18
0.6382	0.3293E-18
0.6766	0.4061E-18
0.7177	0.4982E-18
0.7620	0.6085E-18
0.8097	0.7398E-18
0.8611	0.8955E-18
0.9165	0.1079E-17
0.9764	0.1296E-17
1.041	0.1549E-17
1.111	0.1846E-17
1.187	0.2191E-17
1.269	0.2591E-17
1.358	0.3056E-17
1.455	0.3592E-17
1.560	0.4210E-17
1.674	0.4921E-17
1.798	0.5738E-17
1.934	0.6676E-17
2.082	0.7750E-17
2.244	0.8981E-17
2.421	0.1039E-16
2.616	0.1201E-16
2.829	0.1386E-16
3.064	0.1598E-16
3.322	0.1843E-16
3.608	0.2125E-16
3.923	0.2451E-16
4.273	0.2829E-16
4.662	0.3271E-16
5.096	0.3789E-16
5.580	0.4401E-16
6.125	0.5128E-16
6.742	0.6005E-16
7.439	0.7065E-16
8.236	0.8364E-16
9.152	0.9978E-16
10.22	0.1202E-15
11.46	0.1463E-15
12.95	0.1805E-15
14.73	0.2263E-15
16.90	0.2888E-15
19.59	0.3761E-15
22.94	0.5003E-15
27.13	0.6794E-15
32.37	0.9380E-15
38.83	0.1308E-14
46.66	0.1830E-14
55.95	0.2546E-14
66.75	0.3505E-14
79.07	0.4756E-14
92.85	0.6341E-14
108.1	0.8320E-14
124.8	0.1073E-13
142.8	0.1360E-13
162.0	0.1697E-13
182.3	0.2086E-13
203.7	0.2530E-13
226.0	0.3028E-13
249.1	0.3584E-13
273.0	0.4196E-13
297.7	0.4866E-13
322.9	0.5592E-13
348.9	0.6379E-13
375.4	0.7224E-13
402.4	0.8126E-13
429.9	0.9082E-13
457.9	0.1010E-12
486.3	0.1117E-12
515.2	0.1230E-12
544.5	0.1349E-12
574.3	0.1473E-12
604.4	0.1602E-12
634.9	0.1738E-12
665.8	0.1878E-12
697.1	0.2024E-12
728.7	0.2175E-12
760.8	0.2331E-12
793.2	0.2492E-12
826.0	0.2658E-12
859.2	0.2830E-12
892.9	0.3006E-12
926.9	0.3187E-12
961.3	0.3372E-12
996.2	0.3562E-12
1032.	0.3757E-12
1067.	0.3956E-12
1103.	0.4160E-12
1140.	0.4368E-12
1177.	0.4581E-12
1215.	0.4797E-12
1253.	0.5018E-12
1292.	0.5243E-12
1331.	0.5472E-12
1370.	0.5704E-12
1411.	0.5941E-12
1451.	0.6181E-12
1493.	0.6425E-12
1535.	0.6673E-12
1577.	0.6924E-12
1621.	0.7178E-12
1664.	0.7436E-12
1709.	0.7698E-12
1754.	0.7962E-12
1800.	0.8230E-12
1847.	0.8500E-12
1894.	0.8774E-12
1942.	0.9051E-12
1990.	0.9329E-12
2040.	0.9612E-12
2090.	0.9895E-12
2141.	0.1018E-11
2193.	0.1047E-11
2246.	0.1076E-11
2299.	0.1106E-11
2353.	0.1135E-11
2408.	0.1165E-11
2464.	0.1195E-11
2521.	0.1225E-11
2579.	0.1255E-11
2637.	0.1285E-11
2697.	0.1316E-11
2757.	0.1347E-11
2818.	0.1377E-11
2880.	0.1408E-11
2944.	0.1439E-11
3008.	0.1470E-11
3073.	0.1501E-11
3139.	0.1532E-11
3205.	0.1563E-11
3274.	0.1594E-11
3342.	0.1625E-11
3412.	0.1656E-11
3483.	0.1687E-11
3555.	0.1718E-11
 
 
Ar*                                                             
E/N (Td)	Inelastic energy loss coefficient (eV m3/s)
0.7629E-02	0.2726E-19
0.1040E-01	0.4042E-19
0.1279E-01	0.5909E-19
0.1498E-01	0.8566E-19
0.1707E-01	0.1230E-18
0.1912E-01	0.1755E-18
0.2116E-01	0.2482E-18
0.2320E-01	0.3483E-18
0.2527E-01	0.4849E-18
0.2737E-01	0.6702E-18
0.2952E-01	0.9198E-18
0.3172E-01	0.1251E-17
0.3396E-01	0.1695E-17
0.3631E-01	0.2277E-17
0.3875E-01	0.3039E-17
0.4128E-01	0.4029E-17
0.4391E-01	0.5309E-17
0.4665E-01	0.6952E-17
0.4949E-01	0.9049E-17
0.5247E-01	0.1171E-16
0.5557E-01	0.1506E-16
0.5880E-01	0.1927E-16
0.6219E-01	0.2451E-16
0.6573E-01	0.3101E-16
0.6944E-01	0.3903E-16
0.7332E-01	0.4888E-16
0.7739E-01	0.6090E-16
0.8165E-01	0.7551E-16
0.8612E-01	0.9317E-16
0.9080E-01	0.1144E-15
0.9572E-01	0.1399E-15
0.1009	0.1702E-15
0.1063	0.2063E-15
0.1120	0.2489E-15
0.1179	0.2991E-15
0.1242	0.3579E-15
0.1308	0.4266E-15
0.1377	0.5065E-15
0.1450	0.5991E-15
0.1527	0.7060E-15
0.1607	0.8290E-15
0.1692	0.9699E-15
0.1781	0.1131E-14
0.1875	0.1314E-14
0.1974	0.1522E-14
0.2078	0.1757E-14
0.2187	0.2022E-14
0.2303	0.2319E-14
0.2424	0.2652E-14
0.2553	0.3025E-14
0.2688	0.3439E-14
0.2831	0.3899E-14
0.2982	0.4409E-14
0.3141	0.4972E-14
0.3310	0.5592E-14
0.3488	0.6272E-14
0.3678	0.7018E-14
0.3878	0.7833E-14
0.4091	0.8721E-14
0.4317	0.9687E-14
0.4558	0.1074E-13
0.4814	0.1187E-13
0.5087	0.1310E-13
0.5379	0.1442E-13
0.5690	0.1584E-13
0.6024	0.1736E-13
0.6382	0.1900E-13
0.6766	0.2074E-13
0.7177	0.2261E-13
0.7620	0.2459E-13
0.8097	0.2670E-13
0.8611	0.2894E-13
0.9165	0.3132E-13
0.9764	0.3383E-13
1.041	0.3649E-13
1.111	0.3929E-13
1.187	0.4225E-13
1.269	0.4536E-13
1.358	0.4864E-13
1.455	0.5207E-13
1.560	0.5568E-13
1.674	0.5947E-13
1.798	0.6343E-13
1.934	0.6758E-13
2.082	0.7192E-13
2.244	0.7647E-13
2.421	0.8121E-13
2.616	0.8618E-13
2.829	0.9136E-13
3.064	0.9677E-13
3.322	0.1024E-12
3.608	0.1083E-12
3.923	0.1145E-12
4.273	0.1209E-12
4.662	0.1277E-12
5.096	0.1347E-12
5.580	0.1420E-12
6.125	0.1496E-12
6.742	0.1576E-12
7.439	0.1659E-12
8.236	0.1746E-12
9.152	0.1836E-12
10.22	0.1929E-12
11.46	0.2025E-12
12.95	0.2125E-12
14.73	0.2227E-12
16.90	0.2332E-12
19.59	0.2438E-12
22.94	0.2546E-12
27.13	0.2654E-12
32.37	0.2762E-12
38.83	0.2869E-12
46.66	0.2976E-12
55.95	0.3081E-12
66.75	0.3185E-12
79.07	0.3288E-12
92.85	0.3390E-12
108.1	0.3491E-12
124.8	0.3592E-12
142.8	0.3691E-12
162.0	0.3789E-12
182.3	0.3886E-12
203.7	0.3983E-12
226.0	0.4078E-12
249.1	0.4173E-12
273.0	0.4267E-12
297.7	0.4361E-12
322.9	0.4454E-12
348.9	0.4546E-12
375.4	0.4638E-12
402.4	0.4728E-12
429.9	0.4818E-12
457.9	0.4908E-12
486.3	0.4997E-12
515.2	0.5085E-12
544.5	0.5172E-12
574.3	0.5258E-12
604.4	0.5344E-12
634.9	0.5429E-12
665.8	0.5514E-12
697.1	0.5597E-12
728.7	0.5680E-12
760.8	0.5762E-12
793.2	0.5844E-12
826.0	0.5925E-12
859.2	0.6005E-12
892.9	0.6084E-12
926.9	0.6163E-12
961.3	0.6241E-12
996.2	0.6319E-12
1032.	0.6395E-12
1067.	0.6472E-12
1103.	0.6547E-12
1140.	0.6622E-12
1177.	0.6696E-12
1215.	0.6769E-12
1253.	0.6842E-12
1292.	0.6914E-12
1331.	0.6985E-12
1370.	0.7056E-12
1411.	0.7126E-12
1451.	0.7195E-12
1493.	0.7264E-12
1535.	0.7332E-12
1577.	0.7399E-12
1621.	0.7465E-12
1664.	0.7531E-12
1709.	0.7596E-12
1754.	0.7660E-12
1800.	0.7723E-12
1847.	0.7785E-12
1894.	0.7847E-12
1942.	0.7908E-12
1990.	0.7968E-12
2040.	0.8028E-12
2090.	0.8086E-12
2141.	0.8143E-12
2193.	0.8200E-12
2246.	0.8256E-12
2299.	0.8311E-12
2353.	0.8365E-12
2408.	0.8418E-12
2464.	0.8470E-12
2521.	0.8522E-12
2579.	0.8572E-12
2637.	0.8621E-12
2697.	0.8670E-12
2757.	0.8718E-12
2818.	0.8764E-12
2880.	0.8810E-12
2944.	0.8854E-12
3008.	0.8899E-12
3073.	0.8941E-12
3139.	0.8983E-12
3205.	0.9024E-12
3274.	0.9064E-12
3342.	0.9102E-12
3412.	0.9140E-12
3483.	0.9177E-12
3555.	0.9212E-12
 
 
