BOLSIG+ version: 03/2016
Collision input data:
--------------------------------------------------
Ar                                                              
crs-Biagi_v7.1+step.txt
--------------------------------------------------
Ar*                                                             
crs-Biagi_v7.1+step.txt
 
 
 
Angular frequency / N (m3/s)               0.000    
Cosine of E-B field angle                  0.000    
Gas temperature (K)                        3000.    
Excitation temperature (K)                 3000.    
Transition energy (eV)                     0.000    
Ionization degree                          0.000    
Plasma density (1/m3)                     0.8000E+17
Ion charge parameter                       1.000    
Ion/neutral mass ratio                     1.000    
e-e momentum effects                       1.000    
Energy sharing                             1.000    
Growth model                               1.000    
Maxwellian mean energy (eV)                0.000    
# of grid points                           200.0    
Grid type                                  0.000    
Maximum energy                             200.0    
Precision                                 0.1000E-09
Convergence                               0.1000E-03
Maximum # of iterations                    1000.    
Mole fraction Ar                           1.000    
Mole fraction Ar*                         0.1000E-04
 
 
E/N (Td)    	Electric field / N (Td)                                         
0.1174E-02	0.1174E-02
0.1686E-02	0.1686E-02
0.2194E-02	0.2194E-02
0.2731E-02	0.2731E-02
0.3325E-02	0.3325E-02
0.3999E-02	0.3999E-02
0.4765E-02	0.4765E-02
0.5633E-02	0.5633E-02
0.6605E-02	0.6605E-02
0.7724E-02	0.7724E-02
0.8968E-02	0.8968E-02
0.1035E-01	0.1035E-01
0.1188E-01	0.1188E-01
0.1355E-01	0.1355E-01
0.1536E-01	0.1536E-01
0.1732E-01	0.1732E-01
0.1943E-01	0.1943E-01
0.2169E-01	0.2169E-01
0.2410E-01	0.2410E-01
0.2669E-01	0.2669E-01
0.2944E-01	0.2944E-01
0.3235E-01	0.3235E-01
0.3545E-01	0.3545E-01
0.3872E-01	0.3872E-01
0.4219E-01	0.4219E-01
0.4585E-01	0.4585E-01
0.4970E-01	0.4970E-01
0.5377E-01	0.5377E-01
0.5805E-01	0.5805E-01
0.6256E-01	0.6256E-01
0.6730E-01	0.6730E-01
0.7227E-01	0.7227E-01
0.7750E-01	0.7750E-01
0.8299E-01	0.8299E-01
0.8877E-01	0.8877E-01
0.9483E-01	0.9483E-01
0.1012	0.1012
0.1079	0.1079
0.1149	0.1149
0.1222	0.1222
0.1299	0.1299
0.1382	0.1382
0.1468	0.1468
0.1558	0.1558
0.1654	0.1654
0.1754	0.1754
0.1861	0.1861
0.1972	0.1972
0.2089	0.2089
0.2212	0.2212
0.2341	0.2341
0.2478	0.2478
0.2622	0.2622
0.2774	0.2774
0.2936	0.2936
0.3103	0.3103
0.3282	0.3282
0.3472	0.3472
0.3670	0.3670
0.3880	0.3880
0.4102	0.4102
0.4336	0.4336
0.4584	0.4584
0.4846	0.4846
0.5122	0.5122
0.5416	0.5416
0.5728	0.5728
0.6058	0.6058
0.6408	0.6408
0.6780	0.6780
0.7173	0.7173
0.7592	0.7592
0.8037	0.8037
0.8511	0.8511
0.9016	0.9016
0.9553	0.9553
1.012	1.012
1.073	1.073
1.138	1.138
1.207	1.207
1.280	1.280
1.357	1.357
1.440	1.440
1.528	1.528
1.621	1.621
1.719	1.719
1.823	1.823
1.933	1.933
2.050	2.050
2.173	2.173
2.303	2.303
2.441	2.441
2.588	2.588
2.742	2.742
2.906	2.906
3.081	3.081
3.270	3.270
3.473	3.473
3.698	3.698
3.952	3.952
4.241	4.241
4.582	4.582
4.998	4.998
5.531	5.531
6.260	6.260
7.335	7.335
9.034	9.034
11.75	11.75
15.71	15.71
20.88	20.88
27.20	27.20
34.68	34.68
43.40	43.40
53.41	53.41
64.77	64.77
77.54	77.54
91.71	91.71
107.2	107.2
124.1	124.1
142.2	142.2
161.6	161.6
182.0	182.0
203.4	203.4
225.7	225.7
248.9	248.9
272.9	272.9
297.6	297.6
322.8	322.8
348.8	348.8
375.4	375.4
402.4	402.4
429.9	429.9
457.8	457.8
486.3	486.3
515.2	515.2
544.5	544.5
574.3	574.3
604.4	604.4
634.9	634.9
665.7	665.7
697.0	697.0
728.7	728.7
760.7	760.7
793.2	793.2
826.0	826.0
859.2	859.2
892.8	892.8
926.9	926.9
961.3	961.3
996.1	996.1
1031.	1031.
1067.	1067.
1103.	1103.
1140.	1140.
1177.	1177.
1215.	1215.
1253.	1253.
1292.	1292.
1331.	1331.
1370.	1370.
1411.	1411.
1451.	1451.
1493.	1493.
1535.	1535.
1577.	1577.
1621.	1621.
1664.	1664.
1709.	1709.
1754.	1754.
1800.	1800.
1847.	1847.
1894.	1894.
1942.	1942.
1990.	1990.
2040.	2040.
2090.	2090.
2141.	2141.
2193.	2193.
2246.	2246.
2299.	2299.
2353.	2353.
2408.	2408.
2464.	2464.
2521.	2521.
2579.	2579.
2637.	2637.
2697.	2697.
2757.	2757.
2818.	2818.
2880.	2880.
2944.	2944.
3008.	3008.
3073.	3073.
3139.	3139.
3205.	3205.
3274.	3274.
3342.	3342.
3412.	3412.
3483.	3483.
3555.	3555.
 
 
E/N (Td)	Mean energy (eV)
0.1174E-02	0.4000
0.1686E-02	0.4098
0.2194E-02	0.4199
0.2731E-02	0.4302
0.3325E-02	0.4407
0.3999E-02	0.4516
0.4765E-02	0.4627
0.5633E-02	0.4742
0.6605E-02	0.4857
0.7724E-02	0.4976
0.8968E-02	0.5098
0.1035E-01	0.5223
0.1188E-01	0.5352
0.1355E-01	0.5483
0.1536E-01	0.5618
0.1732E-01	0.5756
0.1943E-01	0.5897
0.2169E-01	0.6042
0.2410E-01	0.6190
0.2669E-01	0.6342
0.2944E-01	0.6498
0.3235E-01	0.6658
0.3545E-01	0.6821
0.3872E-01	0.6989
0.4219E-01	0.7161
0.4585E-01	0.7336
0.4970E-01	0.7517
0.5377E-01	0.7701
0.5805E-01	0.7890
0.6256E-01	0.8084
0.6730E-01	0.8283
0.7227E-01	0.8486
0.7750E-01	0.8695
0.8299E-01	0.8908
0.8877E-01	0.9127
0.9483E-01	0.9351
0.1012	0.9581
0.1079	0.9816
0.1149	1.006
0.1222	1.030
0.1299	1.056
0.1382	1.082
0.1468	1.108
0.1558	1.135
0.1654	1.163
0.1754	1.192
0.1861	1.221
0.1972	1.251
0.2089	1.282
0.2212	1.313
0.2341	1.346
0.2478	1.379
0.2622	1.413
0.2774	1.447
0.2936	1.483
0.3103	1.519
0.3282	1.556
0.3472	1.595
0.3670	1.634
0.3880	1.674
0.4102	1.715
0.4336	1.757
0.4584	1.800
0.4846	1.845
0.5122	1.890
0.5416	1.936
0.5728	1.984
0.6058	2.033
0.6408	2.083
0.6780	2.134
0.7173	2.186
0.7592	2.240
0.8037	2.295
0.8511	2.351
0.9016	2.409
0.9553	2.468
1.012	2.529
1.073	2.591
1.138	2.654
1.207	2.720
1.280	2.786
1.357	2.855
1.440	2.925
1.528	2.997
1.621	3.070
1.719	3.146
1.823	3.223
1.933	3.302
2.050	3.383
2.173	3.466
2.303	3.551
2.441	3.639
2.588	3.728
2.742	3.820
2.906	3.913
3.081	4.009
3.270	4.108
3.473	4.209
3.698	4.312
3.952	4.418
4.241	4.527
4.582	4.638
4.998	4.752
5.531	4.868
6.260	4.988
7.335	5.110
9.034	5.236
11.75	5.364
15.71	5.496
20.88	5.631
27.20	5.770
34.68	5.911
43.40	6.057
53.41	6.205
64.77	6.358
77.54	6.513
91.71	6.674
107.2	6.837
124.1	7.006
142.2	7.178
161.6	7.354
182.0	7.535
203.4	7.720
225.7	7.909
248.9	8.104
272.9	8.303
297.6	8.507
322.8	8.715
348.8	8.930
375.4	9.149
402.4	9.374
429.9	9.604
457.8	9.840
486.3	10.08
515.2	10.33
544.5	10.58
574.3	10.84
604.4	11.11
634.9	11.38
665.7	11.66
697.0	11.95
728.7	12.24
760.7	12.54
793.2	12.85
826.0	13.17
859.2	13.49
892.8	13.82
926.9	14.16
961.3	14.51
996.1	14.86
1031.	15.23
1067.	15.60
1103.	15.99
1140.	16.38
1177.	16.78
1215.	17.19
1253.	17.61
1292.	18.05
1331.	18.49
1370.	18.94
1411.	19.41
1451.	19.89
1493.	20.37
1535.	20.88
1577.	21.39
1621.	21.91
1664.	22.45
1709.	23.00
1754.	23.57
1800.	24.15
1847.	24.74
1894.	25.35
1942.	25.97
1990.	26.61
2040.	27.26
2090.	27.93
2141.	28.62
2193.	29.32
2246.	30.04
2299.	30.78
2353.	31.53
2408.	32.31
2464.	33.10
2521.	33.92
2579.	34.75
2637.	35.60
2697.	36.47
2757.	37.37
2818.	38.29
2880.	39.23
2944.	40.19
3008.	41.18
3073.	42.19
3139.	43.23
3205.	44.29
3274.	45.38
3342.	46.49
3412.	47.63
3483.	48.80
3555.	50.00
 
 
E/N (Td)	Mobility *N (1/m/V/s)
0.1174E-02	0.1325E+27
0.1686E-02	0.1225E+27
0.2194E-02	0.1127E+27
0.2731E-02	0.1033E+27
0.3325E-02	0.9443E+26
0.3999E-02	0.8611E+26
0.4765E-02	0.7849E+26
0.5633E-02	0.7164E+26
0.6605E-02	0.6552E+26
0.7724E-02	0.5997E+26
0.8968E-02	0.5509E+26
0.1035E-01	0.5077E+26
0.1188E-01	0.4693E+26
0.1355E-01	0.4355E+26
0.1536E-01	0.4056E+26
0.1732E-01	0.3790E+26
0.1943E-01	0.3550E+26
0.2169E-01	0.3334E+26
0.2410E-01	0.3138E+26
0.2669E-01	0.2959E+26
0.2944E-01	0.2796E+26
0.3235E-01	0.2647E+26
0.3545E-01	0.2511E+26
0.3872E-01	0.2385E+26
0.4219E-01	0.2268E+26
0.4585E-01	0.2160E+26
0.4970E-01	0.2060E+26
0.5377E-01	0.1966E+26
0.5805E-01	0.1878E+26
0.6256E-01	0.1796E+26
0.6730E-01	0.1719E+26
0.7227E-01	0.1647E+26
0.7750E-01	0.1579E+26
0.8299E-01	0.1514E+26
0.8877E-01	0.1453E+26
0.9483E-01	0.1395E+26
0.1012	0.1340E+26
0.1079	0.1287E+26
0.1149	0.1237E+26
0.1222	0.1190E+26
0.1299	0.1144E+26
0.1382	0.1100E+26
0.1468	0.1058E+26
0.1558	0.1018E+26
0.1654	0.9791E+25
0.1754	0.9423E+25
0.1861	0.9062E+25
0.1972	0.8720E+25
0.2089	0.8392E+25
0.2212	0.8076E+25
0.2341	0.7772E+25
0.2478	0.7480E+25
0.2622	0.7198E+25
0.2774	0.6927E+25
0.2936	0.6663E+25
0.3103	0.6413E+25
0.3282	0.6171E+25
0.3472	0.5935E+25
0.3670	0.5710E+25
0.3880	0.5494E+25
0.4102	0.5286E+25
0.4336	0.5085E+25
0.4584	0.4892E+25
0.4846	0.4706E+25
0.5122	0.4528E+25
0.5416	0.4356E+25
0.5728	0.4190E+25
0.6058	0.4030E+25
0.6408	0.3877E+25
0.6780	0.3729E+25
0.7173	0.3588E+25
0.7592	0.3451E+25
0.8037	0.3320E+25
0.8511	0.3193E+25
0.9016	0.3072E+25
0.9553	0.2954E+25
1.012	0.2842E+25
1.073	0.2733E+25
1.138	0.2629E+25
1.207	0.2529E+25
1.280	0.2432E+25
1.357	0.2339E+25
1.440	0.2249E+25
1.528	0.2162E+25
1.621	0.2079E+25
1.719	0.1999E+25
1.823	0.1922E+25
1.933	0.1848E+25
2.050	0.1777E+25
2.173	0.1708E+25
2.303	0.1643E+25
2.441	0.1579E+25
2.588	0.1518E+25
2.742	0.1460E+25
2.906	0.1405E+25
3.081	0.1353E+25
3.270	0.1303E+25
3.473	0.1257E+25
3.698	0.1213E+25
3.952	0.1172E+25
4.241	0.1135E+25
4.582	0.1102E+25
4.998	0.1073E+25
5.531	0.1049E+25
6.260	0.1030E+25
7.335	0.1017E+25
9.034	0.1005E+25
11.75	0.9913E+24
15.71	0.9700E+24
20.88	0.9433E+24
27.20	0.9150E+24
34.68	0.8877E+24
43.40	0.8626E+24
53.41	0.8402E+24
64.77	0.8203E+24
77.54	0.8025E+24
91.71	0.7865E+24
107.2	0.7719E+24
124.1	0.7583E+24
142.2	0.7457E+24
161.6	0.7339E+24
182.0	0.7227E+24
203.4	0.7122E+24
225.7	0.7023E+24
248.9	0.6930E+24
272.9	0.6842E+24
297.6	0.6759E+24
322.8	0.6681E+24
348.8	0.6608E+24
375.4	0.6539E+24
402.4	0.6474E+24
429.9	0.6413E+24
457.8	0.6356E+24
486.3	0.6302E+24
515.2	0.6250E+24
544.5	0.6202E+24
574.3	0.6155E+24
604.4	0.6112E+24
634.9	0.6071E+24
665.7	0.6032E+24
697.0	0.5995E+24
728.7	0.5958E+24
760.7	0.5923E+24
793.2	0.5890E+24
826.0	0.5858E+24
859.2	0.5826E+24
892.8	0.5795E+24
926.9	0.5764E+24
961.3	0.5736E+24
996.1	0.5707E+24
1031.	0.5679E+24
1067.	0.5651E+24
1103.	0.5625E+24
1140.	0.5598E+24
1177.	0.5572E+24
1215.	0.5546E+24
1253.	0.5519E+24
1292.	0.5494E+24
1331.	0.5470E+24
1370.	0.5444E+24
1411.	0.5419E+24
1451.	0.5394E+24
1493.	0.5370E+24
1535.	0.5345E+24
1577.	0.5321E+24
1621.	0.5296E+24
1664.	0.5272E+24
1709.	0.5247E+24
1754.	0.5222E+24
1800.	0.5199E+24
1847.	0.5174E+24
1894.	0.5150E+24
1942.	0.5125E+24
1990.	0.5102E+24
2040.	0.5077E+24
2090.	0.5053E+24
2141.	0.5029E+24
2193.	0.5006E+24
2246.	0.4981E+24
2299.	0.4958E+24
2353.	0.4935E+24
2408.	0.4911E+24
2464.	0.4888E+24
2521.	0.4863E+24
2579.	0.4841E+24
2637.	0.4817E+24
2697.	0.4795E+24
2757.	0.4771E+24
2818.	0.4749E+24
2880.	0.4727E+24
2944.	0.4703E+24
3008.	0.4682E+24
3073.	0.4659E+24
3139.	0.4637E+24
3205.	0.4617E+24
3274.	0.4595E+24
3342.	0.4573E+24
3412.	0.4552E+24
3483.	0.4532E+24
3555.	0.4511E+24
 
 
E/N (Td)	Diffusion coefficient *N (1/m/s)
0.1174E-02	0.3787E+26
0.1686E-02	0.3797E+26
0.2194E-02	0.3801E+26
0.2731E-02	0.3800E+26
0.3325E-02	0.3792E+26
0.3999E-02	0.3777E+26
0.4765E-02	0.3754E+26
0.5633E-02	0.3732E+26
0.6605E-02	0.3696E+26
0.7724E-02	0.3653E+26
0.8968E-02	0.3605E+26
0.1035E-01	0.3554E+26
0.1188E-01	0.3516E+26
0.1355E-01	0.3462E+26
0.1536E-01	0.3403E+26
0.1732E-01	0.3327E+26
0.1943E-01	0.3267E+26
0.2169E-01	0.3207E+26
0.2410E-01	0.3147E+26
0.2669E-01	0.3088E+26
0.2944E-01	0.3031E+26
0.3235E-01	0.2972E+26
0.3545E-01	0.2915E+26
0.3872E-01	0.2859E+26
0.4219E-01	0.2804E+26
0.4585E-01	0.2750E+26
0.4970E-01	0.2697E+26
0.5377E-01	0.2646E+26
0.5805E-01	0.2596E+26
0.6256E-01	0.2547E+26
0.6730E-01	0.2500E+26
0.7227E-01	0.2454E+26
0.7750E-01	0.2410E+26
0.8299E-01	0.2367E+26
0.8877E-01	0.2326E+26
0.9483E-01	0.2286E+26
0.1012	0.2248E+26
0.1079	0.2212E+26
0.1149	0.2177E+26
0.1222	0.2145E+26
0.1299	0.2108E+26
0.1382	0.2069E+26
0.1468	0.2030E+26
0.1558	0.1994E+26
0.1654	0.1958E+26
0.1754	0.1925E+26
0.1861	0.1892E+26
0.1972	0.1862E+26
0.2089	0.1832E+26
0.2212	0.1803E+26
0.2341	0.1775E+26
0.2478	0.1748E+26
0.2622	0.1721E+26
0.2774	0.1696E+26
0.2936	0.1671E+26
0.3103	0.1637E+26
0.3282	0.1611E+26
0.3472	0.1586E+26
0.3670	0.1561E+26
0.3880	0.1536E+26
0.4102	0.1512E+26
0.4336	0.1489E+26
0.4584	0.1465E+26
0.4846	0.1443E+26
0.5122	0.1421E+26
0.5416	0.1399E+26
0.5728	0.1377E+26
0.6058	0.1356E+26
0.6408	0.1335E+26
0.6780	0.1315E+26
0.7173	0.1295E+26
0.7592	0.1276E+26
0.8037	0.1257E+26
0.8511	0.1238E+26
0.9016	0.1219E+26
0.9553	0.1201E+26
1.012	0.1183E+26
1.073	0.1165E+26
1.138	0.1147E+26
1.207	0.1130E+26
1.280	0.1113E+26
1.357	0.1097E+26
1.440	0.1080E+26
1.528	0.1064E+26
1.621	0.1048E+26
1.719	0.1032E+26
1.823	0.1017E+26
1.933	0.1001E+26
2.050	0.9862E+25
2.173	0.9713E+25
2.303	0.9566E+25
2.441	0.9421E+25
2.588	0.9276E+25
2.742	0.9135E+25
2.906	0.8997E+25
3.081	0.8861E+25
3.270	0.8728E+25
3.473	0.8599E+25
3.698	0.8471E+25
3.952	0.8346E+25
4.241	0.8225E+25
4.582	0.8109E+25
4.998	0.7998E+25
5.531	0.7894E+25
6.260	0.7797E+25
7.335	0.7708E+25
9.034	0.7627E+25
11.75	0.7546E+25
15.71	0.7460E+25
20.88	0.7369E+25
27.20	0.7277E+25
34.68	0.7187E+25
43.40	0.7099E+25
53.41	0.7014E+25
64.77	0.6928E+25
77.54	0.6840E+25
91.71	0.6750E+25
107.2	0.6658E+25
124.1	0.6565E+25
142.2	0.6473E+25
161.6	0.6386E+25
182.0	0.6303E+25
203.4	0.6228E+25
225.7	0.6160E+25
248.9	0.6100E+25
272.9	0.6047E+25
297.6	0.6000E+25
322.8	0.5961E+25
348.8	0.5929E+25
375.4	0.5903E+25
402.4	0.5883E+25
429.9	0.5869E+25
457.8	0.5862E+25
486.3	0.5859E+25
515.2	0.5862E+25
544.5	0.5871E+25
574.3	0.5884E+25
604.4	0.5903E+25
634.9	0.5927E+25
665.7	0.5957E+25
697.0	0.5990E+25
728.7	0.6028E+25
760.7	0.6070E+25
793.2	0.6118E+25
826.0	0.6169E+25
859.2	0.6225E+25
892.8	0.6284E+25
926.9	0.6347E+25
961.3	0.6416E+25
996.1	0.6488E+25
1031.	0.6563E+25
1067.	0.6643E+25
1103.	0.6727E+25
1140.	0.6815E+25
1177.	0.6907E+25
1215.	0.7001E+25
1253.	0.7099E+25
1292.	0.7202E+25
1331.	0.7309E+25
1370.	0.7418E+25
1411.	0.7532E+25
1451.	0.7649E+25
1493.	0.7771E+25
1535.	0.7894E+25
1577.	0.8023E+25
1621.	0.8154E+25
1664.	0.8289E+25
1709.	0.8428E+25
1754.	0.8570E+25
1800.	0.8717E+25
1847.	0.8867E+25
1894.	0.9021E+25
1942.	0.9178E+25
1990.	0.9341E+25
2040.	0.9505E+25
2090.	0.9673E+25
2141.	0.9847E+25
2193.	0.1003E+26
2246.	0.1021E+26
2299.	0.1039E+26
2353.	0.1058E+26
2408.	0.1077E+26
2464.	0.1097E+26
2521.	0.1118E+26
2579.	0.1139E+26
2637.	0.1160E+26
2697.	0.1181E+26
2757.	0.1203E+26
2818.	0.1226E+26
2880.	0.1250E+26
2944.	0.1273E+26
3008.	0.1297E+26
3073.	0.1322E+26
3139.	0.1347E+26
3205.	0.1374E+26
3274.	0.1400E+26
3342.	0.1427E+26
3412.	0.1455E+26
3483.	0.1484E+26
3555.	0.1512E+26
 
 
E/N (Td)	Energy mobility *N (1/m/V/s)
0.1174E-02	0.1178E+27
0.1686E-02	0.1106E+27
0.2194E-02	0.1036E+27
0.2731E-02	0.9699E+26
0.3325E-02	0.9075E+26
0.3999E-02	0.8486E+26
0.4765E-02	0.7940E+26
0.5633E-02	0.7439E+26
0.6605E-02	0.6980E+26
0.7724E-02	0.6552E+26
0.8968E-02	0.6162E+26
0.1035E-01	0.5803E+26
0.1188E-01	0.5475E+26
0.1355E-01	0.5174E+26
0.1536E-01	0.4898E+26
0.1732E-01	0.4645E+26
0.1943E-01	0.4410E+26
0.2169E-01	0.4192E+26
0.2410E-01	0.3990E+26
0.2669E-01	0.3802E+26
0.2944E-01	0.3626E+26
0.3235E-01	0.3463E+26
0.3545E-01	0.3309E+26
0.3872E-01	0.3166E+26
0.4219E-01	0.3031E+26
0.4585E-01	0.2904E+26
0.4970E-01	0.2784E+26
0.5377E-01	0.2671E+26
0.5805E-01	0.2563E+26
0.6256E-01	0.2462E+26
0.6730E-01	0.2366E+26
0.7227E-01	0.2274E+26
0.7750E-01	0.2187E+26
0.8299E-01	0.2104E+26
0.8877E-01	0.2025E+26
0.9483E-01	0.1949E+26
0.1012	0.1877E+26
0.1079	0.1807E+26
0.1149	0.1741E+26
0.1222	0.1677E+26
0.1299	0.1615E+26
0.1382	0.1556E+26
0.1468	0.1499E+26
0.1558	0.1445E+26
0.1654	0.1392E+26
0.1754	0.1341E+26
0.1861	0.1292E+26
0.1972	0.1245E+26
0.2089	0.1199E+26
0.2212	0.1156E+26
0.2341	0.1113E+26
0.2478	0.1073E+26
0.2622	0.1033E+26
0.2774	0.9952E+25
0.2936	0.9584E+25
0.3103	0.9232E+25
0.3282	0.8891E+25
0.3472	0.8560E+25
0.3670	0.8243E+25
0.3880	0.7937E+25
0.4102	0.7641E+25
0.4336	0.7356E+25
0.4584	0.7081E+25
0.4846	0.6815E+25
0.5122	0.6559E+25
0.5416	0.6311E+25
0.5728	0.6072E+25
0.6058	0.5842E+25
0.6408	0.5619E+25
0.6780	0.5404E+25
0.7173	0.5198E+25
0.7592	0.4997E+25
0.8037	0.4805E+25
0.8511	0.4618E+25
0.9016	0.4439E+25
0.9553	0.4265E+25
1.012	0.4098E+25
1.073	0.3937E+25
1.138	0.3782E+25
1.207	0.3632E+25
1.280	0.3488E+25
1.357	0.3350E+25
1.440	0.3217E+25
1.528	0.3088E+25
1.621	0.2965E+25
1.719	0.2847E+25
1.823	0.2734E+25
1.933	0.2625E+25
2.050	0.2521E+25
2.173	0.2421E+25
2.303	0.2325E+25
2.441	0.2234E+25
2.588	0.2146E+25
2.742	0.2063E+25
2.906	0.1984E+25
3.081	0.1909E+25
3.270	0.1837E+25
3.473	0.1770E+25
3.698	0.1705E+25
3.952	0.1645E+25
4.241	0.1588E+25
4.582	0.1534E+25
4.998	0.1484E+25
5.531	0.1439E+25
6.260	0.1397E+25
7.335	0.1360E+25
9.034	0.1327E+25
11.75	0.1296E+25
15.71	0.1266E+25
20.88	0.1237E+25
27.20	0.1210E+25
34.68	0.1184E+25
43.40	0.1160E+25
53.41	0.1139E+25
64.77	0.1120E+25
77.54	0.1103E+25
91.71	0.1088E+25
107.2	0.1075E+25
124.1	0.1063E+25
142.2	0.1052E+25
161.6	0.1043E+25
182.0	0.1034E+25
203.4	0.1027E+25
225.7	0.1019E+25
248.9	0.1013E+25
272.9	0.1007E+25
297.6	0.1001E+25
322.8	0.9963E+24
348.8	0.9916E+24
375.4	0.9872E+24
402.4	0.9830E+24
429.9	0.9790E+24
457.8	0.9754E+24
486.3	0.9719E+24
515.2	0.9684E+24
544.5	0.9652E+24
574.3	0.9620E+24
604.4	0.9590E+24
634.9	0.9560E+24
665.7	0.9534E+24
697.0	0.9505E+24
728.7	0.9475E+24
760.7	0.9447E+24
793.2	0.9418E+24
826.0	0.9390E+24
859.2	0.9361E+24
892.8	0.9331E+24
926.9	0.9301E+24
961.3	0.9271E+24
996.1	0.9241E+24
1031.	0.9209E+24
1067.	0.9178E+24
1103.	0.9147E+24
1140.	0.9115E+24
1177.	0.9083E+24
1215.	0.9049E+24
1253.	0.9014E+24
1292.	0.8981E+24
1331.	0.8947E+24
1370.	0.8911E+24
1411.	0.8876E+24
1451.	0.8840E+24
1493.	0.8804E+24
1535.	0.8767E+24
1577.	0.8730E+24
1621.	0.8692E+24
1664.	0.8655E+24
1709.	0.8617E+24
1754.	0.8578E+24
1800.	0.8540E+24
1847.	0.8501E+24
1894.	0.8463E+24
1942.	0.8424E+24
1990.	0.8386E+24
2040.	0.8346E+24
2090.	0.8307E+24
2141.	0.8269E+24
2193.	0.8230E+24
2246.	0.8191E+24
2299.	0.8153E+24
2353.	0.8115E+24
2408.	0.8077E+24
2464.	0.8040E+24
2521.	0.8001E+24
2579.	0.7965E+24
2637.	0.7927E+24
2697.	0.7891E+24
2757.	0.7855E+24
2818.	0.7820E+24
2880.	0.7785E+24
2944.	0.7749E+24
3008.	0.7715E+24
3073.	0.7681E+24
3139.	0.7648E+24
3205.	0.7616E+24
3274.	0.7583E+24
3342.	0.7552E+24
3412.	0.7520E+24
3483.	0.7490E+24
3555.	0.7460E+24
 
 
E/N (Td)	Energy diffusion coef. D*N (1/m/s)
0.1174E-02	0.3261E+26
0.1686E-02	0.3234E+26
0.2194E-02	0.3205E+26
0.2731E-02	0.3172E+26
0.3325E-02	0.3135E+26
0.3999E-02	0.3094E+26
0.4765E-02	0.3049E+26
0.5633E-02	0.3000E+26
0.6605E-02	0.2949E+26
0.7724E-02	0.2894E+26
0.8968E-02	0.2837E+26
0.1035E-01	0.2779E+26
0.1188E-01	0.2727E+26
0.1355E-01	0.2669E+26
0.1536E-01	0.2609E+26
0.1732E-01	0.2546E+26
0.1943E-01	0.2488E+26
0.2169E-01	0.2431E+26
0.2410E-01	0.2375E+26
0.2669E-01	0.2321E+26
0.2944E-01	0.2269E+26
0.3235E-01	0.2217E+26
0.3545E-01	0.2168E+26
0.3872E-01	0.2119E+26
0.4219E-01	0.2072E+26
0.4585E-01	0.2027E+26
0.4970E-01	0.1984E+26
0.5377E-01	0.1941E+26
0.5805E-01	0.1901E+26
0.6256E-01	0.1861E+26
0.6730E-01	0.1824E+26
0.7227E-01	0.1787E+26
0.7750E-01	0.1752E+26
0.8299E-01	0.1719E+26
0.8877E-01	0.1686E+26
0.9483E-01	0.1655E+26
0.1012	0.1625E+26
0.1079	0.1596E+26
0.1149	0.1568E+26
0.1222	0.1542E+26
0.1299	0.1515E+26
0.1382	0.1488E+26
0.1468	0.1462E+26
0.1558	0.1437E+26
0.1654	0.1413E+26
0.1754	0.1389E+26
0.1861	0.1367E+26
0.1972	0.1345E+26
0.2089	0.1324E+26
0.2212	0.1303E+26
0.2341	0.1283E+26
0.2478	0.1264E+26
0.2622	0.1245E+26
0.2774	0.1226E+26
0.2936	0.1208E+26
0.3103	0.1188E+26
0.3282	0.1171E+26
0.3472	0.1153E+26
0.3670	0.1136E+26
0.3880	0.1120E+26
0.4102	0.1103E+26
0.4336	0.1087E+26
0.4584	0.1071E+26
0.4846	0.1056E+26
0.5122	0.1041E+26
0.5416	0.1026E+26
0.5728	0.1011E+26
0.6058	0.9962E+25
0.6408	0.9818E+25
0.6780	0.9677E+25
0.7173	0.9536E+25
0.7592	0.9398E+25
0.8037	0.9262E+25
0.8511	0.9127E+25
0.9016	0.8994E+25
0.9553	0.8862E+25
1.012	0.8731E+25
1.073	0.8602E+25
1.138	0.8474E+25
1.207	0.8347E+25
1.280	0.8222E+25
1.357	0.8098E+25
1.440	0.7975E+25
1.528	0.7854E+25
1.621	0.7733E+25
1.719	0.7614E+25
1.823	0.7497E+25
1.933	0.7380E+25
2.050	0.7266E+25
2.173	0.7153E+25
2.303	0.7041E+25
2.441	0.6931E+25
2.588	0.6823E+25
2.742	0.6717E+25
2.906	0.6613E+25
3.081	0.6510E+25
3.270	0.6410E+25
3.473	0.6312E+25
3.698	0.6216E+25
3.952	0.6122E+25
4.241	0.6031E+25
4.582	0.5942E+25
4.998	0.5856E+25
5.531	0.5772E+25
6.260	0.5692E+25
7.335	0.5615E+25
9.034	0.5543E+25
11.75	0.5478E+25
15.71	0.5419E+25
20.88	0.5366E+25
27.20	0.5319E+25
34.68	0.5277E+25
43.40	0.5242E+25
53.41	0.5213E+25
64.77	0.5190E+25
77.54	0.5174E+25
91.71	0.5165E+25
107.2	0.5163E+25
124.1	0.5168E+25
142.2	0.5180E+25
161.6	0.5200E+25
182.0	0.5228E+25
203.4	0.5263E+25
225.7	0.5306E+25
248.9	0.5357E+25
272.9	0.5416E+25
297.6	0.5481E+25
322.8	0.5554E+25
348.8	0.5634E+25
375.4	0.5722E+25
402.4	0.5816E+25
429.9	0.5917E+25
457.8	0.6025E+25
486.3	0.6141E+25
515.2	0.6262E+25
544.5	0.6391E+25
574.3	0.6525E+25
604.4	0.6667E+25
634.9	0.6815E+25
665.7	0.6973E+25
697.0	0.7134E+25
728.7	0.7301E+25
760.7	0.7474E+25
793.2	0.7654E+25
826.0	0.7840E+25
859.2	0.8031E+25
892.8	0.8227E+25
926.9	0.8430E+25
961.3	0.8639E+25
996.1	0.8853E+25
1031.	0.9071E+25
1067.	0.9297E+25
1103.	0.9528E+25
1140.	0.9764E+25
1177.	0.1001E+26
1215.	0.1025E+26
1253.	0.1050E+26
1292.	0.1076E+26
1331.	0.1102E+26
1370.	0.1129E+26
1411.	0.1157E+26
1451.	0.1185E+26
1493.	0.1213E+26
1535.	0.1242E+26
1577.	0.1272E+26
1621.	0.1302E+26
1664.	0.1333E+26
1709.	0.1365E+26
1754.	0.1397E+26
1800.	0.1430E+26
1847.	0.1463E+26
1894.	0.1497E+26
1942.	0.1532E+26
1990.	0.1568E+26
2040.	0.1605E+26
2090.	0.1642E+26
2141.	0.1680E+26
2193.	0.1719E+26
2246.	0.1759E+26
2299.	0.1799E+26
2353.	0.1841E+26
2408.	0.1884E+26
2464.	0.1928E+26
2521.	0.1973E+26
2579.	0.2018E+26
2637.	0.2066E+26
2697.	0.2114E+26
2757.	0.2164E+26
2818.	0.2215E+26
2880.	0.2267E+26
2944.	0.2321E+26
3008.	0.2375E+26
3073.	0.2432E+26
3139.	0.2491E+26
3205.	0.2550E+26
3274.	0.2612E+26
3342.	0.2676E+26
3412.	0.2741E+26
3483.	0.2808E+26
3555.	0.2877E+26
 
 
E/N (Td)	Total collision freq. /N (m3/s)
0.1174E-02	0.2320E-14
0.1686E-02	0.2370E-14
0.2194E-02	0.2422E-14
0.2731E-02	0.2479E-14
0.3325E-02	0.2540E-14
0.3999E-02	0.2606E-14
0.4765E-02	0.2678E-14
0.5633E-02	0.2756E-14
0.6605E-02	0.2840E-14
0.7724E-02	0.2932E-14
0.8968E-02	0.3031E-14
0.1035E-01	0.3138E-14
0.1188E-01	0.3252E-14
0.1355E-01	0.3373E-14
0.1536E-01	0.3502E-14
0.1732E-01	0.3638E-14
0.1943E-01	0.3781E-14
0.2169E-01	0.3932E-14
0.2410E-01	0.4089E-14
0.2669E-01	0.4254E-14
0.2944E-01	0.4426E-14
0.3235E-01	0.4605E-14
0.3545E-01	0.4791E-14
0.3872E-01	0.4985E-14
0.4219E-01	0.5187E-14
0.4585E-01	0.5396E-14
0.4970E-01	0.5613E-14
0.5377E-01	0.5838E-14
0.5805E-01	0.6071E-14
0.6256E-01	0.6313E-14
0.6730E-01	0.6563E-14
0.7227E-01	0.6822E-14
0.7750E-01	0.7089E-14
0.8299E-01	0.7367E-14
0.8877E-01	0.7654E-14
0.9483E-01	0.7950E-14
0.1012	0.8257E-14
0.1079	0.8575E-14
0.1149	0.8903E-14
0.1222	0.9243E-14
0.1299	0.9594E-14
0.1382	0.9965E-14
0.1468	0.1034E-13
0.1558	0.1073E-13
0.1654	0.1115E-13
0.1754	0.1157E-13
0.1861	0.1201E-13
0.1972	0.1246E-13
0.2089	0.1293E-13
0.2212	0.1342E-13
0.2341	0.1393E-13
0.2478	0.1445E-13
0.2622	0.1499E-13
0.2774	0.1556E-13
0.2936	0.1615E-13
0.3103	0.1676E-13
0.3282	0.1739E-13
0.3472	0.1805E-13
0.3670	0.1874E-13
0.3880	0.1945E-13
0.4102	0.2019E-13
0.4336	0.2095E-13
0.4584	0.2175E-13
0.4846	0.2258E-13
0.5122	0.2344E-13
0.5416	0.2434E-13
0.5728	0.2528E-13
0.6058	0.2626E-13
0.6408	0.2727E-13
0.6780	0.2833E-13
0.7173	0.2943E-13
0.7592	0.3058E-13
0.8037	0.3177E-13
0.8511	0.3302E-13
0.9016	0.3433E-13
0.9553	0.3569E-13
1.012	0.3711E-13
1.073	0.3859E-13
1.138	0.4014E-13
1.207	0.4175E-13
1.280	0.4344E-13
1.357	0.4520E-13
1.440	0.4704E-13
1.528	0.4897E-13
1.621	0.5097E-13
1.719	0.5306E-13
1.823	0.5524E-13
1.933	0.5751E-13
2.050	0.5988E-13
2.173	0.6235E-13
2.303	0.6491E-13
2.441	0.6758E-13
2.588	0.7039E-13
2.742	0.7327E-13
2.906	0.7626E-13
3.081	0.7935E-13
3.270	0.8256E-13
3.473	0.8586E-13
3.698	0.8929E-13
3.952	0.9284E-13
4.241	0.9650E-13
4.582	0.1003E-12
4.998	0.1042E-12
5.531	0.1082E-12
6.260	0.1123E-12
7.335	0.1165E-12
9.034	0.1207E-12
11.75	0.1250E-12
15.71	0.1292E-12
20.88	0.1333E-12
27.20	0.1374E-12
34.68	0.1415E-12
43.40	0.1456E-12
53.41	0.1495E-12
64.77	0.1535E-12
77.54	0.1573E-12
91.71	0.1611E-12
107.2	0.1648E-12
124.1	0.1684E-12
142.2	0.1719E-12
161.6	0.1754E-12
182.0	0.1787E-12
203.4	0.1819E-12
225.7	0.1851E-12
248.9	0.1881E-12
272.9	0.1911E-12
297.6	0.1940E-12
322.8	0.1968E-12
348.8	0.1996E-12
375.4	0.2022E-12
402.4	0.2049E-12
429.9	0.2074E-12
457.8	0.2099E-12
486.3	0.2123E-12
515.2	0.2146E-12
544.5	0.2169E-12
574.3	0.2191E-12
604.4	0.2213E-12
634.9	0.2234E-12
665.7	0.2254E-12
697.0	0.2274E-12
728.7	0.2294E-12
760.7	0.2313E-12
793.2	0.2331E-12
826.0	0.2349E-12
859.2	0.2367E-12
892.8	0.2384E-12
926.9	0.2400E-12
961.3	0.2417E-12
996.1	0.2433E-12
1031.	0.2448E-12
1067.	0.2463E-12
1103.	0.2478E-12
1140.	0.2492E-12
1177.	0.2506E-12
1215.	0.2520E-12
1253.	0.2534E-12
1292.	0.2547E-12
1331.	0.2560E-12
1370.	0.2572E-12
1411.	0.2585E-12
1451.	0.2597E-12
1493.	0.2608E-12
1535.	0.2620E-12
1577.	0.2631E-12
1621.	0.2642E-12
1664.	0.2653E-12
1709.	0.2664E-12
1754.	0.2674E-12
1800.	0.2685E-12
1847.	0.2695E-12
1894.	0.2705E-12
1942.	0.2714E-12
1990.	0.2724E-12
2040.	0.2733E-12
2090.	0.2742E-12
2141.	0.2751E-12
2193.	0.2760E-12
2246.	0.2769E-12
2299.	0.2777E-12
2353.	0.2785E-12
2408.	0.2794E-12
2464.	0.2802E-12
2521.	0.2810E-12
2579.	0.2817E-12
2637.	0.2825E-12
2697.	0.2832E-12
2757.	0.2840E-12
2818.	0.2847E-12
2880.	0.2854E-12
2944.	0.2861E-12
3008.	0.2868E-12
3073.	0.2874E-12
3139.	0.2881E-12
3205.	0.2888E-12
3274.	0.2894E-12
3342.	0.2900E-12
3412.	0.2906E-12
3483.	0.2912E-12
3555.	0.2918E-12
 
 
E/N (Td)	Momentum frequency /N (m3/s)
0.1174E-02	0.1327E-14
0.1686E-02	0.1436E-14
0.2194E-02	0.1561E-14
0.2731E-02	0.1702E-14
0.3325E-02	0.1863E-14
0.3999E-02	0.2043E-14
0.4765E-02	0.2241E-14
0.5633E-02	0.2455E-14
0.6605E-02	0.2684E-14
0.7724E-02	0.2933E-14
0.8968E-02	0.3193E-14
0.1035E-01	0.3464E-14
0.1188E-01	0.3748E-14
0.1355E-01	0.4038E-14
0.1536E-01	0.4337E-14
0.1732E-01	0.4640E-14
0.1943E-01	0.4954E-14
0.2169E-01	0.5276E-14
0.2410E-01	0.5606E-14
0.2669E-01	0.5943E-14
0.2944E-01	0.6290E-14
0.3235E-01	0.6644E-14
0.3545E-01	0.7005E-14
0.3872E-01	0.7375E-14
0.4219E-01	0.7754E-14
0.4585E-01	0.8142E-14
0.4970E-01	0.8540E-14
0.5377E-01	0.8947E-14
0.5805E-01	0.9364E-14
0.6256E-01	0.9792E-14
0.6730E-01	0.1023E-13
0.7227E-01	0.1068E-13
0.7750E-01	0.1114E-13
0.8299E-01	0.1162E-13
0.8877E-01	0.1211E-13
0.9483E-01	0.1261E-13
0.1012	0.1313E-13
0.1079	0.1366E-13
0.1149	0.1421E-13
0.1222	0.1478E-13
0.1299	0.1537E-13
0.1382	0.1599E-13
0.1468	0.1662E-13
0.1558	0.1728E-13
0.1654	0.1796E-13
0.1754	0.1867E-13
0.1861	0.1941E-13
0.1972	0.2017E-13
0.2089	0.2096E-13
0.2212	0.2178E-13
0.2341	0.2263E-13
0.2478	0.2351E-13
0.2622	0.2443E-13
0.2774	0.2539E-13
0.2936	0.2640E-13
0.3103	0.2743E-13
0.3282	0.2850E-13
0.3472	0.2964E-13
0.3670	0.3080E-13
0.3880	0.3201E-13
0.4102	0.3328E-13
0.4336	0.3459E-13
0.4584	0.3595E-13
0.4846	0.3737E-13
0.5122	0.3884E-13
0.5416	0.4038E-13
0.5728	0.4198E-13
0.6058	0.4364E-13
0.6408	0.4537E-13
0.6780	0.4717E-13
0.7173	0.4902E-13
0.7592	0.5097E-13
0.8037	0.5298E-13
0.8511	0.5508E-13
0.9016	0.5726E-13
0.9553	0.5953E-13
1.012	0.6189E-13
1.073	0.6435E-13
1.138	0.6690E-13
1.207	0.6956E-13
1.280	0.7232E-13
1.357	0.7520E-13
1.440	0.7821E-13
1.528	0.8133E-13
1.621	0.8458E-13
1.719	0.8797E-13
1.823	0.9149E-13
1.933	0.9516E-13
2.050	0.9899E-13
2.173	0.1030E-12
2.303	0.1071E-12
2.441	0.1114E-12
2.588	0.1158E-12
2.742	0.1204E-12
2.906	0.1252E-12
3.081	0.1300E-12
3.270	0.1350E-12
3.473	0.1399E-12
3.698	0.1450E-12
3.952	0.1500E-12
4.241	0.1549E-12
4.582	0.1596E-12
4.998	0.1639E-12
5.531	0.1677E-12
6.260	0.1707E-12
7.335	0.1730E-12
9.034	0.1749E-12
11.75	0.1774E-12
15.71	0.1813E-12
20.88	0.1865E-12
27.20	0.1922E-12
34.68	0.1981E-12
43.40	0.2039E-12
53.41	0.2093E-12
64.77	0.2144E-12
77.54	0.2192E-12
91.71	0.2236E-12
107.2	0.2279E-12
124.1	0.2319E-12
142.2	0.2359E-12
161.6	0.2397E-12
182.0	0.2434E-12
203.4	0.2470E-12
225.7	0.2504E-12
248.9	0.2538E-12
272.9	0.2571E-12
297.6	0.2602E-12
322.8	0.2633E-12
348.8	0.2662E-12
375.4	0.2690E-12
402.4	0.2717E-12
429.9	0.2743E-12
457.8	0.2767E-12
486.3	0.2791E-12
515.2	0.2814E-12
544.5	0.2836E-12
574.3	0.2857E-12
604.4	0.2878E-12
634.9	0.2897E-12
665.7	0.2916E-12
697.0	0.2934E-12
728.7	0.2952E-12
760.7	0.2969E-12
793.2	0.2986E-12
826.0	0.3003E-12
859.2	0.3019E-12
892.8	0.3035E-12
926.9	0.3051E-12
961.3	0.3066E-12
996.1	0.3082E-12
1031.	0.3097E-12
1067.	0.3112E-12
1103.	0.3127E-12
1140.	0.3142E-12
1177.	0.3156E-12
1215.	0.3171E-12
1253.	0.3187E-12
1292.	0.3201E-12
1331.	0.3216E-12
1370.	0.3231E-12
1411.	0.3246E-12
1451.	0.3261E-12
1493.	0.3275E-12
1535.	0.3291E-12
1577.	0.3306E-12
1621.	0.3321E-12
1664.	0.3336E-12
1709.	0.3352E-12
1754.	0.3368E-12
1800.	0.3383E-12
1847.	0.3399E-12
1894.	0.3415E-12
1942.	0.3432E-12
1990.	0.3447E-12
2040.	0.3464E-12
2090.	0.3481E-12
2141.	0.3497E-12
2193.	0.3513E-12
2246.	0.3531E-12
2299.	0.3547E-12
2353.	0.3564E-12
2408.	0.3582E-12
2464.	0.3598E-12
2521.	0.3617E-12
2579.	0.3633E-12
2637.	0.3651E-12
2697.	0.3668E-12
2757.	0.3686E-12
2818.	0.3704E-12
2880.	0.3721E-12
2944.	0.3740E-12
3008.	0.3757E-12
3073.	0.3775E-12
3139.	0.3793E-12
3205.	0.3810E-12
3274.	0.3828E-12
3342.	0.3846E-12
3412.	0.3864E-12
3483.	0.3881E-12
3555.	0.3899E-12
 
 
E/N (Td)	Total ionization freq. /N (m3/s)
0.1174E-02	0.4040E-25
0.1686E-02	0.4203E-25
0.2194E-02	0.4376E-25
0.2731E-02	0.4561E-25
0.3325E-02	0.4762E-25
0.3999E-02	0.4982E-25
0.4765E-02	0.5224E-25
0.5633E-02	0.5518E-25
0.6605E-02	0.5818E-25
0.7724E-02	0.6164E-25
0.8968E-02	0.6555E-25
0.1035E-01	0.7004E-25
0.1188E-01	0.7519E-25
0.1355E-01	0.8110E-25
0.1536E-01	0.8792E-25
0.1732E-01	0.9572E-25
0.1943E-01	0.1048E-24
0.2169E-01	0.1154E-24
0.2410E-01	0.1278E-24
0.2669E-01	0.1423E-24
0.2944E-01	0.1594E-24
0.3235E-01	0.1795E-24
0.3545E-01	0.2032E-24
0.3872E-01	0.2314E-24
0.4219E-01	0.2650E-24
0.4585E-01	0.3052E-24
0.4970E-01	0.3535E-24
0.5377E-01	0.4118E-24
0.5805E-01	0.4824E-24
0.6256E-01	0.5683E-24
0.6730E-01	0.6730E-24
0.7227E-01	0.8012E-24
0.7750E-01	0.9590E-24
0.8299E-01	0.1154E-23
0.8877E-01	0.1396E-23
0.9483E-01	0.1697E-23
0.1012	0.2072E-23
0.1079	0.2543E-23
0.1149	0.3136E-23
0.1222	0.3886E-23
0.1299	0.4834E-23
0.1382	0.6070E-23
0.1468	0.7627E-23
0.1558	0.9626E-23
0.1654	0.1224E-22
0.1754	0.1557E-22
0.1861	0.1998E-22
0.1972	0.2563E-22
0.2089	0.3297E-22
0.2212	0.4255E-22
0.2341	0.5506E-22
0.2478	0.7142E-22
0.2622	0.9280E-22
0.2774	0.1208E-21
0.2936	0.1579E-21
0.3103	0.2055E-21
0.3282	0.2679E-21
0.3472	0.3502E-21
0.3670	0.4561E-21
0.3880	0.5932E-21
0.4102	0.7700E-21
0.4336	0.9970E-21
0.4584	0.1287E-20
0.4846	0.1656E-20
0.5122	0.2120E-20
0.5416	0.2706E-20
0.5728	0.3438E-20
0.6058	0.4347E-20
0.6408	0.5465E-20
0.6780	0.6833E-20
0.7173	0.8484E-20
0.7592	0.1048E-19
0.8037	0.1286E-19
0.8511	0.1570E-19
0.9016	0.1904E-19
0.9553	0.2294E-19
1.012	0.2746E-19
1.073	0.3266E-19
1.138	0.3859E-19
1.207	0.4530E-19
1.280	0.5285E-19
1.357	0.6127E-19
1.440	0.7064E-19
1.528	0.8094E-19
1.621	0.9218E-19
1.719	0.1044E-18
1.823	0.1176E-18
1.933	0.1318E-18
2.050	0.1470E-18
2.173	0.1631E-18
2.303	0.1802E-18
2.441	0.1982E-18
2.588	0.2174E-18
2.742	0.2372E-18
2.906	0.2578E-18
3.081	0.2793E-18
3.270	0.3016E-18
3.473	0.3244E-18
3.698	0.3481E-18
3.952	0.3727E-18
4.241	0.3979E-18
4.582	0.4237E-18
4.998	0.4501E-18
5.531	0.4770E-18
6.260	0.5044E-18
7.335	0.5320E-18
9.034	0.5593E-18
11.75	0.5862E-18
15.71	0.6152E-18
20.88	0.6757E-18
27.20	0.9073E-18
34.68	0.1710E-17
43.40	0.3898E-17
53.41	0.8779E-17
64.77	0.1816E-16
77.54	0.3427E-16
91.71	0.5961E-16
107.2	0.9676E-16
124.1	0.1483E-15
142.2	0.2167E-15
161.6	0.3041E-15
182.0	0.4124E-15
203.4	0.5431E-15
225.7	0.6976E-15
248.9	0.8771E-15
272.9	0.1082E-14
297.6	0.1313E-14
322.8	0.1571E-14
348.8	0.1857E-14
375.4	0.2170E-14
402.4	0.2511E-14
429.9	0.2877E-14
457.8	0.3273E-14
486.3	0.3696E-14
515.2	0.4147E-14
544.5	0.4627E-14
574.3	0.5133E-14
604.4	0.5667E-14
634.9	0.6228E-14
665.7	0.6817E-14
697.0	0.7432E-14
728.7	0.8074E-14
760.7	0.8742E-14
793.2	0.9436E-14
826.0	0.1016E-13
859.2	0.1090E-13
892.8	0.1167E-13
926.9	0.1247E-13
961.3	0.1329E-13
996.1	0.1413E-13
1031.	0.1500E-13
1067.	0.1589E-13
1103.	0.1681E-13
1140.	0.1774E-13
1177.	0.1871E-13
1215.	0.1969E-13
1253.	0.2070E-13
1292.	0.2172E-13
1331.	0.2278E-13
1370.	0.2385E-13
1411.	0.2494E-13
1451.	0.2605E-13
1493.	0.2719E-13
1535.	0.2834E-13
1577.	0.2951E-13
1621.	0.3071E-13
1664.	0.3192E-13
1709.	0.3315E-13
1754.	0.3440E-13
1800.	0.3566E-13
1847.	0.3695E-13
1894.	0.3825E-13
1942.	0.3957E-13
1990.	0.4090E-13
2040.	0.4226E-13
2090.	0.4362E-13
2141.	0.4500E-13
2193.	0.4640E-13
2246.	0.4781E-13
2299.	0.4923E-13
2353.	0.5066E-13
2408.	0.5211E-13
2464.	0.5357E-13
2521.	0.5504E-13
2579.	0.5652E-13
2637.	0.5801E-13
2697.	0.5951E-13
2757.	0.6102E-13
2818.	0.6254E-13
2880.	0.6407E-13
2944.	0.6560E-13
3008.	0.6715E-13
3073.	0.6869E-13
3139.	0.7024E-13
3205.	0.7180E-13
3274.	0.7336E-13
3342.	0.7492E-13
3412.	0.7648E-13
3483.	0.7806E-13
3555.	0.7962E-13
 
 
E/N (Td)	Townsend ioniz. coef. alpha/N (m2)
0.1174E-02	0.2598E-27
0.1686E-02	0.2035E-27
0.2194E-02	0.1770E-27
0.2731E-02	0.1617E-27
0.3325E-02	0.1516E-27
0.3999E-02	0.1447E-27
0.4765E-02	0.1397E-27
0.5633E-02	0.1367E-27
0.6605E-02	0.1344E-27
0.7724E-02	0.1331E-27
0.8968E-02	0.1327E-27
0.1035E-01	0.1332E-27
0.1188E-01	0.1349E-27
0.1355E-01	0.1374E-27
0.1536E-01	0.1411E-27
0.1732E-01	0.1458E-27
0.1943E-01	0.1520E-27
0.2169E-01	0.1597E-27
0.2410E-01	0.1690E-27
0.2669E-01	0.1802E-27
0.2944E-01	0.1937E-27
0.3235E-01	0.2095E-27
0.3545E-01	0.2283E-27
0.3872E-01	0.2506E-27
0.4219E-01	0.2769E-27
0.4585E-01	0.3082E-27
0.4970E-01	0.3454E-27
0.5377E-01	0.3896E-27
0.5805E-01	0.4424E-27
0.6256E-01	0.5057E-27
0.6730E-01	0.5817E-27
0.7227E-01	0.6732E-27
0.7750E-01	0.7839E-27
0.8299E-01	0.9184E-27
0.8877E-01	0.1082E-26
0.9483E-01	0.1283E-26
0.1012	0.1529E-26
0.1079	0.1831E-26
0.1149	0.2206E-26
0.1222	0.2672E-26
0.1299	0.3251E-26
0.1382	0.3992E-26
0.1468	0.4910E-26
0.1558	0.6068E-26
0.1654	0.7556E-26
0.1754	0.9420E-26
0.1861	0.1185E-25
0.1972	0.1490E-25
0.2089	0.1881E-25
0.2212	0.2382E-25
0.2341	0.3026E-25
0.2478	0.3853E-25
0.2622	0.4917E-25
0.2774	0.6285E-25
0.2936	0.8072E-25
0.3103	0.1032E-24
0.3282	0.1323E-24
0.3472	0.1700E-24
0.3670	0.2176E-24
0.3880	0.2782E-24
0.4102	0.3551E-24
0.4336	0.4521E-24
0.4584	0.5740E-24
0.4846	0.7262E-24
0.5122	0.9139E-24
0.5416	0.1147E-23
0.5728	0.1433E-23
0.6058	0.1780E-23
0.6408	0.2200E-23
0.6780	0.2703E-23
0.7173	0.3297E-23
0.7592	0.4001E-23
0.8037	0.4822E-23
0.8511	0.5777E-23
0.9016	0.6876E-23
0.9553	0.8129E-23
1.012	0.9545E-23
1.073	0.1113E-22
1.138	0.1290E-22
1.207	0.1485E-22
1.280	0.1698E-22
1.357	0.1930E-22
1.440	0.2181E-22
1.528	0.2450E-22
1.621	0.2735E-22
1.719	0.3037E-22
1.823	0.3355E-22
1.933	0.3688E-22
2.050	0.4035E-22
2.173	0.4394E-22
2.303	0.4763E-22
2.441	0.5142E-22
2.588	0.5533E-22
2.742	0.5923E-22
2.906	0.6314E-22
3.081	0.6700E-22
3.270	0.7077E-22
3.473	0.7432E-22
3.698	0.7760E-22
3.952	0.8045E-22
4.241	0.8263E-22
4.582	0.8391E-22
4.998	0.8392E-22
5.531	0.8221E-22
6.260	0.7820E-22
7.335	0.7135E-22
9.034	0.6158E-22
11.75	0.5034E-22
15.71	0.4038E-22
20.88	0.3431E-22
27.20	0.3646E-22
34.68	0.5555E-22
43.40	0.1041E-21
53.41	0.1956E-21
64.77	0.3418E-21
77.54	0.5507E-21
91.71	0.8264E-21
107.2	0.1169E-20
124.1	0.1576E-20
142.2	0.2043E-20
161.6	0.2565E-20
182.0	0.3135E-20
203.4	0.3749E-20
225.7	0.4400E-20
248.9	0.5084E-20
272.9	0.5795E-20
297.6	0.6530E-20
322.8	0.7283E-20
348.8	0.8054E-20
375.4	0.8840E-20
402.4	0.9636E-20
429.9	0.1044E-19
457.8	0.1125E-19
486.3	0.1206E-19
515.2	0.1288E-19
544.5	0.1370E-19
574.3	0.1452E-19
604.4	0.1534E-19
634.9	0.1616E-19
665.7	0.1697E-19
697.0	0.1779E-19
728.7	0.1860E-19
760.7	0.1940E-19
793.2	0.2020E-19
826.0	0.2099E-19
859.2	0.2178E-19
892.8	0.2256E-19
926.9	0.2333E-19
961.3	0.2410E-19
996.1	0.2485E-19
1031.	0.2561E-19
1067.	0.2635E-19
1103.	0.2708E-19
1140.	0.2780E-19
1177.	0.2852E-19
1215.	0.2923E-19
1253.	0.2993E-19
1292.	0.3062E-19
1331.	0.3129E-19
1370.	0.3196E-19
1411.	0.3262E-19
1451.	0.3328E-19
1493.	0.3391E-19
1535.	0.3455E-19
1577.	0.3517E-19
1621.	0.3578E-19
1664.	0.3638E-19
1709.	0.3697E-19
1754.	0.3755E-19
1800.	0.3811E-19
1847.	0.3867E-19
1894.	0.3922E-19
1942.	0.3976E-19
1990.	0.4028E-19
2040.	0.4079E-19
2090.	0.4129E-19
2141.	0.4178E-19
2193.	0.4226E-19
2246.	0.4273E-19
2299.	0.4318E-19
2353.	0.4363E-19
2408.	0.4406E-19
2464.	0.4448E-19
2521.	0.4489E-19
2579.	0.4528E-19
2637.	0.4566E-19
2697.	0.4603E-19
2757.	0.4639E-19
2818.	0.4673E-19
2880.	0.4706E-19
2944.	0.4738E-19
3008.	0.4768E-19
3073.	0.4798E-19
3139.	0.4826E-19
3205.	0.4852E-19
3274.	0.4878E-19
3342.	0.4902E-19
3412.	0.4924E-19
3483.	0.4945E-19
3555.	0.4966E-19
 
 
E/N (Td)	Power /N (eV m3/s)
0.1174E-02	0.1825E-21
0.1686E-02	0.3483E-21
0.2194E-02	0.5422E-21
0.2731E-02	0.7706E-21
0.3325E-02	0.1044E-20
0.3999E-02	0.1377E-20
0.4765E-02	0.1782E-20
0.5633E-02	0.2273E-20
0.6605E-02	0.2859E-20
0.7724E-02	0.3578E-20
0.8968E-02	0.4431E-20
0.1035E-01	0.5442E-20
0.1188E-01	0.6623E-20
0.1355E-01	0.7996E-20
0.1536E-01	0.9570E-20
0.1732E-01	0.1137E-19
0.1943E-01	0.1340E-19
0.2169E-01	0.1568E-19
0.2410E-01	0.1823E-19
0.2669E-01	0.2107E-19
0.2944E-01	0.2423E-19
0.3235E-01	0.2771E-19
0.3545E-01	0.3155E-19
0.3872E-01	0.3576E-19
0.4219E-01	0.4037E-19
0.4585E-01	0.4540E-19
0.4970E-01	0.5088E-19
0.5377E-01	0.5684E-19
0.5805E-01	0.6330E-19
0.6256E-01	0.7030E-19
0.6730E-01	0.7786E-19
0.7227E-01	0.8602E-19
0.7750E-01	0.9481E-19
0.8299E-01	0.1043E-18
0.8877E-01	0.1145E-18
0.9483E-01	0.1254E-18
0.1012	0.1372E-18
0.1079	0.1498E-18
0.1149	0.1633E-18
0.1222	0.1778E-18
0.1299	0.1932E-18
0.1382	0.2102E-18
0.1468	0.2281E-18
0.1558	0.2472E-18
0.1654	0.2680E-18
0.1754	0.2899E-18
0.1861	0.3139E-18
0.1972	0.3391E-18
0.2089	0.3662E-18
0.2212	0.3951E-18
0.2341	0.4261E-18
0.2478	0.4593E-18
0.2622	0.4948E-18
0.2774	0.5329E-18
0.2936	0.5743E-18
0.3103	0.6176E-18
0.3282	0.6645E-18
0.3472	0.7153E-18
0.3670	0.7693E-18
0.3880	0.8272E-18
0.4102	0.8894E-18
0.4336	0.9562E-18
0.4584	0.1028E-17
0.4846	0.1105E-17
0.5122	0.1188E-17
0.5416	0.1278E-17
0.5728	0.1375E-17
0.6058	0.1479E-17
0.6408	0.1592E-17
0.6780	0.1714E-17
0.7173	0.1846E-17
0.7592	0.1989E-17
0.8037	0.2144E-17
0.8511	0.2313E-17
0.9016	0.2497E-17
0.9553	0.2696E-17
1.012	0.2913E-17
1.073	0.3148E-17
1.138	0.3404E-17
1.207	0.3682E-17
1.280	0.3983E-17
1.357	0.4310E-17
1.440	0.4665E-17
1.528	0.5048E-17
1.621	0.5462E-17
1.719	0.5909E-17
1.823	0.6390E-17
1.933	0.6909E-17
2.050	0.7468E-17
2.173	0.8068E-17
2.303	0.8713E-17
2.441	0.9409E-17
2.588	0.1017E-16
2.742	0.1098E-16
2.906	0.1187E-16
3.081	0.1284E-16
3.270	0.1393E-16
3.473	0.1516E-16
3.698	0.1659E-16
3.952	0.1831E-16
4.241	0.2042E-16
4.582	0.2313E-16
4.998	0.2680E-16
5.531	0.3210E-16
6.260	0.4038E-16
7.335	0.5469E-16
9.034	0.8206E-16
11.75	0.1368E-15
15.71	0.2393E-15
20.88	0.4111E-15
27.20	0.6767E-15
34.68	0.1067E-14
43.40	0.1624E-14
53.41	0.2396E-14
64.77	0.3442E-14
77.54	0.4825E-14
91.71	0.6615E-14
107.2	0.8878E-14
124.1	0.1168E-13
142.2	0.1509E-13
161.6	0.1916E-13
182.0	0.2393E-13
203.4	0.2947E-13
225.7	0.3579E-13
248.9	0.4295E-13
272.9	0.5096E-13
297.6	0.5985E-13
322.8	0.6964E-13
348.8	0.8040E-13
375.4	0.9214E-13
402.4	0.1048E-12
429.9	0.1185E-12
457.8	0.1332E-12
486.3	0.1490E-12
515.2	0.1659E-12
544.5	0.1839E-12
574.3	0.2030E-12
604.4	0.2233E-12
634.9	0.2447E-12
665.7	0.2674E-12
697.0	0.2912E-12
728.7	0.3164E-12
760.7	0.3428E-12
793.2	0.3705E-12
826.0	0.3996E-12
859.2	0.4301E-12
892.8	0.4619E-12
926.9	0.4953E-12
961.3	0.5300E-12
996.1	0.5663E-12
1031.	0.6042E-12
1067.	0.6437E-12
1103.	0.6848E-12
1140.	0.7276E-12
1177.	0.7721E-12
1215.	0.8183E-12
1253.	0.8664E-12
1292.	0.9164E-12
1331.	0.9684E-12
1370.	0.1022E-11
1411.	0.1078E-11
1451.	0.1136E-11
1493.	0.1197E-11
1535.	0.1259E-11
1577.	0.1324E-11
1621.	0.1391E-11
1664.	0.1460E-11
1709.	0.1532E-11
1754.	0.1607E-11
1800.	0.1684E-11
1847.	0.1764E-11
1894.	0.1847E-11
1942.	0.1933E-11
1990.	0.2021E-11
2040.	0.2113E-11
2090.	0.2208E-11
2141.	0.2306E-11
2193.	0.2408E-11
2246.	0.2513E-11
2299.	0.2621E-11
2353.	0.2733E-11
2408.	0.2848E-11
2464.	0.2968E-11
2521.	0.3092E-11
2579.	0.3219E-11
2637.	0.3351E-11
2697.	0.3487E-11
2757.	0.3627E-11
2818.	0.3772E-11
2880.	0.3922E-11
2944.	0.4076E-11
3008.	0.4235E-11
3073.	0.4399E-11
3139.	0.4568E-11
3205.	0.4743E-11
3274.	0.4924E-11
3342.	0.5108E-11
3412.	0.5300E-11
3483.	0.5497E-11
3555.	0.5699E-11
 
 
E/N (Td)	Elastic power loss /N (eV m3/s)
0.1174E-02	0.1851E-21
0.1686E-02	0.3530E-21
0.2194E-02	0.5490E-21
0.2731E-02	0.7793E-21
0.3325E-02	0.1055E-20
0.3999E-02	0.1390E-20
0.4765E-02	0.1796E-20
0.5633E-02	0.2297E-20
0.6605E-02	0.2885E-20
0.7724E-02	0.3606E-20
0.8968E-02	0.4460E-20
0.1035E-01	0.5473E-20
0.1188E-01	0.6658E-20
0.1355E-01	0.8032E-20
0.1536E-01	0.9606E-20
0.1732E-01	0.1139E-19
0.1943E-01	0.1342E-19
0.2169E-01	0.1570E-19
0.2410E-01	0.1826E-19
0.2669E-01	0.2110E-19
0.2944E-01	0.2427E-19
0.3235E-01	0.2775E-19
0.3545E-01	0.3159E-19
0.3872E-01	0.3580E-19
0.4219E-01	0.4041E-19
0.4585E-01	0.4544E-19
0.4970E-01	0.5092E-19
0.5377E-01	0.5688E-19
0.5805E-01	0.6334E-19
0.6256E-01	0.7033E-19
0.6730E-01	0.7789E-19
0.7227E-01	0.8605E-19
0.7750E-01	0.9485E-19
0.8299E-01	0.1043E-18
0.8877E-01	0.1145E-18
0.9483E-01	0.1255E-18
0.1012	0.1372E-18
0.1079	0.1498E-18
0.1149	0.1633E-18
0.1222	0.1778E-18
0.1299	0.1933E-18
0.1382	0.2102E-18
0.1468	0.2281E-18
0.1558	0.2472E-18
0.1654	0.2680E-18
0.1754	0.2899E-18
0.1861	0.3138E-18
0.1972	0.3391E-18
0.2089	0.3661E-18
0.2212	0.3950E-18
0.2341	0.4259E-18
0.2478	0.4590E-18
0.2622	0.4944E-18
0.2774	0.5323E-18
0.2936	0.5734E-18
0.3103	0.6166E-18
0.3282	0.6631E-18
0.3472	0.7134E-18
0.3670	0.7668E-18
0.3880	0.8239E-18
0.4102	0.8850E-18
0.4336	0.9504E-18
0.4584	0.1020E-17
0.4846	0.1095E-17
0.5122	0.1175E-17
0.5416	0.1261E-17
0.5728	0.1353E-17
0.6058	0.1452E-17
0.6408	0.1558E-17
0.6780	0.1671E-17
0.7173	0.1792E-17
0.7592	0.1922E-17
0.8037	0.2061E-17
0.8511	0.2211E-17
0.9016	0.2371E-17
0.9553	0.2543E-17
1.012	0.2728E-17
1.073	0.2927E-17
1.138	0.3140E-17
1.207	0.3369E-17
1.280	0.3614E-17
1.357	0.3878E-17
1.440	0.4162E-17
1.528	0.4466E-17
1.621	0.4792E-17
1.719	0.5142E-17
1.823	0.5517E-17
1.933	0.5919E-17
2.050	0.6351E-17
2.173	0.6813E-17
2.303	0.7307E-17
2.441	0.7835E-17
2.588	0.8406E-17
2.742	0.9009E-17
2.906	0.9652E-17
3.081	0.1034E-16
3.270	0.1107E-16
3.473	0.1183E-16
3.698	0.1266E-16
3.952	0.1353E-16
4.241	0.1446E-16
4.582	0.1544E-16
4.998	0.1649E-16
5.531	0.1761E-16
6.260	0.1880E-16
7.335	0.2008E-16
9.034	0.2144E-16
11.75	0.2287E-16
15.71	0.2433E-16
20.88	0.2580E-16
27.20	0.2731E-16
34.68	0.2884E-16
43.40	0.3042E-16
53.41	0.3204E-16
64.77	0.3370E-16
77.54	0.3540E-16
91.71	0.3713E-16
107.2	0.3889E-16
124.1	0.4069E-16
142.2	0.4251E-16
161.6	0.4436E-16
182.0	0.4623E-16
203.4	0.4813E-16
225.7	0.5005E-16
248.9	0.5201E-16
272.9	0.5399E-16
297.6	0.5600E-16
322.8	0.5803E-16
348.8	0.6011E-16
375.4	0.6222E-16
402.4	0.6437E-16
429.9	0.6654E-16
457.8	0.6876E-16
486.3	0.7101E-16
515.2	0.7331E-16
544.5	0.7566E-16
574.3	0.7804E-16
604.4	0.8047E-16
634.9	0.8295E-16
665.7	0.8548E-16
697.0	0.8806E-16
728.7	0.9069E-16
760.7	0.9338E-16
793.2	0.9612E-16
826.0	0.9893E-16
859.2	0.1018E-15
892.8	0.1047E-15
926.9	0.1077E-15
961.3	0.1107E-15
996.1	0.1139E-15
1031.	0.1171E-15
1067.	0.1203E-15
1103.	0.1237E-15
1140.	0.1271E-15
1177.	0.1306E-15
1215.	0.1341E-15
1253.	0.1378E-15
1292.	0.1416E-15
1331.	0.1454E-15
1370.	0.1493E-15
1411.	0.1533E-15
1451.	0.1575E-15
1493.	0.1617E-15
1535.	0.1660E-15
1577.	0.1705E-15
1621.	0.1750E-15
1664.	0.1797E-15
1709.	0.1844E-15
1754.	0.1893E-15
1800.	0.1943E-15
1847.	0.1995E-15
1894.	0.2048E-15
1942.	0.2102E-15
1990.	0.2157E-15
2040.	0.2214E-15
2090.	0.2272E-15
2141.	0.2331E-15
2193.	0.2392E-15
2246.	0.2455E-15
2299.	0.2519E-15
2353.	0.2585E-15
2408.	0.2653E-15
2464.	0.2722E-15
2521.	0.2793E-15
2579.	0.2865E-15
2637.	0.2940E-15
2697.	0.3016E-15
2757.	0.3094E-15
2818.	0.3174E-15
2880.	0.3256E-15
2944.	0.3340E-15
3008.	0.3426E-15
3073.	0.3514E-15
3139.	0.3604E-15
3205.	0.3697E-15
3274.	0.3791E-15
3342.	0.3888E-15
3412.	0.3987E-15
3483.	0.4089E-15
3555.	0.4192E-15
 
 
E/N (Td)	Inelastic power loss /N (eV m3/s)
0.1174E-02	0.1697E-24
0.1686E-02	0.1765E-24
0.2194E-02	0.1838E-24
0.2731E-02	0.1916E-24
0.3325E-02	0.2000E-24
0.3999E-02	0.2092E-24
0.4765E-02	0.2194E-24
0.5633E-02	0.2318E-24
0.6605E-02	0.2444E-24
0.7724E-02	0.2589E-24
0.8968E-02	0.2753E-24
0.1035E-01	0.2942E-24
0.1188E-01	0.3158E-24
0.1355E-01	0.3406E-24
0.1536E-01	0.3692E-24
0.1732E-01	0.4020E-24
0.1943E-01	0.4403E-24
0.2169E-01	0.4848E-24
0.2410E-01	0.5368E-24
0.2669E-01	0.5976E-24
0.2944E-01	0.6695E-24
0.3235E-01	0.7537E-24
0.3545E-01	0.8534E-24
0.3872E-01	0.9718E-24
0.4219E-01	0.1113E-23
0.4585E-01	0.1282E-23
0.4970E-01	0.1485E-23
0.5377E-01	0.1730E-23
0.5805E-01	0.2026E-23
0.6256E-01	0.2387E-23
0.6730E-01	0.2827E-23
0.7227E-01	0.3365E-23
0.7750E-01	0.4028E-23
0.8299E-01	0.4847E-23
0.8877E-01	0.5862E-23
0.9483E-01	0.7125E-23
0.1012	0.8703E-23
0.1079	0.1068E-22
0.1149	0.1317E-22
0.1222	0.1632E-22
0.1299	0.2030E-22
0.1382	0.2549E-22
0.1468	0.3203E-22
0.1558	0.4043E-22
0.1654	0.5141E-22
0.1754	0.6539E-22
0.1861	0.8391E-22
0.1972	0.1076E-21
0.2089	0.1385E-21
0.2212	0.1787E-21
0.2341	0.2313E-21
0.2478	0.2999E-21
0.2622	0.3897E-21
0.2774	0.5072E-21
0.2936	0.6632E-21
0.3103	0.8629E-21
0.3282	0.1125E-20
0.3472	0.1471E-20
0.3670	0.1916E-20
0.3880	0.2491E-20
0.4102	0.3234E-20
0.4336	0.4187E-20
0.4584	0.5406E-20
0.4846	0.6956E-20
0.5122	0.8903E-20
0.5416	0.1137E-19
0.5728	0.1444E-19
0.6058	0.1826E-19
0.6408	0.2295E-19
0.6780	0.2870E-19
0.7173	0.3563E-19
0.7592	0.4403E-19
0.8037	0.5403E-19
0.8511	0.6595E-19
0.9016	0.7997E-19
0.9553	0.9635E-19
1.012	0.1153E-18
1.073	0.1372E-18
1.138	0.1621E-18
1.207	0.1903E-18
1.280	0.2220E-18
1.357	0.2574E-18
1.440	0.2967E-18
1.528	0.3400E-18
1.621	0.3873E-18
1.719	0.4388E-18
1.823	0.4945E-18
1.933	0.5548E-18
2.050	0.6200E-18
2.173	0.6905E-18
2.303	0.7675E-18
2.441	0.8530E-18
2.588	0.9513E-18
2.742	0.1066E-17
2.906	0.1207E-17
3.081	0.1388E-17
3.270	0.1629E-17
3.473	0.1961E-17
3.698	0.2435E-17
3.952	0.3130E-17
4.241	0.4160E-17
4.582	0.5724E-17
4.998	0.8173E-17
5.531	0.1217E-16
6.260	0.1906E-16
7.335	0.3189E-16
9.034	0.5769E-16
11.75	0.1108E-15
15.71	0.2116E-15
20.88	0.3815E-15
27.20	0.6442E-15
34.68	0.1029E-14
43.40	0.1570E-14
53.41	0.2310E-14
64.77	0.3292E-14
77.54	0.4567E-14
91.71	0.6180E-14
107.2	0.8178E-14
124.1	0.1060E-13
142.2	0.1349E-13
161.6	0.1688E-13
182.0	0.2078E-13
203.4	0.2523E-13
225.7	0.3022E-13
248.9	0.3579E-13
272.9	0.4192E-13
297.6	0.4862E-13
322.8	0.5589E-13
348.8	0.6376E-13
375.4	0.7222E-13
402.4	0.8125E-13
429.9	0.9080E-13
457.8	0.1010E-12
486.3	0.1117E-12
515.2	0.1230E-12
544.5	0.1348E-12
574.3	0.1473E-12
604.4	0.1602E-12
634.9	0.1737E-12
665.7	0.1878E-12
697.0	0.2024E-12
728.7	0.2175E-12
760.7	0.2331E-12
793.2	0.2492E-12
826.0	0.2658E-12
859.2	0.2829E-12
892.8	0.3005E-12
926.9	0.3186E-12
961.3	0.3372E-12
996.1	0.3562E-12
1031.	0.3757E-12
1067.	0.3956E-12
1103.	0.4160E-12
1140.	0.4368E-12
1177.	0.4580E-12
1215.	0.4797E-12
1253.	0.5018E-12
1292.	0.5242E-12
1331.	0.5471E-12
1370.	0.5704E-12
1411.	0.5940E-12
1451.	0.6180E-12
1493.	0.6425E-12
1535.	0.6672E-12
1577.	0.6923E-12
1621.	0.7178E-12
1664.	0.7436E-12
1709.	0.7697E-12
1754.	0.7961E-12
1800.	0.8229E-12
1847.	0.8500E-12
1894.	0.8773E-12
1942.	0.9050E-12
1990.	0.9329E-12
2040.	0.9611E-12
2090.	0.9894E-12
2141.	0.1018E-11
2193.	0.1047E-11
2246.	0.1076E-11
2299.	0.1105E-11
2353.	0.1135E-11
2408.	0.1165E-11
2464.	0.1195E-11
2521.	0.1225E-11
2579.	0.1255E-11
2637.	0.1285E-11
2697.	0.1316E-11
2757.	0.1346E-11
2818.	0.1377E-11
2880.	0.1408E-11
2944.	0.1439E-11
3008.	0.1470E-11
3073.	0.1501E-11
3139.	0.1532E-11
3205.	0.1563E-11
3274.	0.1594E-11
3342.	0.1625E-11
3412.	0.1656E-11
3483.	0.1687E-11
3555.	0.1718E-11
 
 
E/N (Td)	Growth power /N (eV m3/s)
0.1174E-02	0.1616E-25
0.1686E-02	0.1722E-25
0.2194E-02	0.1838E-25
0.2731E-02	0.1962E-25
0.3325E-02	0.2099E-25
0.3999E-02	0.2250E-25
0.4765E-02	0.2417E-25
0.5633E-02	0.2617E-25
0.6605E-02	0.2826E-25
0.7724E-02	0.3067E-25
0.8968E-02	0.3342E-25
0.1035E-01	0.3658E-25
0.1188E-01	0.4024E-25
0.1355E-01	0.4447E-25
0.1536E-01	0.4939E-25
0.1732E-01	0.5509E-25
0.1943E-01	0.6182E-25
0.2169E-01	0.6975E-25
0.2410E-01	0.7912E-25
0.2669E-01	0.9024E-25
0.2944E-01	0.1036E-24
0.3235E-01	0.1195E-24
0.3545E-01	0.1386E-24
0.3872E-01	0.1617E-24
0.4219E-01	0.1897E-24
0.4585E-01	0.2239E-24
0.4970E-01	0.2657E-24
0.5377E-01	0.3172E-24
0.5805E-01	0.3806E-24
0.6256E-01	0.4594E-24
0.6730E-01	0.5574E-24
0.7227E-01	0.6799E-24
0.7750E-01	0.8337E-24
0.8299E-01	0.1028E-23
0.8877E-01	0.1273E-23
0.9483E-01	0.1586E-23
0.1012	0.1984E-23
0.1079	0.2495E-23
0.1149	0.3152E-23
0.1222	0.4001E-23
0.1299	0.5099E-23
0.1382	0.6562E-23
0.1468	0.8447E-23
0.1558	0.1092E-22
0.1654	0.1423E-22
0.1754	0.1855E-22
0.1861	0.2439E-22
0.1972	0.3206E-22
0.2089	0.4226E-22
0.2212	0.5587E-22
0.2341	0.7407E-22
0.2478	0.9842E-22
0.2622	0.1310E-21
0.2774	0.1747E-21
0.2936	0.2341E-21
0.3103	0.3120E-21
0.3282	0.4168E-21
0.3472	0.5583E-21
0.3670	0.7450E-21
0.3880	0.9927E-21
0.4102	0.1320E-20
0.4336	0.1752E-20
0.4584	0.2317E-20
0.4846	0.3055E-20
0.5122	0.4005E-20
0.5416	0.5238E-20
0.5728	0.6819E-20
0.6058	0.8833E-20
0.6408	0.1138E-19
0.6780	0.1458E-19
0.7173	0.1854E-19
0.7592	0.2347E-19
0.8037	0.2951E-19
0.8511	0.3690E-19
0.9016	0.4585E-19
0.9553	0.5661E-19
1.012	0.6942E-19
1.073	0.8459E-19
1.138	0.1024E-18
1.207	0.1232E-18
1.280	0.1472E-18
1.357	0.1749E-18
1.440	0.2066E-18
1.528	0.2425E-18
1.621	0.2830E-18
1.719	0.3284E-18
1.823	0.3789E-18
1.933	0.4351E-18
2.050	0.4972E-18
2.173	0.5653E-18
2.303	0.6398E-18
2.441	0.7212E-18
2.588	0.8103E-18
2.742	0.9059E-18
2.906	0.1009E-17
3.081	0.1120E-17
3.270	0.1239E-17
3.473	0.1365E-17
3.698	0.1501E-17
3.952	0.1646E-17
4.241	0.1801E-17
4.582	0.1965E-17
4.998	0.2138E-17
5.531	0.2322E-17
6.260	0.2516E-17
7.335	0.2719E-17
9.034	0.2928E-17
11.75	0.3144E-17
15.71	0.3381E-17
20.88	0.3805E-17
27.20	0.5235E-17
34.68	0.1011E-16
43.40	0.2361E-16
53.41	0.5447E-16
64.77	0.1154E-15
77.54	0.2232E-15
91.71	0.3978E-15
107.2	0.6616E-15
124.1	0.1039E-14
142.2	0.1555E-14
161.6	0.2236E-14
182.0	0.3107E-14
203.4	0.4193E-14
225.7	0.5518E-14
248.9	0.7108E-14
272.9	0.8985E-14
297.6	0.1117E-13
322.8	0.1369E-13
348.8	0.1658E-13
375.4	0.1986E-13
402.4	0.2354E-13
429.9	0.2763E-13
457.8	0.3220E-13
486.3	0.3727E-13
515.2	0.4284E-13
544.5	0.4897E-13
574.3	0.5566E-13
604.4	0.6296E-13
634.9	0.7089E-13
665.7	0.7951E-13
697.0	0.8881E-13
728.7	0.9884E-13
760.7	0.1096E-12
793.2	0.1213E-12
826.0	0.1337E-12
859.2	0.1471E-12
892.8	0.1613E-12
926.9	0.1765E-12
961.3	0.1928E-12
996.1	0.2101E-12
1031.	0.2284E-12
1067.	0.2480E-12
1103.	0.2687E-12
1140.	0.2907E-12
1177.	0.3140E-12
1215.	0.3386E-12
1253.	0.3646E-12
1292.	0.3922E-12
1331.	0.4212E-12
1370.	0.4519E-12
1411.	0.4842E-12
1451.	0.5182E-12
1493.	0.5541E-12
1535.	0.5917E-12
1577.	0.6314E-12
1621.	0.6730E-12
1664.	0.7168E-12
1709.	0.7627E-12
1754.	0.8109E-12
1800.	0.8614E-12
1847.	0.9144E-12
1894.	0.9698E-12
1942.	0.1028E-11
1990.	0.1089E-11
2040.	0.1152E-11
2090.	0.1219E-11
2141.	0.1288E-11
2193.	0.1361E-11
2246.	0.1437E-11
2299.	0.1516E-11
2353.	0.1598E-11
2408.	0.1684E-11
2464.	0.1774E-11
2521.	0.1868E-11
2579.	0.1965E-11
2637.	0.2066E-11
2697.	0.2172E-11
2757.	0.2281E-11
2818.	0.2396E-11
2880.	0.2515E-11
2944.	0.2638E-11
3008.	0.2766E-11
3073.	0.2899E-11
3139.	0.3037E-11
3205.	0.3181E-11
3274.	0.3331E-11
3342.	0.3484E-11
3412.	0.3645E-11
3483.	0.3811E-11
3555.	0.3983E-11
 
 
E/N (Td)	Maximum energy
0.1174E-02	6.211
0.1686E-02	6.211
0.2194E-02	6.211
0.2731E-02	6.211
0.3325E-02	6.211
0.3999E-02	6.211
0.4765E-02	6.211
0.5633E-02	7.398
0.6605E-02	7.398
0.7724E-02	7.398
0.8968E-02	7.398
0.1035E-01	7.401
0.1188E-01	7.544
0.1355E-01	7.607
0.1536E-01	7.613
0.1732E-01	6.655
0.1943E-01	6.663
0.2169E-01	6.672
0.2410E-01	6.682
0.2669E-01	6.695
0.2944E-01	7.990
0.3235E-01	8.010
0.3545E-01	8.033
0.3872E-01	8.058
0.4219E-01	8.087
0.4585E-01	8.119
0.4970E-01	8.154
0.5377E-01	8.194
0.5805E-01	8.237
0.6256E-01	8.284
0.6730E-01	8.335
0.7227E-01	8.391
0.7750E-01	8.451
0.8299E-01	8.515
0.8877E-01	8.585
0.9483E-01	8.659
0.1012	8.738
0.1079	8.823
0.1149	8.913
0.1222	9.009
0.1299	7.908
0.1382	8.001
0.1468	8.099
0.1558	8.204
0.1654	8.320
0.1754	8.444
0.1861	8.580
0.1972	8.665
0.2089	8.714
0.2212	8.768
0.2341	8.826
0.2478	8.888
0.2622	8.955
0.2774	9.026
0.2936	9.104
0.3103	10.94
0.3282	11.04
0.3472	11.15
0.3670	11.27
0.3880	11.39
0.4102	11.52
0.4336	11.66
0.4584	11.81
0.4846	11.96
0.5122	12.12
0.5416	12.29
0.5728	12.47
0.6058	12.67
0.6408	12.87
0.6780	13.05
0.7173	11.38
0.7592	11.52
0.8037	11.67
0.8511	11.84
0.9016	11.94
0.9553	12.06
1.012	12.19
1.073	12.29
1.138	12.41
1.207	12.55
1.280	12.66
1.357	12.77
1.440	12.89
1.528	12.99
1.621	13.21
1.719	13.34
1.823	13.42
1.933	13.53
2.050	13.66
2.173	13.75
2.303	13.87
2.441	13.98
2.588	14.09
2.742	14.20
2.906	14.36
3.081	14.53
3.270	14.69
3.473	14.79
3.698	14.93
3.952	15.11
4.241	15.34
4.582	15.39
4.998	15.73
5.531	15.99
6.260	16.28
7.335	16.84
9.034	17.48
11.75	18.63
15.71	19.94
20.88	21.50
27.20	23.53
34.68	25.53
43.40	27.77
53.41	30.11
64.77	33.40
77.54	36.21
91.71	39.21
107.2	43.48
124.1	46.78
142.2	51.15
161.6	55.53
182.0	60.58
203.4	66.37
225.7	72.92
248.9	77.29
272.9	85.07
297.6	90.11
322.8	95.36
348.8	105.2
375.4	111.3
402.4	117.6
429.9	124.1
457.8	136.7
486.3	143.8
515.2	151.1
544.5	158.7
574.3	166.6
604.4	184.1
634.9	193.2
665.7	202.8
697.0	212.7
728.7	223.0
760.7	233.6
793.2	244.6
826.0	302.6
859.2	316.4
892.8	297.7
926.9	311.6
961.3	326.0
996.1	340.9
1031.	356.5
1067.	372.8
1103.	389.6
1140.	407.1
1177.	425.4
1215.	444.5
1253.	464.6
1292.	485.5
1331.	506.7
1370.	528.4
1411.	550.7
1451.	678.4
1493.	706.7
1535.	674.8
1577.	704.0
1621.	734.6
1664.	766.5
1709.	799.5
1754.	834.2
1800.	870.6
1847.	908.1
1894.	947.6
1942.	989.3
1990.	1032.
2040.	1077.
2090.	1124.
2141.	1174.
2193.	1225.
2246.	1279.
2299.	1336.
2353.	1395.
2408.	1459.
2464.	1526.
2521.	1597.
2579.	1671.
2637.	1750.
2697.	1834.
2757.	1919.
2818.	2011.
2880.	2109.
2944.	2211.
3008.	2095.
3073.	2175.
3139.	2256.
3205.	2342.
3274.	2407.
3342.	2496.
3412.	2593.
3483.	2705.
3555.	2811.
 
 
E/N (Td)	# of iterations
0.1174E-02	3.000
0.1686E-02	3.000
0.2194E-02	3.000
0.2731E-02	3.000
0.3325E-02	3.000
0.3999E-02	3.000
0.4765E-02	3.000
0.5633E-02	6.000
0.6605E-02	6.000
0.7724E-02	6.000
0.8968E-02	6.000
0.1035E-01	6.000
0.1188E-01	6.000
0.1355E-01	6.000
0.1536E-01	6.000
0.1732E-01	3.000
0.1943E-01	3.000
0.2169E-01	3.000
0.2410E-01	3.000
0.2669E-01	3.000
0.2944E-01	6.000
0.3235E-01	6.000
0.3545E-01	6.000
0.3872E-01	6.000
0.4219E-01	6.000
0.4585E-01	6.000
0.4970E-01	6.000
0.5377E-01	6.000
0.5805E-01	6.000
0.6256E-01	6.000
0.6730E-01	6.000
0.7227E-01	6.000
0.7750E-01	6.000
0.8299E-01	6.000
0.8877E-01	6.000
0.9483E-01	6.000
0.1012	6.000
0.1079	6.000
0.1149	6.000
0.1222	6.000
0.1299	3.000
0.1382	3.000
0.1468	3.000
0.1558	4.000
0.1654	4.000
0.1754	4.000
0.1861	4.000
0.1972	4.000
0.2089	4.000
0.2212	4.000
0.2341	4.000
0.2478	4.000
0.2622	4.000
0.2774	4.000
0.2936	4.000
0.3103	8.000
0.3282	8.000
0.3472	8.000
0.3670	8.000
0.3880	8.000
0.4102	8.000
0.4336	8.000
0.4584	8.000
0.4846	8.000
0.5122	8.000
0.5416	8.000
0.5728	8.000
0.6058	8.000
0.6408	8.000
0.6780	8.000
0.7173	4.000
0.7592	4.000
0.8037	4.000
0.8511	4.000
0.9016	4.000
0.9553	4.000
1.012	4.000
1.073	4.000
1.138	4.000
1.207	5.000
1.280	5.000
1.357	5.000
1.440	5.000
1.528	5.000
1.621	5.000
1.719	5.000
1.823	5.000
1.933	5.000
2.050	5.000
2.173	5.000
2.303	5.000
2.441	5.000
2.588	5.000
2.742	5.000
2.906	5.000
3.081	5.000
3.270	5.000
3.473	5.000
3.698	5.000
3.952	5.000
4.241	5.000
4.582	5.000
4.998	5.000
5.531	5.000
6.260	5.000
7.335	5.000
9.034	5.000
11.75	5.000
15.71	5.000
20.88	5.000
27.20	5.000
34.68	5.000
43.40	4.000
53.41	4.000
64.77	5.000
77.54	5.000
91.71	5.000
107.2	5.000
124.1	5.000
142.2	5.000
161.6	6.000
182.0	6.000
203.4	6.000
225.7	6.000
248.9	6.000
272.9	6.000
297.6	6.000
322.8	6.000
348.8	6.000
375.4	6.000
402.4	6.000
429.9	6.000
457.8	6.000
486.3	6.000
515.2	6.000
544.5	6.000
574.3	6.000
604.4	5.000
634.9	5.000
665.7	6.000
697.0	6.000
728.7	6.000
760.7	6.000
793.2	7.000
826.0	14.00
859.2	14.00
892.8	7.000
926.9	7.000
961.3	7.000
996.1	7.000
1031.	7.000
1067.	7.000
1103.	7.000
1140.	7.000
1177.	7.000
1215.	7.000
1253.	8.000
1292.	8.000
1331.	8.000
1370.	8.000
1411.	8.000
1451.	16.00
1493.	16.00
1535.	8.000
1577.	8.000
1621.	8.000
1664.	8.000
1709.	8.000
1754.	8.000
1800.	9.000
1847.	9.000
1894.	9.000
1942.	9.000
1990.	9.000
2040.	9.000
2090.	9.000
2141.	9.000
2193.	9.000
2246.	9.000
2299.	9.000
2353.	9.000
2408.	9.000
2464.	9.000
2521.	9.000
2579.	9.000
2637.	8.000
2697.	8.000
2757.	8.000
2818.	10.00
2880.	10.00
2944.	10.00
3008.	20.00
3073.	19.00
3139.	19.00
3205.	19.00
3274.	19.00
3342.	19.00
3412.	18.00
3483.	18.00
3555.	18.00
 
 
E/N (Td)	# of grid trials
0.1174E-02	1.000
0.1686E-02	1.000
0.2194E-02	1.000
0.2731E-02	1.000
0.3325E-02	1.000
0.3999E-02	1.000
0.4765E-02	1.000
0.5633E-02	2.000
0.6605E-02	2.000
0.7724E-02	2.000
0.8968E-02	2.000
0.1035E-01	2.000
0.1188E-01	2.000
0.1355E-01	2.000
0.1536E-01	2.000
0.1732E-01	1.000
0.1943E-01	1.000
0.2169E-01	1.000
0.2410E-01	1.000
0.2669E-01	1.000
0.2944E-01	2.000
0.3235E-01	2.000
0.3545E-01	2.000
0.3872E-01	2.000
0.4219E-01	2.000
0.4585E-01	2.000
0.4970E-01	2.000
0.5377E-01	2.000
0.5805E-01	2.000
0.6256E-01	2.000
0.6730E-01	2.000
0.7227E-01	2.000
0.7750E-01	2.000
0.8299E-01	2.000
0.8877E-01	2.000
0.9483E-01	2.000
0.1012	2.000
0.1079	2.000
0.1149	2.000
0.1222	2.000
0.1299	1.000
0.1382	1.000
0.1468	1.000
0.1558	1.000
0.1654	1.000
0.1754	1.000
0.1861	1.000
0.1972	1.000
0.2089	1.000
0.2212	1.000
0.2341	1.000
0.2478	1.000
0.2622	1.000
0.2774	1.000
0.2936	1.000
0.3103	2.000
0.3282	2.000
0.3472	2.000
0.3670	2.000
0.3880	2.000
0.4102	2.000
0.4336	2.000
0.4584	2.000
0.4846	2.000
0.5122	2.000
0.5416	2.000
0.5728	2.000
0.6058	2.000
0.6408	2.000
0.6780	2.000
0.7173	1.000
0.7592	1.000
0.8037	1.000
0.8511	1.000
0.9016	1.000
0.9553	1.000
1.012	1.000
1.073	1.000
1.138	1.000
1.207	1.000
1.280	1.000
1.357	1.000
1.440	1.000
1.528	1.000
1.621	1.000
1.719	1.000
1.823	1.000
1.933	1.000
2.050	1.000
2.173	1.000
2.303	1.000
2.441	1.000
2.588	1.000
2.742	1.000
2.906	1.000
3.081	1.000
3.270	1.000
3.473	1.000
3.698	1.000
3.952	1.000
4.241	1.000
4.582	1.000
4.998	1.000
5.531	1.000
6.260	1.000
7.335	1.000
9.034	1.000
11.75	1.000
15.71	1.000
20.88	1.000
27.20	1.000
34.68	1.000
43.40	1.000
53.41	1.000
64.77	1.000
77.54	1.000
91.71	1.000
107.2	1.000
124.1	1.000
142.2	1.000
161.6	1.000
182.0	1.000
203.4	1.000
225.7	1.000
248.9	1.000
272.9	1.000
297.6	1.000
322.8	1.000
348.8	1.000
375.4	1.000
402.4	1.000
429.9	1.000
457.8	1.000
486.3	1.000
515.2	1.000
544.5	1.000
574.3	1.000
604.4	1.000
634.9	1.000
665.7	1.000
697.0	1.000
728.7	1.000
760.7	1.000
793.2	1.000
826.0	2.000
859.2	2.000
892.8	1.000
926.9	1.000
961.3	1.000
996.1	1.000
1031.	1.000
1067.	1.000
1103.	1.000
1140.	1.000
1177.	1.000
1215.	1.000
1253.	1.000
1292.	1.000
1331.	1.000
1370.	1.000
1411.	1.000
1451.	2.000
1493.	2.000
1535.	1.000
1577.	1.000
1621.	1.000
1664.	1.000
1709.	1.000
1754.	1.000
1800.	1.000
1847.	1.000
1894.	1.000
1942.	1.000
1990.	1.000
2040.	1.000
2090.	1.000
2141.	1.000
2193.	1.000
2246.	1.000
2299.	1.000
2353.	1.000
2408.	1.000
2464.	1.000
2521.	1.000
2579.	1.000
2637.	1.000
2697.	1.000
2757.	1.000
2818.	1.000
2880.	1.000
2944.	1.000
3008.	2.000
3073.	2.000
3139.	2.000
3205.	2.000
3274.	2.000
3342.	2.000
3412.	2.000
3483.	2.000
3555.	2.000
 
 
E/N (Td)	Error code
0.1174E-02	0.000
0.1686E-02	0.000
0.2194E-02	0.000
0.2731E-02	0.000
0.3325E-02	0.000
0.3999E-02	0.000
0.4765E-02	0.000
0.5633E-02	7.000
0.6605E-02	0.000
0.7724E-02	0.000
0.8968E-02	0.000
0.1035E-01	0.000
0.1188E-01	0.000
0.1355E-01	0.000
0.1536E-01	0.000
0.1732E-01	0.000
0.1943E-01	0.000
0.2169E-01	0.000
0.2410E-01	0.000
0.2669E-01	0.000
0.2944E-01	0.000
0.3235E-01	0.000
0.3545E-01	0.000
0.3872E-01	0.000
0.4219E-01	0.000
0.4585E-01	0.000
0.4970E-01	0.000
0.5377E-01	0.000
0.5805E-01	0.000
0.6256E-01	0.000
0.6730E-01	0.000
0.7227E-01	0.000
0.7750E-01	0.000
0.8299E-01	0.000
0.8877E-01	0.000
0.9483E-01	0.000
0.1012	0.000
0.1079	0.000
0.1149	0.000
0.1222	0.000
0.1299	0.000
0.1382	0.000
0.1468	0.000
0.1558	0.000
0.1654	0.000
0.1754	0.000
0.1861	0.000
0.1972	0.000
0.2089	0.000
0.2212	0.000
0.2341	0.000
0.2478	0.000
0.2622	0.000
0.2774	0.000
0.2936	0.000
0.3103	0.000
0.3282	0.000
0.3472	0.000
0.3670	0.000
0.3880	0.000
0.4102	0.000
0.4336	0.000
0.4584	0.000
0.4846	0.000
0.5122	0.000
0.5416	0.000
0.5728	0.000
0.6058	0.000
0.6408	0.000
0.6780	0.000
0.7173	0.000
0.7592	0.000
0.8037	0.000
0.8511	0.000
0.9016	0.000
0.9553	0.000
1.012	0.000
1.073	0.000
1.138	0.000
1.207	0.000
1.280	0.000
1.357	0.000
1.440	0.000
1.528	0.000
1.621	0.000
1.719	0.000
1.823	0.000
1.933	0.000
2.050	0.000
2.173	0.000
2.303	0.000
2.441	0.000
2.588	0.000
2.742	0.000
2.906	0.000
3.081	0.000
3.270	0.000
3.473	0.000
3.698	0.000
3.952	0.000
4.241	0.000
4.582	0.000
4.998	0.000
5.531	0.000
6.260	0.000
7.335	0.000
9.034	0.000
11.75	0.000
15.71	0.000
20.88	0.000
27.20	0.000
34.68	0.000
43.40	0.000
53.41	0.000
64.77	0.000
77.54	0.000
91.71	0.000
107.2	0.000
124.1	0.000
142.2	0.000
161.6	0.000
182.0	0.000
203.4	0.000
225.7	0.000
248.9	0.000
272.9	0.000
297.6	0.000
322.8	0.000
348.8	0.000
375.4	0.000
402.4	0.000
429.9	0.000
457.8	0.000
486.3	0.000
515.2	0.000
544.5	0.000
574.3	0.000
604.4	0.000
634.9	0.000
665.7	0.000
697.0	0.000
728.7	0.000
760.7	0.000
793.2	0.000
826.0	0.000
859.2	0.000
892.8	0.000
926.9	0.000
961.3	0.000
996.1	0.000
1031.	0.000
1067.	0.000
1103.	0.000
1140.	0.000
1177.	0.000
1215.	0.000
1253.	0.000
1292.	0.000
1331.	0.000
1370.	0.000
1411.	0.000
1451.	0.000
1493.	0.000
1535.	0.000
1577.	0.000
1621.	0.000
1664.	0.000
1709.	0.000
1754.	0.000
1800.	0.000
1847.	0.000
1894.	0.000
1942.	0.000
1990.	0.000
2040.	0.000
2090.	0.000
2141.	0.000
2193.	0.000
2246.	0.000
2299.	0.000
2353.	0.000
2408.	0.000
2464.	0.000
2521.	0.000
2579.	0.000
2637.	0.000
2697.	0.000
2757.	0.000
2818.	0.000
2880.	0.000
2944.	0.000
3008.	0.000
3073.	0.000
3139.	0.000
3205.	0.000
3274.	0.000
3342.	0.000
3412.	0.000
3483.	0.000
3555.	0.000
 
 
C1    Ar    Elastic                                             
E/N (Td)	Rate coefficient (m3/s)
0.1174E-02	0.2320E-14
0.1686E-02	0.2370E-14
0.2194E-02	0.2422E-14
0.2731E-02	0.2479E-14
0.3325E-02	0.2540E-14
0.3999E-02	0.2606E-14
0.4765E-02	0.2678E-14
0.5633E-02	0.2756E-14
0.6605E-02	0.2840E-14
0.7724E-02	0.2932E-14
0.8968E-02	0.3031E-14
0.1035E-01	0.3138E-14
0.1188E-01	0.3252E-14
0.1355E-01	0.3373E-14
0.1536E-01	0.3502E-14
0.1732E-01	0.3638E-14
0.1943E-01	0.3781E-14
0.2169E-01	0.3932E-14
0.2410E-01	0.4089E-14
0.2669E-01	0.4254E-14
0.2944E-01	0.4426E-14
0.3235E-01	0.4605E-14
0.3545E-01	0.4791E-14
0.3872E-01	0.4985E-14
0.4219E-01	0.5187E-14
0.4585E-01	0.5396E-14
0.4970E-01	0.5613E-14
0.5377E-01	0.5838E-14
0.5805E-01	0.6071E-14
0.6256E-01	0.6313E-14
0.6730E-01	0.6563E-14
0.7227E-01	0.6822E-14
0.7750E-01	0.7090E-14
0.8299E-01	0.7367E-14
0.8877E-01	0.7654E-14
0.9483E-01	0.7950E-14
0.1012	0.8257E-14
0.1079	0.8575E-14
0.1149	0.8903E-14
0.1222	0.9243E-14
0.1299	0.9594E-14
0.1382	0.9965E-14
0.1468	0.1034E-13
0.1558	0.1073E-13
0.1654	0.1115E-13
0.1754	0.1157E-13
0.1861	0.1201E-13
0.1972	0.1246E-13
0.2089	0.1293E-13
0.2212	0.1342E-13
0.2341	0.1393E-13
0.2478	0.1445E-13
0.2622	0.1499E-13
0.2774	0.1556E-13
0.2936	0.1615E-13
0.3103	0.1676E-13
0.3282	0.1739E-13
0.3472	0.1805E-13
0.3670	0.1874E-13
0.3880	0.1945E-13
0.4102	0.2019E-13
0.4336	0.2095E-13
0.4584	0.2175E-13
0.4846	0.2258E-13
0.5122	0.2344E-13
0.5416	0.2434E-13
0.5728	0.2528E-13
0.6058	0.2626E-13
0.6408	0.2727E-13
0.6780	0.2833E-13
0.7173	0.2943E-13
0.7592	0.3058E-13
0.8037	0.3177E-13
0.8511	0.3302E-13
0.9016	0.3433E-13
0.9553	0.3569E-13
1.012	0.3711E-13
1.073	0.3859E-13
1.138	0.4014E-13
1.207	0.4175E-13
1.280	0.4344E-13
1.357	0.4520E-13
1.440	0.4704E-13
1.528	0.4897E-13
1.621	0.5097E-13
1.719	0.5306E-13
1.823	0.5524E-13
1.933	0.5751E-13
2.050	0.5988E-13
2.173	0.6235E-13
2.303	0.6491E-13
2.441	0.6759E-13
2.588	0.7039E-13
2.742	0.7327E-13
2.906	0.7626E-13
3.081	0.7936E-13
3.270	0.8256E-13
3.473	0.8586E-13
3.698	0.8929E-13
3.952	0.9284E-13
4.241	0.9650E-13
4.582	0.1003E-12
4.998	0.1042E-12
5.531	0.1082E-12
6.260	0.1123E-12
7.335	0.1165E-12
9.034	0.1207E-12
11.75	0.1250E-12
15.71	0.1292E-12
20.88	0.1333E-12
27.20	0.1374E-12
34.68	0.1414E-12
43.40	0.1454E-12
53.41	0.1494E-12
64.77	0.1532E-12
77.54	0.1570E-12
91.71	0.1606E-12
107.2	0.1642E-12
124.1	0.1676E-12
142.2	0.1709E-12
161.6	0.1741E-12
182.0	0.1771E-12
203.4	0.1800E-12
225.7	0.1828E-12
248.9	0.1855E-12
272.9	0.1880E-12
297.6	0.1905E-12
322.8	0.1928E-12
348.8	0.1950E-12
375.4	0.1971E-12
402.4	0.1990E-12
429.9	0.2009E-12
457.8	0.2027E-12
486.3	0.2044E-12
515.2	0.2059E-12
544.5	0.2074E-12
574.3	0.2088E-12
604.4	0.2100E-12
634.9	0.2112E-12
665.7	0.2123E-12
697.0	0.2133E-12
728.7	0.2142E-12
760.7	0.2150E-12
793.2	0.2158E-12
826.0	0.2165E-12
859.2	0.2170E-12
892.8	0.2176E-12
926.9	0.2180E-12
961.3	0.2184E-12
996.1	0.2187E-12
1031.	0.2189E-12
1067.	0.2190E-12
1103.	0.2191E-12
1140.	0.2192E-12
1177.	0.2191E-12
1215.	0.2191E-12
1253.	0.2189E-12
1292.	0.2187E-12
1331.	0.2185E-12
1370.	0.2181E-12
1411.	0.2178E-12
1451.	0.2174E-12
1493.	0.2169E-12
1535.	0.2164E-12
1577.	0.2158E-12
1621.	0.2152E-12
1664.	0.2146E-12
1709.	0.2139E-12
1754.	0.2132E-12
1800.	0.2124E-12
1847.	0.2116E-12
1894.	0.2108E-12
1942.	0.2099E-12
1990.	0.2090E-12
2040.	0.2080E-12
2090.	0.2070E-12
2141.	0.2060E-12
2193.	0.2050E-12
2246.	0.2039E-12
2299.	0.2028E-12
2353.	0.2016E-12
2408.	0.2005E-12
2464.	0.1993E-12
2521.	0.1981E-12
2579.	0.1968E-12
2637.	0.1956E-12
2697.	0.1943E-12
2757.	0.1930E-12
2818.	0.1917E-12
2880.	0.1903E-12
2944.	0.1890E-12
3008.	0.1876E-12
3073.	0.1862E-12
3139.	0.1848E-12
3205.	0.1834E-12
3274.	0.1820E-12
3342.	0.1805E-12
3412.	0.1791E-12
3483.	0.1776E-12
3555.	0.1761E-12
 
 
C2    Ar    Excitation    11.55 eV                              
E/N (Td)	Rate coefficient (m3/s)
0.1174E-02	0.000
0.1686E-02	0.000
0.2194E-02	0.000
0.2731E-02	0.000
0.3325E-02	0.000
0.3999E-02	0.000
0.4765E-02	0.000
0.5633E-02	0.000
0.6605E-02	0.000
0.7724E-02	0.000
0.8968E-02	0.000
0.1035E-01	0.000
0.1188E-01	0.000
0.1355E-01	0.000
0.1536E-01	0.000
0.1732E-01	0.000
0.1943E-01	0.000
0.2169E-01	0.000
0.2410E-01	0.000
0.2669E-01	0.000
0.2944E-01	0.000
0.3235E-01	0.000
0.3545E-01	0.000
0.3872E-01	0.000
0.4219E-01	0.000
0.4585E-01	0.000
0.4970E-01	0.000
0.5377E-01	0.000
0.5805E-01	0.000
0.6256E-01	0.000
0.6730E-01	0.000
0.7227E-01	0.000
0.7750E-01	0.000
0.8299E-01	0.000
0.8877E-01	0.000
0.9483E-01	0.000
0.1012	0.000
0.1079	0.000
0.1149	0.000
0.1222	0.000
0.1299	0.000
0.1382	0.000
0.1468	0.000
0.1558	0.000
0.1654	0.000
0.1754	0.000
0.1861	0.000
0.1972	0.000
0.2089	0.000
0.2212	0.000
0.2341	0.000
0.2478	0.000
0.2622	0.000
0.2774	0.000
0.2936	0.000
0.3103	0.000
0.3282	0.000
0.3472	0.000
0.3670	0.000
0.3880	0.000
0.4102	0.000
0.4336	0.9409E-30
0.4584	0.4948E-29
0.4846	0.1164E-28
0.5122	0.2147E-28
0.5416	0.3717E-28
0.5728	0.6385E-28
0.6058	0.1109E-27
0.6408	0.1955E-27
0.6780	0.3503E-27
0.7173	0.000
0.7592	0.000
0.8037	0.4731E-27
0.8511	0.2810E-26
0.9016	0.6878E-26
0.9553	0.1530E-25
1.012	0.3226E-25
1.073	0.6674E-25
1.138	0.1387E-24
1.207	0.2904E-24
1.280	0.6121E-24
1.357	0.1299E-23
1.440	0.2772E-23
1.528	0.5916E-23
1.621	0.1258E-22
1.719	0.2659E-22
1.823	0.5572E-22
1.933	0.1153E-21
2.050	0.2354E-21
2.173	0.4708E-21
2.303	0.9220E-21
2.441	0.1766E-20
2.588	0.3320E-20
2.742	0.6042E-20
2.906	0.1072E-19
3.081	0.1854E-19
3.270	0.3135E-19
3.473	0.5169E-19
3.698	0.8405E-19
3.952	0.1350E-18
4.241	0.2145E-18
4.582	0.3396E-18
4.998	0.5396E-18
5.531	0.8695E-18
6.260	0.1440E-17
7.335	0.2493E-17
9.034	0.4549E-17
11.75	0.8543E-17
15.71	0.1548E-16
20.88	0.2595E-16
27.20	0.4035E-16
34.68	0.5908E-16
43.40	0.8248E-16
53.41	0.1107E-15
64.77	0.1439E-15
77.54	0.1818E-15
91.71	0.2243E-15
107.2	0.2710E-15
124.1	0.3217E-15
142.2	0.3760E-15
161.6	0.4337E-15
182.0	0.4944E-15
203.4	0.5578E-15
225.7	0.6238E-15
248.9	0.6921E-15
272.9	0.7626E-15
297.6	0.8352E-15
322.8	0.9096E-15
348.8	0.9863E-15
375.4	0.1065E-14
402.4	0.1145E-14
429.9	0.1227E-14
457.8	0.1311E-14
486.3	0.1397E-14
515.2	0.1484E-14
544.5	0.1574E-14
574.3	0.1665E-14
604.4	0.1758E-14
634.9	0.1852E-14
665.7	0.1949E-14
697.0	0.2047E-14
728.7	0.2146E-14
760.7	0.2247E-14
793.2	0.2350E-14
826.0	0.2455E-14
859.2	0.2560E-14
892.8	0.2668E-14
926.9	0.2776E-14
961.3	0.2886E-14
996.1	0.2998E-14
1031.	0.3110E-14
1067.	0.3224E-14
1103.	0.3339E-14
1140.	0.3455E-14
1177.	0.3572E-14
1215.	0.3690E-14
1253.	0.3810E-14
1292.	0.3930E-14
1331.	0.4051E-14
1370.	0.4172E-14
1411.	0.4295E-14
1451.	0.4418E-14
1493.	0.4541E-14
1535.	0.4666E-14
1577.	0.4791E-14
1621.	0.4916E-14
1664.	0.5041E-14
1709.	0.5167E-14
1754.	0.5293E-14
1800.	0.5419E-14
1847.	0.5546E-14
1894.	0.5672E-14
1942.	0.5799E-14
1990.	0.5925E-14
2040.	0.6051E-14
2090.	0.6177E-14
2141.	0.6302E-14
2193.	0.6428E-14
2246.	0.6552E-14
2299.	0.6676E-14
2353.	0.6800E-14
2408.	0.6923E-14
2464.	0.7045E-14
2521.	0.7167E-14
2579.	0.7288E-14
2637.	0.7407E-14
2697.	0.7526E-14
2757.	0.7644E-14
2818.	0.7760E-14
2880.	0.7876E-14
2944.	0.7990E-14
3008.	0.8104E-14
3073.	0.8215E-14
3139.	0.8326E-14
3205.	0.8435E-14
3274.	0.8543E-14
3342.	0.8648E-14
3412.	0.8753E-14
3483.	0.8857E-14
3555.	0.8957E-14
 
 
C3    Ar    Excitation    13.00 eV                              
E/N (Td)	Rate coefficient (m3/s)
0.1174E-02	0.000
0.1686E-02	0.000
0.2194E-02	0.000
0.2731E-02	0.000
0.3325E-02	0.000
0.3999E-02	0.000
0.4765E-02	0.000
0.5633E-02	0.000
0.6605E-02	0.000
0.7724E-02	0.000
0.8968E-02	0.000
0.1035E-01	0.000
0.1188E-01	0.000
0.1355E-01	0.000
0.1536E-01	0.000
0.1732E-01	0.000
0.1943E-01	0.000
0.2169E-01	0.000
0.2410E-01	0.000
0.2669E-01	0.000
0.2944E-01	0.000
0.3235E-01	0.000
0.3545E-01	0.000
0.3872E-01	0.000
0.4219E-01	0.000
0.4585E-01	0.000
0.4970E-01	0.000
0.5377E-01	0.000
0.5805E-01	0.000
0.6256E-01	0.000
0.6730E-01	0.000
0.7227E-01	0.000
0.7750E-01	0.000
0.8299E-01	0.000
0.8877E-01	0.000
0.9483E-01	0.000
0.1012	0.000
0.1079	0.000
0.1149	0.000
0.1222	0.000
0.1299	0.000
0.1382	0.000
0.1468	0.000
0.1558	0.000
0.1654	0.000
0.1754	0.000
0.1861	0.000
0.1972	0.000
0.2089	0.000
0.2212	0.000
0.2341	0.000
0.2478	0.000
0.2622	0.000
0.2774	0.000
0.2936	0.000
0.3103	0.000
0.3282	0.000
0.3472	0.000
0.3670	0.000
0.3880	0.000
0.4102	0.000
0.4336	0.000
0.4584	0.000
0.4846	0.000
0.5122	0.000
0.5416	0.000
0.5728	0.000
0.6058	0.000
0.6408	0.000
0.6780	0.5058E-33
0.7173	0.000
0.7592	0.000
0.8037	0.000
0.8511	0.000
0.9016	0.000
0.9553	0.000
1.012	0.000
1.073	0.000
1.138	0.000
1.207	0.000
1.280	0.000
1.357	0.000
1.440	0.000
1.528	0.000
1.621	0.6050E-27
1.719	0.2143E-26
1.823	0.5993E-26
1.933	0.1590E-25
2.050	0.4098E-25
2.173	0.1032E-24
2.303	0.2558E-24
2.441	0.6235E-24
2.588	0.1502E-23
2.742	0.3508E-23
2.906	0.8012E-23
3.081	0.1791E-22
3.270	0.3927E-22
3.473	0.8420E-22
3.698	0.1796E-21
3.952	0.3822E-21
4.241	0.8149E-21
4.582	0.1762E-20
4.998	0.3922E-20
5.531	0.9186E-20
6.260	0.2328E-19
7.335	0.6601E-19
9.034	0.2120E-18
11.75	0.7193E-18
15.71	0.2202E-17
20.88	0.5562E-17
27.20	0.1179E-16
34.68	0.2187E-16
43.40	0.3679E-16
53.41	0.5745E-16
64.77	0.8469E-16
77.54	0.1192E-15
91.71	0.1616E-15
107.2	0.2121E-15
124.1	0.2710E-15
142.2	0.3383E-15
161.6	0.4140E-15
182.0	0.4978E-15
203.4	0.5895E-15
225.7	0.6887E-15
248.9	0.7951E-15
272.9	0.9084E-15
297.6	0.1028E-14
322.8	0.1154E-14
348.8	0.1286E-14
375.4	0.1424E-14
402.4	0.1566E-14
429.9	0.1714E-14
457.8	0.1866E-14
486.3	0.2024E-14
515.2	0.2185E-14
544.5	0.2351E-14
574.3	0.2520E-14
604.4	0.2694E-14
634.9	0.2871E-14
665.7	0.3051E-14
697.0	0.3234E-14
728.7	0.3420E-14
760.7	0.3609E-14
793.2	0.3800E-14
826.0	0.3994E-14
859.2	0.4189E-14
892.8	0.4387E-14
926.9	0.4587E-14
961.3	0.4788E-14
996.1	0.4990E-14
1031.	0.5194E-14
1067.	0.5400E-14
1103.	0.5606E-14
1140.	0.5813E-14
1177.	0.6021E-14
1215.	0.6229E-14
1253.	0.6438E-14
1292.	0.6647E-14
1331.	0.6857E-14
1370.	0.7066E-14
1411.	0.7276E-14
1451.	0.7485E-14
1493.	0.7695E-14
1535.	0.7903E-14
1577.	0.8112E-14
1621.	0.8320E-14
1664.	0.8527E-14
1709.	0.8733E-14
1754.	0.8938E-14
1800.	0.9143E-14
1847.	0.9346E-14
1894.	0.9548E-14
1942.	0.9749E-14
1990.	0.9948E-14
2040.	0.1015E-13
2090.	0.1034E-13
2141.	0.1053E-13
2193.	0.1073E-13
2246.	0.1092E-13
2299.	0.1111E-13
2353.	0.1129E-13
2408.	0.1148E-13
2464.	0.1166E-13
2521.	0.1184E-13
2579.	0.1202E-13
2637.	0.1219E-13
2697.	0.1236E-13
2757.	0.1253E-13
2818.	0.1270E-13
2880.	0.1287E-13
2944.	0.1303E-13
3008.	0.1319E-13
3073.	0.1334E-13
3139.	0.1350E-13
3205.	0.1365E-13
3274.	0.1379E-13
3342.	0.1394E-13
3412.	0.1408E-13
3483.	0.1422E-13
3555.	0.1435E-13
 
 
C4    Ar    Excitation    14.00 eV                              
E/N (Td)	Rate coefficient (m3/s)
0.1174E-02	0.000
0.1686E-02	0.000
0.2194E-02	0.000
0.2731E-02	0.000
0.3325E-02	0.000
0.3999E-02	0.000
0.4765E-02	0.000
0.5633E-02	0.000
0.6605E-02	0.000
0.7724E-02	0.000
0.8968E-02	0.000
0.1035E-01	0.000
0.1188E-01	0.000
0.1355E-01	0.000
0.1536E-01	0.000
0.1732E-01	0.000
0.1943E-01	0.000
0.2169E-01	0.000
0.2410E-01	0.000
0.2669E-01	0.000
0.2944E-01	0.000
0.3235E-01	0.000
0.3545E-01	0.000
0.3872E-01	0.000
0.4219E-01	0.000
0.4585E-01	0.000
0.4970E-01	0.000
0.5377E-01	0.000
0.5805E-01	0.000
0.6256E-01	0.000
0.6730E-01	0.000
0.7227E-01	0.000
0.7750E-01	0.000
0.8299E-01	0.000
0.8877E-01	0.000
0.9483E-01	0.000
0.1012	0.000
0.1079	0.000
0.1149	0.000
0.1222	0.000
0.1299	0.000
0.1382	0.000
0.1468	0.000
0.1558	0.000
0.1654	0.000
0.1754	0.000
0.1861	0.000
0.1972	0.000
0.2089	0.000
0.2212	0.000
0.2341	0.000
0.2478	0.000
0.2622	0.000
0.2774	0.000
0.2936	0.000
0.3103	0.000
0.3282	0.000
0.3472	0.000
0.3670	0.000
0.3880	0.000
0.4102	0.000
0.4336	0.000
0.4584	0.000
0.4846	0.000
0.5122	0.000
0.5416	0.000
0.5728	0.000
0.6058	0.000
0.6408	0.000
0.6780	0.000
0.7173	0.000
0.7592	0.000
0.8037	0.000
0.8511	0.000
0.9016	0.000
0.9553	0.000
1.012	0.000
1.073	0.000
1.138	0.000
1.207	0.000
1.280	0.000
1.357	0.000
1.440	0.000
1.528	0.000
1.621	0.000
1.719	0.000
1.823	0.000
1.933	0.000
2.050	0.000
2.173	0.000
2.303	0.000
2.441	0.000
2.588	0.4354E-28
2.742	0.3125E-27
2.906	0.1236E-26
3.081	0.3827E-26
3.270	0.1111E-25
3.473	0.3137E-25
3.698	0.8907E-25
3.952	0.2553E-24
4.241	0.7441E-24
4.582	0.2246E-23
4.998	0.7198E-23
5.531	0.2533E-22
6.260	0.1025E-21
7.335	0.5028E-21
9.034	0.3046E-20
11.75	0.2016E-19
15.71	0.1113E-18
20.88	0.4418E-18
27.20	0.1302E-17
34.68	0.3071E-17
43.40	0.6181E-17
53.41	0.1106E-16
64.77	0.1811E-16
77.54	0.2772E-16
91.71	0.4018E-16
107.2	0.5575E-16
124.1	0.7464E-16
142.2	0.9701E-16
161.6	0.1230E-15
182.0	0.1526E-15
203.4	0.1860E-15
225.7	0.2232E-15
248.9	0.2642E-15
272.9	0.3089E-15
297.6	0.3575E-15
322.8	0.4097E-15
348.8	0.4659E-15
375.4	0.5259E-15
402.4	0.5896E-15
429.9	0.6566E-15
457.8	0.7277E-15
486.3	0.8026E-15
515.2	0.8810E-15
544.5	0.9633E-15
574.3	0.1049E-14
604.4	0.1139E-14
634.9	0.1232E-14
665.7	0.1329E-14
697.0	0.1429E-14
728.7	0.1533E-14
760.7	0.1641E-14
793.2	0.1752E-14
826.0	0.1866E-14
859.2	0.1984E-14
892.8	0.2106E-14
926.9	0.2231E-14
961.3	0.2360E-14
996.1	0.2492E-14
1031.	0.2627E-14
1067.	0.2766E-14
1103.	0.2908E-14
1140.	0.3054E-14
1177.	0.3203E-14
1215.	0.3355E-14
1253.	0.3511E-14
1292.	0.3670E-14
1331.	0.3832E-14
1370.	0.3997E-14
1411.	0.4166E-14
1451.	0.4338E-14
1493.	0.4513E-14
1535.	0.4691E-14
1577.	0.4873E-14
1621.	0.5057E-14
1664.	0.5245E-14
1709.	0.5435E-14
1754.	0.5629E-14
1800.	0.5825E-14
1847.	0.6024E-14
1894.	0.6227E-14
1942.	0.6432E-14
1990.	0.6639E-14
2040.	0.6850E-14
2090.	0.7062E-14
2141.	0.7278E-14
2193.	0.7496E-14
2246.	0.7716E-14
2299.	0.7939E-14
2353.	0.8163E-14
2408.	0.8390E-14
2464.	0.8619E-14
2521.	0.8850E-14
2579.	0.9083E-14
2637.	0.9317E-14
2697.	0.9553E-14
2757.	0.9791E-14
2818.	0.1003E-13
2880.	0.1027E-13
2944.	0.1051E-13
3008.	0.1076E-13
3073.	0.1100E-13
3139.	0.1124E-13
3205.	0.1149E-13
3274.	0.1174E-13
3342.	0.1198E-13
3412.	0.1223E-13
3483.	0.1248E-13
3555.	0.1272E-13
 
 
C5    Ar    Ionization    15.70 eV                              
E/N (Td)	Rate coefficient (m3/s)
0.1174E-02	0.000
0.1686E-02	0.000
0.2194E-02	0.000
0.2731E-02	0.000
0.3325E-02	0.000
0.3999E-02	0.000
0.4765E-02	0.000
0.5633E-02	0.000
0.6605E-02	0.000
0.7724E-02	0.000
0.8968E-02	0.000
0.1035E-01	0.000
0.1188E-01	0.000
0.1355E-01	0.000
0.1536E-01	0.000
0.1732E-01	0.000
0.1943E-01	0.000
0.2169E-01	0.000
0.2410E-01	0.000
0.2669E-01	0.000
0.2944E-01	0.000
0.3235E-01	0.000
0.3545E-01	0.000
0.3872E-01	0.000
0.4219E-01	0.000
0.4585E-01	0.000
0.4970E-01	0.000
0.5377E-01	0.000
0.5805E-01	0.000
0.6256E-01	0.000
0.6730E-01	0.000
0.7227E-01	0.000
0.7750E-01	0.000
0.8299E-01	0.000
0.8877E-01	0.000
0.9483E-01	0.000
0.1012	0.000
0.1079	0.000
0.1149	0.000
0.1222	0.000
0.1299	0.000
0.1382	0.000
0.1468	0.000
0.1558	0.000
0.1654	0.000
0.1754	0.000
0.1861	0.000
0.1972	0.000
0.2089	0.000
0.2212	0.000
0.2341	0.000
0.2478	0.000
0.2622	0.000
0.2774	0.000
0.2936	0.000
0.3103	0.000
0.3282	0.000
0.3472	0.000
0.3670	0.000
0.3880	0.000
0.4102	0.000
0.4336	0.000
0.4584	0.000
0.4846	0.000
0.5122	0.000
0.5416	0.000
0.5728	0.000
0.6058	0.000
0.6408	0.000
0.6780	0.000
0.7173	0.000
0.7592	0.000
0.8037	0.000
0.8511	0.000
0.9016	0.000
0.9553	0.000
1.012	0.000
1.073	0.000
1.138	0.000
1.207	0.000
1.280	0.000
1.357	0.000
1.440	0.000
1.528	0.000
1.621	0.000
1.719	0.000
1.823	0.000
1.933	0.000
2.050	0.000
2.173	0.000
2.303	0.000
2.441	0.000
2.588	0.000
2.742	0.000
2.906	0.000
3.081	0.000
3.270	0.000
3.473	0.000
3.698	0.000
3.952	0.000
4.241	0.000
4.582	0.000
4.998	0.1482E-29
5.531	0.6558E-27
6.260	0.9823E-26
7.335	0.1829E-24
9.034	0.4983E-23
11.75	0.1585E-21
15.71	0.3447E-20
20.88	0.3883E-19
27.20	0.2457E-18
34.68	0.1024E-17
43.40	0.3187E-17
53.41	0.8044E-17
64.77	0.1740E-16
77.54	0.3349E-16
91.71	0.5880E-16
107.2	0.9593E-16
124.1	0.1475E-15
142.2	0.2158E-15
161.6	0.3032E-15
182.0	0.4114E-15
203.4	0.5422E-15
225.7	0.6967E-15
248.9	0.8761E-15
272.9	0.1081E-14
297.6	0.1312E-14
322.8	0.1570E-14
348.8	0.1855E-14
375.4	0.2169E-14
402.4	0.2509E-14
429.9	0.2876E-14
457.8	0.3271E-14
486.3	0.3695E-14
515.2	0.4146E-14
544.5	0.4625E-14
574.3	0.5132E-14
604.4	0.5666E-14
634.9	0.6227E-14
665.7	0.6816E-14
697.0	0.7431E-14
728.7	0.8072E-14
760.7	0.8740E-14
793.2	0.9434E-14
826.0	0.1015E-13
859.2	0.1090E-13
892.8	0.1167E-13
926.9	0.1247E-13
961.3	0.1328E-13
996.1	0.1413E-13
1031.	0.1500E-13
1067.	0.1589E-13
1103.	0.1680E-13
1140.	0.1774E-13
1177.	0.1870E-13
1215.	0.1969E-13
1253.	0.2069E-13
1292.	0.2172E-13
1331.	0.2277E-13
1370.	0.2384E-13
1411.	0.2494E-13
1451.	0.2605E-13
1493.	0.2718E-13
1535.	0.2834E-13
1577.	0.2951E-13
1621.	0.3070E-13
1664.	0.3192E-13
1709.	0.3315E-13
1754.	0.3440E-13
1800.	0.3566E-13
1847.	0.3695E-13
1894.	0.3825E-13
1942.	0.3957E-13
1990.	0.4090E-13
2040.	0.4225E-13
2090.	0.4362E-13
2141.	0.4500E-13
2193.	0.4639E-13
2246.	0.4781E-13
2299.	0.4923E-13
2353.	0.5066E-13
2408.	0.5211E-13
2464.	0.5357E-13
2521.	0.5504E-13
2579.	0.5652E-13
2637.	0.5801E-13
2697.	0.5951E-13
2757.	0.6102E-13
2818.	0.6254E-13
2880.	0.6407E-13
2944.	0.6560E-13
3008.	0.6714E-13
3073.	0.6869E-13
3139.	0.7024E-13
3205.	0.7180E-13
3274.	0.7336E-13
3342.	0.7491E-13
3412.	0.7648E-13
3483.	0.7805E-13
3555.	0.7962E-13
 
 
C6    Ar*    Ionization    4.20 eV                              
E/N (Td)	Rate coefficient (m3/s)
0.1174E-02	0.4040E-20
0.1686E-02	0.4203E-20
0.2194E-02	0.4376E-20
0.2731E-02	0.4561E-20
0.3325E-02	0.4762E-20
0.3999E-02	0.4982E-20
0.4765E-02	0.5224E-20
0.5633E-02	0.5518E-20
0.6605E-02	0.5818E-20
0.7724E-02	0.6164E-20
0.8968E-02	0.6555E-20
0.1035E-01	0.7004E-20
0.1188E-01	0.7519E-20
0.1355E-01	0.8110E-20
0.1536E-01	0.8792E-20
0.1732E-01	0.9572E-20
0.1943E-01	0.1048E-19
0.2169E-01	0.1154E-19
0.2410E-01	0.1278E-19
0.2669E-01	0.1423E-19
0.2944E-01	0.1594E-19
0.3235E-01	0.1795E-19
0.3545E-01	0.2032E-19
0.3872E-01	0.2314E-19
0.4219E-01	0.2650E-19
0.4585E-01	0.3052E-19
0.4970E-01	0.3535E-19
0.5377E-01	0.4118E-19
0.5805E-01	0.4824E-19
0.6256E-01	0.5683E-19
0.6730E-01	0.6730E-19
0.7227E-01	0.8012E-19
0.7750E-01	0.9590E-19
0.8299E-01	0.1154E-18
0.8877E-01	0.1396E-18
0.9483E-01	0.1697E-18
0.1012	0.2072E-18
0.1079	0.2543E-18
0.1149	0.3136E-18
0.1222	0.3886E-18
0.1299	0.4834E-18
0.1382	0.6070E-18
0.1468	0.7627E-18
0.1558	0.9626E-18
0.1654	0.1224E-17
0.1754	0.1557E-17
0.1861	0.1998E-17
0.1972	0.2563E-17
0.2089	0.3297E-17
0.2212	0.4255E-17
0.2341	0.5506E-17
0.2478	0.7142E-17
0.2622	0.9280E-17
0.2774	0.1208E-16
0.2936	0.1579E-16
0.3103	0.2055E-16
0.3282	0.2679E-16
0.3472	0.3502E-16
0.3670	0.4561E-16
0.3880	0.5932E-16
0.4102	0.7700E-16
0.4336	0.9970E-16
0.4584	0.1287E-15
0.4846	0.1656E-15
0.5122	0.2120E-15
0.5416	0.2706E-15
0.5728	0.3438E-15
0.6058	0.4347E-15
0.6408	0.5465E-15
0.6780	0.6833E-15
0.7173	0.8484E-15
0.7592	0.1048E-14
0.8037	0.1286E-14
0.8511	0.1570E-14
0.9016	0.1904E-14
0.9553	0.2294E-14
1.012	0.2746E-14
1.073	0.3266E-14
1.138	0.3859E-14
1.207	0.4530E-14
1.280	0.5285E-14
1.357	0.6127E-14
1.440	0.7064E-14
1.528	0.8094E-14
1.621	0.9218E-14
1.719	0.1044E-13
1.823	0.1176E-13
1.933	0.1318E-13
2.050	0.1470E-13
2.173	0.1631E-13
2.303	0.1802E-13
2.441	0.1982E-13
2.588	0.2174E-13
2.742	0.2372E-13
2.906	0.2578E-13
3.081	0.2793E-13
3.270	0.3016E-13
3.473	0.3244E-13
3.698	0.3481E-13
3.952	0.3727E-13
4.241	0.3979E-13
4.582	0.4237E-13
4.998	0.4501E-13
5.531	0.4770E-13
6.260	0.5044E-13
7.335	0.5320E-13
9.034	0.5593E-13
11.75	0.5860E-13
15.71	0.6118E-13
20.88	0.6369E-13
27.20	0.6617E-13
34.68	0.6863E-13
43.40	0.7108E-13
53.41	0.7353E-13
64.77	0.7596E-13
77.54	0.7839E-13
91.71	0.8080E-13
107.2	0.8319E-13
124.1	0.8556E-13
142.2	0.8791E-13
161.6	0.9024E-13
182.0	0.9256E-13
203.4	0.9485E-13
225.7	0.9712E-13
248.9	0.9938E-13
272.9	0.1016E-12
297.6	0.1038E-12
322.8	0.1060E-12
348.8	0.1082E-12
375.4	0.1104E-12
402.4	0.1126E-12
429.9	0.1147E-12
457.8	0.1169E-12
486.3	0.1190E-12
515.2	0.1211E-12
544.5	0.1231E-12
574.3	0.1252E-12
604.4	0.1272E-12
634.9	0.1293E-12
665.7	0.1313E-12
697.0	0.1333E-12
728.7	0.1352E-12
760.7	0.1372E-12
793.2	0.1391E-12
826.0	0.1411E-12
859.2	0.1430E-12
892.8	0.1449E-12
926.9	0.1467E-12
961.3	0.1486E-12
996.1	0.1504E-12
1031.	0.1523E-12
1067.	0.1541E-12
1103.	0.1559E-12
1140.	0.1577E-12
1177.	0.1594E-12
1215.	0.1612E-12
1253.	0.1629E-12
1292.	0.1646E-12
1331.	0.1663E-12
1370.	0.1680E-12
1411.	0.1697E-12
1451.	0.1713E-12
1493.	0.1729E-12
1535.	0.1746E-12
1577.	0.1762E-12
1621.	0.1777E-12
1664.	0.1793E-12
1709.	0.1808E-12
1754.	0.1824E-12
1800.	0.1839E-12
1847.	0.1854E-12
1894.	0.1868E-12
1942.	0.1883E-12
1990.	0.1897E-12
2040.	0.1911E-12
2090.	0.1925E-12
2141.	0.1939E-12
2193.	0.1952E-12
2246.	0.1966E-12
2299.	0.1979E-12
2353.	0.1992E-12
2408.	0.2004E-12
2464.	0.2017E-12
2521.	0.2029E-12
2579.	0.2041E-12
2637.	0.2053E-12
2697.	0.2064E-12
2757.	0.2076E-12
2818.	0.2087E-12
2880.	0.2098E-12
2944.	0.2108E-12
3008.	0.2119E-12
3073.	0.2129E-12
3139.	0.2139E-12
3205.	0.2149E-12
3274.	0.2158E-12
3342.	0.2167E-12
3412.	0.2176E-12
3483.	0.2185E-12
3555.	0.2193E-12
 
 
Ar                                                              
E/N (Td)	Inelastic energy loss coefficient (eV m3/s)
0.1174E-02	-0.9155E-33
0.1686E-02	-0.9299E-33
0.2194E-02	-0.9446E-33
0.2731E-02	-0.9594E-33
0.3325E-02	-0.9744E-33
0.3999E-02	-0.9896E-33
0.4765E-02	-0.1005E-32
0.5633E-02	-0.1021E-32
0.6605E-02	-0.1036E-32
0.7724E-02	-0.1052E-32
0.8968E-02	-0.1067E-32
0.1035E-01	-0.1083E-32
0.1188E-01	-0.1099E-32
0.1355E-01	-0.1115E-32
0.1536E-01	-0.1131E-32
0.1732E-01	-0.1147E-32
0.1943E-01	-0.1164E-32
0.2169E-01	-0.1181E-32
0.2410E-01	-0.1198E-32
0.2669E-01	-0.1215E-32
0.2944E-01	-0.1232E-32
0.3235E-01	-0.1250E-32
0.3545E-01	-0.1268E-32
0.3872E-01	-0.1286E-32
0.4219E-01	-0.1305E-32
0.4585E-01	-0.1324E-32
0.4970E-01	-0.1343E-32
0.5377E-01	-0.1362E-32
0.5805E-01	-0.1382E-32
0.6256E-01	-0.1402E-32
0.6730E-01	-0.1423E-32
0.7227E-01	-0.1444E-32
0.7750E-01	-0.1465E-32
0.8299E-01	-0.1487E-32
0.8877E-01	-0.1509E-32
0.9483E-01	-0.1531E-32
0.1012	-0.1554E-32
0.1079	-0.1577E-32
0.1149	-0.1601E-32
0.1222	-0.1624E-32
0.1299	-0.1648E-32
0.1382	-0.1673E-32
0.1468	-0.1698E-32
0.1558	-0.1723E-32
0.1654	-0.1748E-32
0.1754	-0.1774E-32
0.1861	-0.1800E-32
0.1972	-0.1827E-32
0.2089	-0.1853E-32
0.2212	-0.1880E-32
0.2341	-0.1908E-32
0.2478	-0.1936E-32
0.2622	-0.1964E-32
0.2774	-0.1992E-32
0.2936	-0.2022E-32
0.3103	-0.2051E-32
0.3282	-0.2081E-32
0.3472	-0.2112E-32
0.3670	-0.2143E-32
0.3880	-0.2175E-32
0.4102	-0.2207E-32
0.4336	0.1087E-28
0.4584	0.5715E-28
0.4846	0.1344E-27
0.5122	0.2480E-27
0.5416	0.4293E-27
0.5728	0.7375E-27
0.6058	0.1281E-26
0.6408	0.2258E-26
0.6780	0.4046E-26
0.7173	-0.2556E-32
0.7592	-0.2594E-32
0.8037	0.5464E-26
0.8511	0.3245E-25
0.9016	0.7944E-25
0.9553	0.1767E-24
1.012	0.3726E-24
1.073	0.7708E-24
1.138	0.1602E-23
1.207	0.3354E-23
1.280	0.7070E-23
1.357	0.1500E-22
1.440	0.3201E-22
1.528	0.6833E-22
1.621	0.1453E-21
1.719	0.3072E-21
1.823	0.6436E-21
1.933	0.1332E-20
2.050	0.2719E-20
2.173	0.5439E-20
2.303	0.1065E-19
2.441	0.2040E-19
2.588	0.3837E-19
2.742	0.6983E-19
2.906	0.1239E-18
3.081	0.2144E-18
3.270	0.3626E-18
3.473	0.5981E-18
3.698	0.9732E-18
3.952	0.1564E-17
4.241	0.2489E-17
4.582	0.3945E-17
4.998	0.6283E-17
5.531	0.1016E-16
6.260	0.1694E-16
7.335	0.2966E-16
9.034	0.5534E-16
11.75	0.1083E-15
15.71	0.2090E-15
20.88	0.3788E-15
27.20	0.6414E-15
34.68	0.1026E-14
43.40	0.1567E-14
53.41	0.2307E-14
64.77	0.3289E-14
77.54	0.4564E-14
91.71	0.6177E-14
107.2	0.8175E-14
124.1	0.1060E-13
142.2	0.1349E-13
161.6	0.1687E-13
182.0	0.2078E-13
203.4	0.2522E-13
225.7	0.3022E-13
248.9	0.3578E-13
272.9	0.4192E-13
297.6	0.4862E-13
322.8	0.5589E-13
348.8	0.6376E-13
375.4	0.7222E-13
402.4	0.8125E-13
429.9	0.9080E-13
457.8	0.1010E-12
486.3	0.1117E-12
515.2	0.1230E-12
544.5	0.1348E-12
574.3	0.1473E-12
604.4	0.1602E-12
634.9	0.1737E-12
665.7	0.1878E-12
697.0	0.2024E-12
728.7	0.2175E-12
760.7	0.2331E-12
793.2	0.2492E-12
826.0	0.2658E-12
859.2	0.2830E-12
892.8	0.3006E-12
926.9	0.3187E-12
961.3	0.3372E-12
996.1	0.3562E-12
1031.	0.3757E-12
1067.	0.3956E-12
1103.	0.4160E-12
1140.	0.4368E-12
1177.	0.4581E-12
1215.	0.4797E-12
1253.	0.5018E-12
1292.	0.5243E-12
1331.	0.5472E-12
1370.	0.5704E-12
1411.	0.5941E-12
1451.	0.6181E-12
1493.	0.6425E-12
1535.	0.6673E-12
1577.	0.6924E-12
1621.	0.7178E-12
1664.	0.7436E-12
1709.	0.7698E-12
1754.	0.7962E-12
1800.	0.8230E-12
1847.	0.8500E-12
1894.	0.8774E-12
1942.	0.9051E-12
1990.	0.9329E-12
2040.	0.9612E-12
2090.	0.9895E-12
2141.	0.1018E-11
2193.	0.1047E-11
2246.	0.1076E-11
2299.	0.1106E-11
2353.	0.1135E-11
2408.	0.1165E-11
2464.	0.1195E-11
2521.	0.1225E-11
2579.	0.1255E-11
2637.	0.1285E-11
2697.	0.1316E-11
2757.	0.1347E-11
2818.	0.1377E-11
2880.	0.1408E-11
2944.	0.1439E-11
3008.	0.1470E-11
3073.	0.1501E-11
3139.	0.1532E-11
3205.	0.1563E-11
3274.	0.1594E-11
3342.	0.1625E-11
3412.	0.1656E-11
3483.	0.1687E-11
3555.	0.1718E-11
 
 
Ar*                                                             
E/N (Td)	Inelastic energy loss coefficient (eV m3/s)
0.1174E-02	0.1697E-19
0.1686E-02	0.1765E-19
0.2194E-02	0.1838E-19
0.2731E-02	0.1916E-19
0.3325E-02	0.2000E-19
0.3999E-02	0.2092E-19
0.4765E-02	0.2194E-19
0.5633E-02	0.2318E-19
0.6605E-02	0.2444E-19
0.7724E-02	0.2589E-19
0.8968E-02	0.2753E-19
0.1035E-01	0.2942E-19
0.1188E-01	0.3158E-19
0.1355E-01	0.3406E-19
0.1536E-01	0.3692E-19
0.1732E-01	0.4020E-19
0.1943E-01	0.4403E-19
0.2169E-01	0.4848E-19
0.2410E-01	0.5368E-19
0.2669E-01	0.5976E-19
0.2944E-01	0.6695E-19
0.3235E-01	0.7537E-19
0.3545E-01	0.8534E-19
0.3872E-01	0.9718E-19
0.4219E-01	0.1113E-18
0.4585E-01	0.1282E-18
0.4970E-01	0.1485E-18
0.5377E-01	0.1730E-18
0.5805E-01	0.2026E-18
0.6256E-01	0.2387E-18
0.6730E-01	0.2827E-18
0.7227E-01	0.3365E-18
0.7750E-01	0.4028E-18
0.8299E-01	0.4847E-18
0.8877E-01	0.5862E-18
0.9483E-01	0.7125E-18
0.1012	0.8703E-18
0.1079	0.1068E-17
0.1149	0.1317E-17
0.1222	0.1632E-17
0.1299	0.2030E-17
0.1382	0.2549E-17
0.1468	0.3203E-17
0.1558	0.4043E-17
0.1654	0.5141E-17
0.1754	0.6539E-17
0.1861	0.8391E-17
0.1972	0.1076E-16
0.2089	0.1385E-16
0.2212	0.1787E-16
0.2341	0.2313E-16
0.2478	0.2999E-16
0.2622	0.3897E-16
0.2774	0.5072E-16
0.2936	0.6632E-16
0.3103	0.8629E-16
0.3282	0.1125E-15
0.3472	0.1471E-15
0.3670	0.1916E-15
0.3880	0.2491E-15
0.4102	0.3234E-15
0.4336	0.4187E-15
0.4584	0.5406E-15
0.4846	0.6956E-15
0.5122	0.8903E-15
0.5416	0.1137E-14
0.5728	0.1444E-14
0.6058	0.1826E-14
0.6408	0.2295E-14
0.6780	0.2870E-14
0.7173	0.3563E-14
0.7592	0.4403E-14
0.8037	0.5403E-14
0.8511	0.6595E-14
0.9016	0.7997E-14
0.9553	0.9635E-14
1.012	0.1153E-13
1.073	0.1372E-13
1.138	0.1621E-13
1.207	0.1903E-13
1.280	0.2220E-13
1.357	0.2574E-13
1.440	0.2967E-13
1.528	0.3400E-13
1.621	0.3872E-13
1.719	0.4385E-13
1.823	0.4939E-13
1.933	0.5535E-13
2.050	0.6173E-13
2.173	0.6851E-13
2.303	0.7568E-13
2.441	0.8326E-13
2.588	0.9129E-13
2.742	0.9962E-13
2.906	0.1083E-12
3.081	0.1173E-12
3.270	0.1267E-12
3.473	0.1363E-12
3.698	0.1462E-12
3.952	0.1565E-12
4.241	0.1671E-12
4.582	0.1779E-12
4.998	0.1890E-12
5.531	0.2003E-12
6.260	0.2118E-12
7.335	0.2234E-12
9.034	0.2349E-12
11.75	0.2461E-12
15.71	0.2569E-12
20.88	0.2675E-12
27.20	0.2779E-12
34.68	0.2882E-12
43.40	0.2985E-12
53.41	0.3088E-12
64.77	0.3190E-12
77.54	0.3292E-12
91.71	0.3393E-12
107.2	0.3494E-12
124.1	0.3594E-12
142.2	0.3692E-12
161.6	0.3790E-12
182.0	0.3887E-12
203.4	0.3984E-12
225.7	0.4079E-12
248.9	0.4174E-12
272.9	0.4268E-12
297.6	0.4361E-12
322.8	0.4454E-12
348.8	0.4546E-12
375.4	0.4638E-12
402.4	0.4729E-12
429.9	0.4819E-12
457.8	0.4908E-12
486.3	0.4997E-12
515.2	0.5085E-12
544.5	0.5172E-12
574.3	0.5259E-12
604.4	0.5344E-12
634.9	0.5429E-12
665.7	0.5514E-12
697.0	0.5597E-12
728.7	0.5680E-12
760.7	0.5763E-12
793.2	0.5844E-12
826.0	0.5925E-12
859.2	0.6005E-12
892.8	0.6085E-12
926.9	0.6163E-12
961.3	0.6241E-12
996.1	0.6319E-12
1031.	0.6396E-12
1067.	0.6472E-12
1103.	0.6547E-12
1140.	0.6622E-12
1177.	0.6696E-12
1215.	0.6769E-12
1253.	0.6842E-12
1292.	0.6914E-12
1331.	0.6985E-12
1370.	0.7056E-12
1411.	0.7126E-12
1451.	0.7195E-12
1493.	0.7264E-12
1535.	0.7332E-12
1577.	0.7399E-12
1621.	0.7465E-12
1664.	0.7531E-12
1709.	0.7596E-12
1754.	0.7660E-12
1800.	0.7723E-12
1847.	0.7786E-12
1894.	0.7847E-12
1942.	0.7908E-12
1990.	0.7968E-12
2040.	0.8028E-12
2090.	0.8086E-12
2141.	0.8143E-12
2193.	0.8200E-12
2246.	0.8256E-12
2299.	0.8311E-12
2353.	0.8365E-12
2408.	0.8418E-12
2464.	0.8470E-12
2521.	0.8522E-12
2579.	0.8572E-12
2637.	0.8621E-12
2697.	0.8670E-12
2757.	0.8718E-12
2818.	0.8764E-12
2880.	0.8810E-12
2944.	0.8854E-12
3008.	0.8899E-12
3073.	0.8941E-12
3139.	0.8983E-12
3205.	0.9024E-12
3274.	0.9064E-12
3342.	0.9102E-12
3412.	0.9140E-12
3483.	0.9177E-12
3555.	0.9212E-12
 
 
