BOLSIG+ version: 03/2016
Collision input data:
--------------------------------------------------
Ar                                                              
crs-Biagi_v7.1+step.txt
--------------------------------------------------
Ar*                                                             
crs-Biagi_v7.1+step.txt
 
 
 
Angular frequency / N (m3/s)               0.000    
Cosine of E-B field angle                  0.000    
Gas temperature (K)                        300.0    
Excitation temperature (K)                 300.0    
Transition energy (eV)                     0.000    
Ionization degree                          0.000    
Plasma density (1/m3)                     0.8000E+17
Ion charge parameter                       1.000    
Ion/neutral mass ratio                     1.000    
e-e momentum effects                       1.000    
Energy sharing                             1.000    
Growth model                               1.000    
Maxwellian mean energy (eV)                0.000    
# of grid points                           200.0    
Grid type                                  0.000    
Maximum energy                             200.0    
Precision                                 0.1000E-09
Convergence                               0.1000E-03
Maximum # of iterations                    1000.    
Mole fraction Ar                           1.000    
Mole fraction Ar*                         0.1000E-04
 
 
E/N (Td)    	Electric field / N (Td)                                         
0.1930E-01	0.1930E-01
0.2059E-01	0.2059E-01
0.2197E-01	0.2197E-01
0.2344E-01	0.2344E-01
0.2499E-01	0.2499E-01
0.2663E-01	0.2663E-01
0.2838E-01	0.2838E-01
0.3022E-01	0.3022E-01
0.3217E-01	0.3217E-01
0.3422E-01	0.3422E-01
0.3639E-01	0.3639E-01
0.3867E-01	0.3867E-01
0.4107E-01	0.4107E-01
0.4359E-01	0.4359E-01
0.4624E-01	0.4624E-01
0.4901E-01	0.4901E-01
0.5192E-01	0.5192E-01
0.5497E-01	0.5497E-01
0.5817E-01	0.5817E-01
0.6151E-01	0.6151E-01
0.6501E-01	0.6501E-01
0.6866E-01	0.6866E-01
0.7249E-01	0.7249E-01
0.7649E-01	0.7649E-01
0.8067E-01	0.8067E-01
0.8507E-01	0.8507E-01
0.8965E-01	0.8965E-01
0.9445E-01	0.9445E-01
0.9948E-01	0.9948E-01
0.1047	0.1047
0.1102	0.1102
0.1160	0.1160
0.1220	0.1220
0.1283	0.1283
0.1349	0.1349
0.1419	0.1419
0.1491	0.1491
0.1568	0.1568
0.1647	0.1647
0.1731	0.1731
0.1819	0.1819
0.1911	0.1911
0.2008	0.2008
0.2110	0.2110
0.2217	0.2217
0.2329	0.2329
0.2447	0.2447
0.2571	0.2571
0.2701	0.2701
0.2838	0.2838
0.2982	0.2982
0.3134	0.3134
0.3293	0.3293
0.3461	0.3461
0.3638	0.3638
0.3823	0.3823
0.4018	0.4018
0.4224	0.4224
0.4440	0.4440
0.4668	0.4668
0.4907	0.4907
0.5160	0.5160
0.5425	0.5425
0.5707	0.5707
0.6003	0.6003
0.6316	0.6316
0.6646	0.6646
0.6996	0.6996
0.7366	0.7366
0.7759	0.7759
0.8173	0.8173
0.8614	0.8614
0.9084	0.9084
0.9581	0.9581
1.011	1.011
1.068	1.068
1.127	1.127
1.191	1.191
1.259	1.259
1.331	1.331
1.407	1.407
1.488	1.488
1.575	1.575
1.666	1.666
1.763	1.763
1.865	1.865
1.973	1.973
2.088	2.088
2.209	2.209
2.337	2.337
2.471	2.471
2.614	2.614
2.763	2.763
2.920	2.920
3.085	3.085
3.259	3.259
3.443	3.443
3.641	3.641
3.854	3.854
4.089	4.089
4.355	4.355
4.664	4.664
5.037	5.037
5.513	5.513
6.162	6.162
7.134	7.134
8.744	8.744
11.43	11.43
15.46	15.46
20.71	20.71
27.09	27.09
34.61	34.61
43.35	43.35
53.38	53.38
64.75	64.75
77.53	77.53
91.70	91.70
107.2	107.2
124.1	124.1
142.3	142.3
161.6	161.6
182.0	182.0
203.4	203.4
225.8	225.8
248.9	248.9
272.9	272.9
297.6	297.6
322.9	322.9
348.8	348.8
375.4	375.4
402.4	402.4
429.9	429.9
457.8	457.8
486.3	486.3
515.2	515.2
544.5	544.5
574.3	574.3
604.4	604.4
634.9	634.9
665.7	665.7
697.0	697.0
728.7	728.7
760.8	760.8
793.2	793.2
826.0	826.0
859.2	859.2
892.9	892.9
926.9	926.9
961.3	961.3
996.2	996.2
1031.	1031.
1067.	1067.
1103.	1103.
1140.	1140.
1177.	1177.
1215.	1215.
1253.	1253.
1292.	1292.
1331.	1331.
1370.	1370.
1411.	1411.
1451.	1451.
1493.	1493.
1535.	1535.
1577.	1577.
1621.	1621.
1664.	1664.
1709.	1709.
1754.	1754.
1800.	1800.
1847.	1847.
1894.	1894.
1942.	1942.
1990.	1990.
2040.	2040.
2090.	2090.
2141.	2141.
2193.	2193.
2246.	2246.
2299.	2299.
2353.	2353.
2408.	2408.
2464.	2464.
2521.	2521.
2579.	2579.
2637.	2637.
2697.	2697.
2757.	2757.
2818.	2818.
2880.	2880.
2944.	2944.
3008.	3008.
3073.	3073.
3139.	3139.
3205.	3205.
3274.	3274.
3342.	3342.
3412.	3412.
3483.	3483.
3555.	3555.
 
 
E/N (Td)	Mean energy (eV)
0.1930E-01	0.4000
0.2059E-01	0.4098
0.2197E-01	0.4199
0.2344E-01	0.4302
0.2499E-01	0.4408
0.2663E-01	0.4516
0.2838E-01	0.4627
0.3022E-01	0.4740
0.3217E-01	0.4857
0.3422E-01	0.4976
0.3639E-01	0.5098
0.3867E-01	0.5224
0.4107E-01	0.5352
0.4359E-01	0.5483
0.4624E-01	0.5618
0.4901E-01	0.5756
0.5192E-01	0.5897
0.5497E-01	0.6042
0.5817E-01	0.6191
0.6151E-01	0.6343
0.6501E-01	0.6498
0.6866E-01	0.6658
0.7249E-01	0.6821
0.7649E-01	0.6989
0.8067E-01	0.7161
0.8507E-01	0.7337
0.8965E-01	0.7517
0.9445E-01	0.7701
0.9948E-01	0.7890
0.1047	0.8084
0.1102	0.8283
0.1160	0.8486
0.1220	0.8695
0.1283	0.8908
0.1349	0.9127
0.1419	0.9351
0.1491	0.9581
0.1568	0.9816
0.1647	1.006
0.1731	1.030
0.1819	1.056
0.1911	1.082
0.2008	1.108
0.2110	1.135
0.2217	1.163
0.2329	1.192
0.2447	1.221
0.2571	1.251
0.2701	1.282
0.2838	1.313
0.2982	1.346
0.3134	1.379
0.3293	1.413
0.3461	1.447
0.3638	1.483
0.3823	1.519
0.4018	1.556
0.4224	1.595
0.4440	1.634
0.4668	1.674
0.4907	1.715
0.5160	1.757
0.5425	1.800
0.5707	1.845
0.6003	1.890
0.6316	1.936
0.6646	1.984
0.6996	2.033
0.7366	2.083
0.7759	2.134
0.8173	2.186
0.8614	2.240
0.9084	2.295
0.9581	2.351
1.011	2.409
1.068	2.468
1.127	2.529
1.191	2.591
1.259	2.654
1.331	2.720
1.407	2.786
1.488	2.855
1.575	2.925
1.666	2.997
1.763	3.070
1.865	3.146
1.973	3.223
2.088	3.302
2.209	3.383
2.337	3.466
2.471	3.551
2.614	3.639
2.763	3.728
2.920	3.820
3.085	3.913
3.259	4.010
3.443	4.108
3.641	4.209
3.854	4.312
4.089	4.418
4.355	4.527
4.664	4.638
5.037	4.752
5.513	4.868
6.162	4.988
7.134	5.110
8.744	5.236
11.43	5.364
15.46	5.496
20.71	5.631
27.09	5.770
34.61	5.911
43.35	6.057
53.38	6.205
64.75	6.358
77.53	6.513
91.70	6.674
107.2	6.837
124.1	7.006
142.3	7.178
161.6	7.354
182.0	7.535
203.4	7.720
225.8	7.909
248.9	8.104
272.9	8.303
297.6	8.507
322.9	8.715
348.8	8.930
375.4	9.149
402.4	9.374
429.9	9.604
457.8	9.840
486.3	10.08
515.2	10.33
544.5	10.58
574.3	10.84
604.4	11.11
634.9	11.38
665.7	11.66
697.0	11.95
728.7	12.24
760.8	12.54
793.2	12.85
826.0	13.17
859.2	13.49
892.9	13.82
926.9	14.16
961.3	14.51
996.2	14.86
1031.	15.23
1067.	15.60
1103.	15.99
1140.	16.38
1177.	16.78
1215.	17.19
1253.	17.61
1292.	18.05
1331.	18.49
1370.	18.94
1411.	19.41
1451.	19.89
1493.	20.37
1535.	20.88
1577.	21.39
1621.	21.91
1664.	22.45
1709.	23.00
1754.	23.57
1800.	24.15
1847.	24.74
1894.	25.35
1942.	25.97
1990.	26.61
2040.	27.26
2090.	27.93
2141.	28.62
2193.	29.32
2246.	30.04
2299.	30.78
2353.	31.53
2408.	32.31
2464.	33.10
2521.	33.92
2579.	34.75
2637.	35.60
2697.	36.47
2757.	37.37
2818.	38.29
2880.	39.23
2944.	40.19
3008.	41.18
3073.	42.19
3139.	43.23
3205.	44.29
3274.	45.38
3342.	46.49
3412.	47.63
3483.	48.80
3555.	50.00
 
 
E/N (Td)	Mobility *N (1/m/V/s)
0.1930E-01	0.5588E+26
0.2059E-01	0.5314E+26
0.2197E-01	0.5054E+26
0.2344E-01	0.4809E+26
0.2499E-01	0.4578E+26
0.2663E-01	0.4359E+26
0.2838E-01	0.4153E+26
0.3022E-01	0.3959E+26
0.3217E-01	0.3776E+26
0.3422E-01	0.3603E+26
0.3639E-01	0.3440E+26
0.3867E-01	0.3286E+26
0.4107E-01	0.3141E+26
0.4359E-01	0.3005E+26
0.4624E-01	0.2876E+26
0.4901E-01	0.2754E+26
0.5192E-01	0.2640E+26
0.5497E-01	0.2531E+26
0.5817E-01	0.2429E+26
0.6151E-01	0.2332E+26
0.6501E-01	0.2240E+26
0.6866E-01	0.2153E+26
0.7249E-01	0.2070E+26
0.7649E-01	0.1991E+26
0.8067E-01	0.1916E+26
0.8507E-01	0.1844E+26
0.8965E-01	0.1775E+26
0.9445E-01	0.1710E+26
0.9948E-01	0.1647E+26
0.1047	0.1587E+26
0.1102	0.1529E+26
0.1160	0.1474E+26
0.1220	0.1421E+26
0.1283	0.1370E+26
0.1349	0.1321E+26
0.1419	0.1274E+26
0.1491	0.1229E+26
0.1568	0.1185E+26
0.1647	0.1143E+26
0.1731	0.1103E+26
0.1819	0.1063E+26
0.1911	0.1026E+26
0.2008	0.9890E+25
0.2110	0.9536E+25
0.2217	0.9196E+25
0.2329	0.8866E+25
0.2447	0.8548E+25
0.2571	0.8240E+25
0.2701	0.7944E+25
0.2838	0.7657E+25
0.2982	0.7379E+25
0.3134	0.7112E+25
0.3293	0.6852E+25
0.3461	0.6603E+25
0.3638	0.6361E+25
0.3823	0.6129E+25
0.4018	0.5904E+25
0.4224	0.5687E+25
0.4440	0.5478E+25
0.4668	0.5275E+25
0.4907	0.5080E+25
0.5160	0.4892E+25
0.5425	0.4711E+25
0.5707	0.4535E+25
0.6003	0.4367E+25
0.6316	0.4204E+25
0.6646	0.4047E+25
0.6996	0.3895E+25
0.7366	0.3749E+25
0.7759	0.3609E+25
0.8173	0.3474E+25
0.8614	0.3343E+25
0.9084	0.3217E+25
0.9581	0.3097E+25
1.011	0.2980E+25
1.068	0.2868E+25
1.127	0.2760E+25
1.191	0.2656E+25
1.259	0.2556E+25
1.331	0.2460E+25
1.407	0.2367E+25
1.488	0.2277E+25
1.575	0.2191E+25
1.666	0.2108E+25
1.763	0.2028E+25
1.865	0.1951E+25
1.973	0.1877E+25
2.088	0.1805E+25
2.209	0.1737E+25
2.337	0.1670E+25
2.471	0.1607E+25
2.614	0.1545E+25
2.763	0.1486E+25
2.920	0.1430E+25
3.085	0.1376E+25
3.259	0.1325E+25
3.443	0.1276E+25
3.641	0.1231E+25
3.854	0.1187E+25
4.089	0.1148E+25
4.355	0.1111E+25
4.664	0.1078E+25
5.037	0.1049E+25
5.513	0.1026E+25
6.162	0.1009E+25
7.134	0.9986E+24
8.744	0.9930E+24
11.43	0.9850E+24
15.46	0.9673E+24
20.71	0.9421E+24
27.09	0.9144E+24
34.61	0.8873E+24
43.35	0.8624E+24
53.38	0.8400E+24
64.75	0.8202E+24
77.53	0.8025E+24
91.70	0.7865E+24
107.2	0.7718E+24
124.1	0.7583E+24
142.3	0.7457E+24
161.6	0.7339E+24
182.0	0.7227E+24
203.4	0.7122E+24
225.8	0.7023E+24
248.9	0.6930E+24
272.9	0.6842E+24
297.6	0.6759E+24
322.9	0.6681E+24
348.8	0.6608E+24
375.4	0.6539E+24
402.4	0.6474E+24
429.9	0.6413E+24
457.8	0.6356E+24
486.3	0.6302E+24
515.2	0.6250E+24
544.5	0.6202E+24
574.3	0.6155E+24
604.4	0.6112E+24
634.9	0.6071E+24
665.7	0.6032E+24
697.0	0.5995E+24
728.7	0.5958E+24
760.8	0.5923E+24
793.2	0.5890E+24
826.0	0.5858E+24
859.2	0.5826E+24
892.9	0.5795E+24
926.9	0.5764E+24
961.3	0.5736E+24
996.2	0.5707E+24
1031.	0.5679E+24
1067.	0.5651E+24
1103.	0.5625E+24
1140.	0.5598E+24
1177.	0.5572E+24
1215.	0.5546E+24
1253.	0.5519E+24
1292.	0.5494E+24
1331.	0.5470E+24
1370.	0.5444E+24
1411.	0.5419E+24
1451.	0.5394E+24
1493.	0.5370E+24
1535.	0.5345E+24
1577.	0.5321E+24
1621.	0.5296E+24
1664.	0.5272E+24
1709.	0.5247E+24
1754.	0.5222E+24
1800.	0.5199E+24
1847.	0.5174E+24
1894.	0.5150E+24
1942.	0.5125E+24
1990.	0.5102E+24
2040.	0.5077E+24
2090.	0.5053E+24
2141.	0.5029E+24
2193.	0.5006E+24
2246.	0.4981E+24
2299.	0.4958E+24
2353.	0.4935E+24
2408.	0.4911E+24
2464.	0.4888E+24
2521.	0.4863E+24
2579.	0.4841E+24
2637.	0.4817E+24
2697.	0.4795E+24
2757.	0.4771E+24
2818.	0.4749E+24
2880.	0.4727E+24
2944.	0.4703E+24
3008.	0.4682E+24
3073.	0.4659E+24
3139.	0.4637E+24
3205.	0.4617E+24
3274.	0.4595E+24
3342.	0.4573E+24
3412.	0.4552E+24
3483.	0.4532E+24
3555.	0.4511E+24
 
 
E/N (Td)	Diffusion coefficient *N (1/m/s)
0.1930E-01	0.4042E+26
0.2059E-01	0.3983E+26
0.2197E-01	0.3923E+26
0.2344E-01	0.3862E+26
0.2499E-01	0.3803E+26
0.2663E-01	0.3741E+26
0.2838E-01	0.3678E+26
0.3022E-01	0.3618E+26
0.3217E-01	0.3560E+26
0.3422E-01	0.3497E+26
0.3639E-01	0.3437E+26
0.3867E-01	0.3380E+26
0.4107E-01	0.3320E+26
0.4359E-01	0.3263E+26
0.4624E-01	0.3206E+26
0.4901E-01	0.3150E+26
0.5192E-01	0.3096E+26
0.5497E-01	0.3042E+26
0.5817E-01	0.2989E+26
0.6151E-01	0.2936E+26
0.6501E-01	0.2885E+26
0.6866E-01	0.2837E+26
0.7249E-01	0.2786E+26
0.7649E-01	0.2738E+26
0.8067E-01	0.2692E+26
0.8507E-01	0.2645E+26
0.8965E-01	0.2599E+26
0.9445E-01	0.2555E+26
0.9948E-01	0.2512E+26
0.1047	0.2471E+26
0.1102	0.2428E+26
0.1160	0.2384E+26
0.1220	0.2345E+26
0.1283	0.2311E+26
0.1349	0.2268E+26
0.1419	0.2231E+26
0.1491	0.2195E+26
0.1568	0.2158E+26
0.1647	0.2121E+26
0.1731	0.2088E+26
0.1819	0.2057E+26
0.1911	0.2020E+26
0.2008	0.1986E+26
0.2110	0.1957E+26
0.2217	0.1926E+26
0.2329	0.1894E+26
0.2447	0.1863E+26
0.2571	0.1834E+26
0.2701	0.1806E+26
0.2838	0.1777E+26
0.2982	0.1749E+26
0.3134	0.1721E+26
0.3293	0.1695E+26
0.3461	0.1669E+26
0.3638	0.1642E+26
0.3823	0.1617E+26
0.4018	0.1592E+26
0.4224	0.1567E+26
0.4440	0.1543E+26
0.4668	0.1519E+26
0.4907	0.1497E+26
0.5160	0.1474E+26
0.5425	0.1454E+26
0.5707	0.1430E+26
0.6003	0.1407E+26
0.6316	0.1385E+26
0.6646	0.1364E+26
0.6996	0.1345E+26
0.7366	0.1326E+26
0.7759	0.1308E+26
0.8173	0.1287E+26
0.8614	0.1266E+26
0.9084	0.1246E+26
0.9581	0.1227E+26
1.011	0.1209E+26
1.068	0.1192E+26
1.127	0.1177E+26
1.191	0.1160E+26
1.259	0.1142E+26
1.331	0.1124E+26
1.407	0.1107E+26
1.488	0.1090E+26
1.575	0.1074E+26
1.666	0.1058E+26
1.763	0.1042E+26
1.865	0.1027E+26
1.973	0.1011E+26
2.088	0.9963E+25
2.209	0.9813E+25
2.337	0.9666E+25
2.471	0.9521E+25
2.614	0.9375E+25
2.763	0.9233E+25
2.920	0.9094E+25
3.085	0.8957E+25
3.259	0.8823E+25
3.443	0.8690E+25
3.641	0.8561E+25
3.854	0.8434E+25
4.089	0.8311E+25
4.355	0.8191E+25
4.664	0.8076E+25
5.037	0.7965E+25
5.513	0.7861E+25
6.162	0.7766E+25
7.134	0.7682E+25
8.744	0.7607E+25
11.43	0.7535E+25
15.46	0.7455E+25
20.71	0.7367E+25
27.09	0.7276E+25
34.61	0.7186E+25
43.35	0.7099E+25
53.38	0.7013E+25
64.75	0.6928E+25
77.53	0.6840E+25
91.70	0.6750E+25
107.2	0.6658E+25
124.1	0.6565E+25
142.3	0.6473E+25
161.6	0.6385E+25
182.0	0.6303E+25
203.4	0.6228E+25
225.8	0.6160E+25
248.9	0.6100E+25
272.9	0.6047E+25
297.6	0.6000E+25
322.9	0.5961E+25
348.8	0.5929E+25
375.4	0.5903E+25
402.4	0.5883E+25
429.9	0.5869E+25
457.8	0.5862E+25
486.3	0.5859E+25
515.2	0.5862E+25
544.5	0.5871E+25
574.3	0.5884E+25
604.4	0.5903E+25
634.9	0.5927E+25
665.7	0.5957E+25
697.0	0.5990E+25
728.7	0.6028E+25
760.8	0.6070E+25
793.2	0.6118E+25
826.0	0.6169E+25
859.2	0.6225E+25
892.9	0.6284E+25
926.9	0.6347E+25
961.3	0.6416E+25
996.2	0.6488E+25
1031.	0.6563E+25
1067.	0.6643E+25
1103.	0.6727E+25
1140.	0.6815E+25
1177.	0.6907E+25
1215.	0.7001E+25
1253.	0.7099E+25
1292.	0.7202E+25
1331.	0.7309E+25
1370.	0.7418E+25
1411.	0.7532E+25
1451.	0.7649E+25
1493.	0.7771E+25
1535.	0.7894E+25
1577.	0.8023E+25
1621.	0.8154E+25
1664.	0.8289E+25
1709.	0.8428E+25
1754.	0.8570E+25
1800.	0.8717E+25
1847.	0.8867E+25
1894.	0.9021E+25
1942.	0.9178E+25
1990.	0.9341E+25
2040.	0.9505E+25
2090.	0.9673E+25
2141.	0.9847E+25
2193.	0.1003E+26
2246.	0.1021E+26
2299.	0.1039E+26
2353.	0.1058E+26
2408.	0.1077E+26
2464.	0.1097E+26
2521.	0.1118E+26
2579.	0.1139E+26
2637.	0.1160E+26
2697.	0.1181E+26
2757.	0.1203E+26
2818.	0.1226E+26
2880.	0.1250E+26
2944.	0.1273E+26
3008.	0.1297E+26
3073.	0.1322E+26
3139.	0.1347E+26
3205.	0.1374E+26
3274.	0.1400E+26
3342.	0.1427E+26
3412.	0.1455E+26
3483.	0.1484E+26
3555.	0.1512E+26
 
 
E/N (Td)	Energy mobility *N (1/m/V/s)
0.1930E-01	0.8275E+26
0.2059E-01	0.7876E+26
0.2197E-01	0.7498E+26
0.2344E-01	0.7141E+26
0.2499E-01	0.6803E+26
0.2663E-01	0.6483E+26
0.2838E-01	0.6181E+26
0.3022E-01	0.5896E+26
0.3217E-01	0.5626E+26
0.3422E-01	0.5372E+26
0.3639E-01	0.5132E+26
0.3867E-01	0.4905E+26
0.4107E-01	0.4692E+26
0.4359E-01	0.4490E+26
0.4624E-01	0.4300E+26
0.4901E-01	0.4120E+26
0.5192E-01	0.3950E+26
0.5497E-01	0.3789E+26
0.5817E-01	0.3637E+26
0.6151E-01	0.3492E+26
0.6501E-01	0.3355E+26
0.6866E-01	0.3225E+26
0.7249E-01	0.3101E+26
0.7649E-01	0.2983E+26
0.8067E-01	0.2871E+26
0.8507E-01	0.2763E+26
0.8965E-01	0.2661E+26
0.9445E-01	0.2562E+26
0.9948E-01	0.2468E+26
0.1047	0.2378E+26
0.1102	0.2292E+26
0.1160	0.2209E+26
0.1220	0.2130E+26
0.1283	0.2053E+26
0.1349	0.1979E+26
0.1419	0.1909E+26
0.1491	0.1840E+26
0.1568	0.1775E+26
0.1647	0.1711E+26
0.1731	0.1650E+26
0.1819	0.1591E+26
0.1911	0.1534E+26
0.2008	0.1479E+26
0.2110	0.1426E+26
0.2217	0.1375E+26
0.2329	0.1326E+26
0.2447	0.1278E+26
0.2571	0.1232E+26
0.2701	0.1187E+26
0.2838	0.1144E+26
0.2982	0.1103E+26
0.3134	0.1062E+26
0.3293	0.1024E+26
0.3461	0.9863E+25
0.3638	0.9502E+25
0.3823	0.9154E+25
0.4018	0.8817E+25
0.4224	0.8493E+25
0.4440	0.8180E+25
0.4668	0.7878E+25
0.4907	0.7586E+25
0.5160	0.7304E+25
0.5425	0.7033E+25
0.5707	0.6770E+25
0.6003	0.6517E+25
0.6316	0.6272E+25
0.6646	0.6036E+25
0.6996	0.5808E+25
0.7366	0.5587E+25
0.7759	0.5374E+25
0.8173	0.5169E+25
0.8614	0.4970E+25
0.9084	0.4778E+25
0.9581	0.4593E+25
1.011	0.4414E+25
1.068	0.4241E+25
1.127	0.4075E+25
1.191	0.3915E+25
1.259	0.3761E+25
1.331	0.3612E+25
1.407	0.3469E+25
1.488	0.3331E+25
1.575	0.3198E+25
1.666	0.3071E+25
1.763	0.2948E+25
1.865	0.2831E+25
1.973	0.2718E+25
2.088	0.2609E+25
2.209	0.2505E+25
2.337	0.2406E+25
2.471	0.2311E+25
2.614	0.2219E+25
2.763	0.2132E+25
2.920	0.2050E+25
3.085	0.1971E+25
3.259	0.1896E+25
3.443	0.1825E+25
3.641	0.1758E+25
3.854	0.1694E+25
4.089	0.1634E+25
4.355	0.1578E+25
4.664	0.1525E+25
5.037	0.1475E+25
5.513	0.1430E+25
6.162	0.1389E+25
7.134	0.1353E+25
8.744	0.1321E+25
11.43	0.1293E+25
15.46	0.1265E+25
20.71	0.1237E+25
27.09	0.1209E+25
34.61	0.1184E+25
43.35	0.1160E+25
53.38	0.1139E+25
64.75	0.1120E+25
77.53	0.1103E+25
91.70	0.1088E+25
107.2	0.1075E+25
124.1	0.1063E+25
142.3	0.1052E+25
161.6	0.1043E+25
182.0	0.1034E+25
203.4	0.1027E+25
225.8	0.1019E+25
248.9	0.1013E+25
272.9	0.1007E+25
297.6	0.1001E+25
322.9	0.9963E+24
348.8	0.9916E+24
375.4	0.9872E+24
402.4	0.9830E+24
429.9	0.9790E+24
457.8	0.9754E+24
486.3	0.9719E+24
515.2	0.9684E+24
544.5	0.9652E+24
574.3	0.9620E+24
604.4	0.9590E+24
634.9	0.9560E+24
665.7	0.9534E+24
697.0	0.9505E+24
728.7	0.9475E+24
760.8	0.9447E+24
793.2	0.9418E+24
826.0	0.9390E+24
859.2	0.9361E+24
892.9	0.9331E+24
926.9	0.9301E+24
961.3	0.9271E+24
996.2	0.9241E+24
1031.	0.9209E+24
1067.	0.9178E+24
1103.	0.9147E+24
1140.	0.9115E+24
1177.	0.9083E+24
1215.	0.9049E+24
1253.	0.9014E+24
1292.	0.8981E+24
1331.	0.8947E+24
1370.	0.8911E+24
1411.	0.8876E+24
1451.	0.8840E+24
1493.	0.8804E+24
1535.	0.8767E+24
1577.	0.8730E+24
1621.	0.8692E+24
1664.	0.8655E+24
1709.	0.8617E+24
1754.	0.8578E+24
1800.	0.8540E+24
1847.	0.8501E+24
1894.	0.8463E+24
1942.	0.8424E+24
1990.	0.8386E+24
2040.	0.8346E+24
2090.	0.8307E+24
2141.	0.8269E+24
2193.	0.8230E+24
2246.	0.8191E+24
2299.	0.8153E+24
2353.	0.8115E+24
2408.	0.8077E+24
2464.	0.8040E+24
2521.	0.8001E+24
2579.	0.7965E+24
2637.	0.7927E+24
2697.	0.7891E+24
2757.	0.7855E+24
2818.	0.7820E+24
2880.	0.7785E+24
2944.	0.7749E+24
3008.	0.7715E+24
3073.	0.7681E+24
3139.	0.7648E+24
3205.	0.7616E+24
3274.	0.7583E+24
3342.	0.7552E+24
3412.	0.7520E+24
3483.	0.7490E+24
3555.	0.7460E+24
 
 
E/N (Td)	Energy diffusion coef. D*N (1/m/s)
0.1930E-01	0.3640E+26
0.2059E-01	0.3552E+26
0.2197E-01	0.3465E+26
0.2344E-01	0.3380E+26
0.2499E-01	0.3298E+26
0.2663E-01	0.3216E+26
0.2838E-01	0.3136E+26
0.3022E-01	0.3059E+26
0.3217E-01	0.2984E+26
0.3422E-01	0.2910E+26
0.3639E-01	0.2839E+26
0.3867E-01	0.2770E+26
0.4107E-01	0.2702E+26
0.4359E-01	0.2637E+26
0.4624E-01	0.2574E+26
0.4901E-01	0.2513E+26
0.5192E-01	0.2454E+26
0.5497E-01	0.2397E+26
0.5817E-01	0.2342E+26
0.6151E-01	0.2289E+26
0.6501E-01	0.2237E+26
0.6866E-01	0.2188E+26
0.7249E-01	0.2140E+26
0.7649E-01	0.2093E+26
0.8067E-01	0.2049E+26
0.8507E-01	0.2006E+26
0.8965E-01	0.1964E+26
0.9445E-01	0.1924E+26
0.9948E-01	0.1886E+26
0.1047	0.1849E+26
0.1102	0.1812E+26
0.1160	0.1777E+26
0.1220	0.1743E+26
0.1283	0.1712E+26
0.1349	0.1679E+26
0.1419	0.1649E+26
0.1491	0.1620E+26
0.1568	0.1591E+26
0.1647	0.1563E+26
0.1731	0.1536E+26
0.1819	0.1511E+26
0.1911	0.1484E+26
0.2008	0.1459E+26
0.2110	0.1436E+26
0.2217	0.1413E+26
0.2329	0.1390E+26
0.2447	0.1368E+26
0.2571	0.1346E+26
0.2701	0.1325E+26
0.2838	0.1304E+26
0.2982	0.1284E+26
0.3134	0.1265E+26
0.3293	0.1246E+26
0.3461	0.1227E+26
0.3638	0.1208E+26
0.3823	0.1190E+26
0.4018	0.1173E+26
0.4224	0.1155E+26
0.4440	0.1138E+26
0.4668	0.1122E+26
0.4907	0.1106E+26
0.5160	0.1089E+26
0.5425	0.1074E+26
0.5707	0.1058E+26
0.6003	0.1043E+26
0.6316	0.1028E+26
0.6646	0.1013E+26
0.6996	0.9984E+25
0.7366	0.9842E+25
0.7759	0.9702E+25
0.8173	0.9560E+25
0.8614	0.9420E+25
0.9084	0.9282E+25
0.9581	0.9146E+25
1.011	0.9013E+25
1.068	0.8882E+25
1.127	0.8753E+25
1.191	0.8624E+25
1.259	0.8493E+25
1.331	0.8365E+25
1.407	0.8239E+25
1.488	0.8114E+25
1.575	0.7990E+25
1.666	0.7868E+25
1.763	0.7747E+25
1.865	0.7627E+25
1.973	0.7509E+25
2.088	0.7392E+25
2.209	0.7276E+25
2.337	0.7162E+25
2.471	0.7049E+25
2.614	0.6939E+25
2.763	0.6830E+25
2.920	0.6722E+25
3.085	0.6617E+25
3.259	0.6514E+25
3.443	0.6413E+25
3.641	0.6314E+25
3.854	0.6218E+25
4.089	0.6123E+25
4.355	0.6032E+25
4.664	0.5942E+25
5.037	0.5856E+25
5.513	0.5772E+25
6.162	0.5691E+25
7.134	0.5614E+25
8.744	0.5542E+25
11.43	0.5476E+25
15.46	0.5417E+25
20.71	0.5365E+25
27.09	0.5318E+25
34.61	0.5277E+25
43.35	0.5242E+25
53.38	0.5213E+25
64.75	0.5190E+25
77.53	0.5174E+25
91.70	0.5165E+25
107.2	0.5162E+25
124.1	0.5167E+25
142.3	0.5180E+25
161.6	0.5200E+25
182.0	0.5228E+25
203.4	0.5263E+25
225.8	0.5306E+25
248.9	0.5357E+25
272.9	0.5416E+25
297.6	0.5481E+25
322.9	0.5554E+25
348.8	0.5634E+25
375.4	0.5722E+25
402.4	0.5816E+25
429.9	0.5917E+25
457.8	0.6025E+25
486.3	0.6141E+25
515.2	0.6262E+25
544.5	0.6391E+25
574.3	0.6525E+25
604.4	0.6667E+25
634.9	0.6815E+25
665.7	0.6973E+25
697.0	0.7134E+25
728.7	0.7301E+25
760.8	0.7474E+25
793.2	0.7654E+25
826.0	0.7840E+25
859.2	0.8031E+25
892.9	0.8227E+25
926.9	0.8430E+25
961.3	0.8639E+25
996.2	0.8853E+25
1031.	0.9071E+25
1067.	0.9297E+25
1103.	0.9528E+25
1140.	0.9764E+25
1177.	0.1001E+26
1215.	0.1025E+26
1253.	0.1050E+26
1292.	0.1076E+26
1331.	0.1102E+26
1370.	0.1129E+26
1411.	0.1157E+26
1451.	0.1185E+26
1493.	0.1213E+26
1535.	0.1242E+26
1577.	0.1272E+26
1621.	0.1302E+26
1664.	0.1333E+26
1709.	0.1365E+26
1754.	0.1397E+26
1800.	0.1430E+26
1847.	0.1463E+26
1894.	0.1497E+26
1942.	0.1532E+26
1990.	0.1568E+26
2040.	0.1605E+26
2090.	0.1642E+26
2141.	0.1680E+26
2193.	0.1719E+26
2246.	0.1759E+26
2299.	0.1799E+26
2353.	0.1841E+26
2408.	0.1884E+26
2464.	0.1928E+26
2521.	0.1973E+26
2579.	0.2018E+26
2637.	0.2066E+26
2697.	0.2114E+26
2757.	0.2164E+26
2818.	0.2215E+26
2880.	0.2267E+26
2944.	0.2321E+26
3008.	0.2375E+26
3073.	0.2432E+26
3139.	0.2491E+26
3205.	0.2550E+26
3274.	0.2612E+26
3342.	0.2676E+26
3412.	0.2741E+26
3483.	0.2808E+26
3555.	0.2877E+26
 
 
E/N (Td)	Total collision freq. /N (m3/s)
0.1930E-01	0.1749E-14
0.2059E-01	0.1827E-14
0.2197E-01	0.1909E-14
0.2344E-01	0.1997E-14
0.2499E-01	0.2089E-14
0.2663E-01	0.2186E-14
0.2838E-01	0.2288E-14
0.3022E-01	0.2395E-14
0.3217E-01	0.2507E-14
0.3422E-01	0.2625E-14
0.3639E-01	0.2748E-14
0.3867E-01	0.2876E-14
0.4107E-01	0.3009E-14
0.4359E-01	0.3148E-14
0.4624E-01	0.3292E-14
0.4901E-01	0.3442E-14
0.5192E-01	0.3598E-14
0.5497E-01	0.3759E-14
0.5817E-01	0.3927E-14
0.6151E-01	0.4100E-14
0.6501E-01	0.4279E-14
0.6866E-01	0.4465E-14
0.7249E-01	0.4657E-14
0.7649E-01	0.4855E-14
0.8067E-01	0.5060E-14
0.8507E-01	0.5273E-14
0.8965E-01	0.5492E-14
0.9445E-01	0.5719E-14
0.9948E-01	0.5954E-14
0.1047	0.6196E-14
0.1102	0.6447E-14
0.1160	0.6706E-14
0.1220	0.6973E-14
0.1283	0.7250E-14
0.1349	0.7537E-14
0.1419	0.7832E-14
0.1491	0.8138E-14
0.1568	0.8455E-14
0.1647	0.8783E-14
0.1731	0.9121E-14
0.1819	0.9473E-14
0.1911	0.9836E-14
0.2008	0.1021E-13
0.2110	0.1060E-13
0.2217	0.1101E-13
0.2329	0.1143E-13
0.2447	0.1186E-13
0.2571	0.1231E-13
0.2701	0.1278E-13
0.2838	0.1327E-13
0.2982	0.1377E-13
0.3134	0.1429E-13
0.3293	0.1484E-13
0.3461	0.1540E-13
0.3638	0.1598E-13
0.3823	0.1659E-13
0.4018	0.1722E-13
0.4224	0.1788E-13
0.4440	0.1856E-13
0.4668	0.1927E-13
0.4907	0.2000E-13
0.5160	0.2077E-13
0.5425	0.2156E-13
0.5707	0.2239E-13
0.6003	0.2324E-13
0.6316	0.2414E-13
0.6646	0.2507E-13
0.6996	0.2604E-13
0.7366	0.2704E-13
0.7759	0.2810E-13
0.8173	0.2919E-13
0.8614	0.3033E-13
0.9084	0.3152E-13
0.9581	0.3276E-13
1.011	0.3406E-13
1.068	0.3542E-13
1.127	0.3683E-13
1.191	0.3830E-13
1.259	0.3984E-13
1.331	0.4146E-13
1.407	0.4314E-13
1.488	0.4490E-13
1.575	0.4673E-13
1.666	0.4865E-13
1.763	0.5065E-13
1.865	0.5274E-13
1.973	0.5492E-13
2.088	0.5720E-13
2.209	0.5957E-13
2.337	0.6204E-13
2.471	0.6461E-13
2.614	0.6732E-13
2.763	0.7011E-13
2.920	0.7301E-13
3.085	0.7601E-13
3.259	0.7913E-13
3.443	0.8235E-13
3.641	0.8569E-13
3.854	0.8913E-13
4.089	0.9268E-13
4.355	0.9635E-13
4.664	0.1001E-12
5.037	0.1040E-12
5.513	0.1081E-12
6.162	0.1122E-12
7.134	0.1164E-12
8.744	0.1207E-12
11.43	0.1250E-12
15.46	0.1292E-12
20.71	0.1334E-12
27.09	0.1375E-12
34.61	0.1415E-12
43.35	0.1456E-12
53.38	0.1495E-12
64.75	0.1535E-12
77.53	0.1573E-12
91.70	0.1611E-12
107.2	0.1648E-12
124.1	0.1684E-12
142.3	0.1719E-12
161.6	0.1754E-12
182.0	0.1787E-12
203.4	0.1819E-12
225.8	0.1851E-12
248.9	0.1881E-12
272.9	0.1911E-12
297.6	0.1940E-12
322.9	0.1968E-12
348.8	0.1996E-12
375.4	0.2022E-12
402.4	0.2049E-12
429.9	0.2074E-12
457.8	0.2099E-12
486.3	0.2123E-12
515.2	0.2146E-12
544.5	0.2169E-12
574.3	0.2191E-12
604.4	0.2213E-12
634.9	0.2234E-12
665.7	0.2254E-12
697.0	0.2274E-12
728.7	0.2294E-12
760.8	0.2313E-12
793.2	0.2331E-12
826.0	0.2349E-12
859.2	0.2367E-12
892.9	0.2384E-12
926.9	0.2400E-12
961.3	0.2417E-12
996.2	0.2433E-12
1031.	0.2448E-12
1067.	0.2463E-12
1103.	0.2478E-12
1140.	0.2492E-12
1177.	0.2506E-12
1215.	0.2520E-12
1253.	0.2534E-12
1292.	0.2547E-12
1331.	0.2560E-12
1370.	0.2572E-12
1411.	0.2585E-12
1451.	0.2597E-12
1493.	0.2608E-12
1535.	0.2620E-12
1577.	0.2631E-12
1621.	0.2642E-12
1664.	0.2653E-12
1709.	0.2664E-12
1754.	0.2674E-12
1800.	0.2685E-12
1847.	0.2695E-12
1894.	0.2705E-12
1942.	0.2714E-12
1990.	0.2724E-12
2040.	0.2733E-12
2090.	0.2742E-12
2141.	0.2751E-12
2193.	0.2760E-12
2246.	0.2769E-12
2299.	0.2777E-12
2353.	0.2785E-12
2408.	0.2794E-12
2464.	0.2802E-12
2521.	0.2810E-12
2579.	0.2817E-12
2637.	0.2825E-12
2697.	0.2832E-12
2757.	0.2840E-12
2818.	0.2847E-12
2880.	0.2854E-12
2944.	0.2861E-12
3008.	0.2868E-12
3073.	0.2874E-12
3139.	0.2881E-12
3205.	0.2888E-12
3274.	0.2894E-12
3342.	0.2900E-12
3412.	0.2906E-12
3483.	0.2912E-12
3555.	0.2918E-12
 
 
E/N (Td)	Momentum frequency /N (m3/s)
0.1930E-01	0.3147E-14
0.2059E-01	0.3310E-14
0.2197E-01	0.3480E-14
0.2344E-01	0.3657E-14
0.2499E-01	0.3842E-14
0.2663E-01	0.4035E-14
0.2838E-01	0.4235E-14
0.3022E-01	0.4443E-14
0.3217E-01	0.4658E-14
0.3422E-01	0.4882E-14
0.3639E-01	0.5113E-14
0.3867E-01	0.5352E-14
0.4107E-01	0.5599E-14
0.4359E-01	0.5854E-14
0.4624E-01	0.6116E-14
0.4901E-01	0.6385E-14
0.5192E-01	0.6663E-14
0.5497E-01	0.6948E-14
0.5817E-01	0.7242E-14
0.6151E-01	0.7543E-14
0.6501E-01	0.7853E-14
0.6866E-01	0.8171E-14
0.7249E-01	0.8498E-14
0.7649E-01	0.8835E-14
0.8067E-01	0.9181E-14
0.8507E-01	0.9540E-14
0.8965E-01	0.9908E-14
0.9445E-01	0.1029E-13
0.9948E-01	0.1068E-13
0.1047	0.1108E-13
0.1102	0.1150E-13
0.1160	0.1193E-13
0.1220	0.1238E-13
0.1283	0.1283E-13
0.1349	0.1331E-13
0.1419	0.1380E-13
0.1491	0.1431E-13
0.1568	0.1484E-13
0.1647	0.1539E-13
0.1731	0.1595E-13
0.1819	0.1654E-13
0.1911	0.1715E-13
0.2008	0.1778E-13
0.2110	0.1844E-13
0.2217	0.1913E-13
0.2329	0.1984E-13
0.2447	0.2058E-13
0.2571	0.2134E-13
0.2701	0.2214E-13
0.2838	0.2297E-13
0.2982	0.2383E-13
0.3134	0.2473E-13
0.3293	0.2567E-13
0.3461	0.2664E-13
0.3638	0.2765E-13
0.3823	0.2870E-13
0.4018	0.2979E-13
0.4224	0.3093E-13
0.4440	0.3211E-13
0.4668	0.3334E-13
0.4907	0.3462E-13
0.5160	0.3595E-13
0.5425	0.3733E-13
0.5707	0.3878E-13
0.6003	0.4028E-13
0.6316	0.4184E-13
0.6646	0.4346E-13
0.6996	0.4515E-13
0.7366	0.4691E-13
0.7759	0.4874E-13
0.8173	0.5063E-13
0.8614	0.5261E-13
0.9084	0.5467E-13
0.9581	0.5680E-13
1.011	0.5902E-13
1.068	0.6133E-13
1.127	0.6372E-13
1.191	0.6622E-13
1.259	0.6881E-13
1.331	0.7151E-13
1.407	0.7431E-13
1.488	0.7723E-13
1.575	0.8026E-13
1.666	0.8342E-13
1.763	0.8671E-13
1.865	0.9013E-13
1.973	0.9370E-13
2.088	0.9742E-13
2.209	0.1013E-12
2.337	0.1053E-12
2.471	0.1095E-12
2.614	0.1139E-12
2.763	0.1184E-12
2.920	0.1230E-12
3.085	0.1278E-12
3.259	0.1327E-12
3.443	0.1378E-12
3.641	0.1429E-12
3.854	0.1481E-12
4.089	0.1533E-12
4.355	0.1583E-12
4.664	0.1632E-12
5.037	0.1676E-12
5.513	0.1714E-12
6.162	0.1743E-12
7.134	0.1761E-12
8.744	0.1771E-12
11.43	0.1786E-12
15.46	0.1818E-12
20.71	0.1867E-12
27.09	0.1924E-12
34.61	0.1982E-12
43.35	0.2040E-12
53.38	0.2094E-12
64.75	0.2144E-12
77.53	0.2192E-12
91.70	0.2236E-12
107.2	0.2279E-12
124.1	0.2319E-12
142.3	0.2359E-12
161.6	0.2397E-12
182.0	0.2434E-12
203.4	0.2470E-12
225.8	0.2504E-12
248.9	0.2538E-12
272.9	0.2571E-12
297.6	0.2602E-12
322.9	0.2633E-12
348.8	0.2662E-12
375.4	0.2690E-12
402.4	0.2717E-12
429.9	0.2743E-12
457.8	0.2767E-12
486.3	0.2791E-12
515.2	0.2814E-12
544.5	0.2836E-12
574.3	0.2857E-12
604.4	0.2878E-12
634.9	0.2897E-12
665.7	0.2916E-12
697.0	0.2934E-12
728.7	0.2952E-12
760.8	0.2969E-12
793.2	0.2986E-12
826.0	0.3003E-12
859.2	0.3019E-12
892.9	0.3035E-12
926.9	0.3051E-12
961.3	0.3066E-12
996.2	0.3082E-12
1031.	0.3097E-12
1067.	0.3112E-12
1103.	0.3127E-12
1140.	0.3142E-12
1177.	0.3156E-12
1215.	0.3171E-12
1253.	0.3187E-12
1292.	0.3201E-12
1331.	0.3216E-12
1370.	0.3231E-12
1411.	0.3246E-12
1451.	0.3261E-12
1493.	0.3275E-12
1535.	0.3291E-12
1577.	0.3306E-12
1621.	0.3321E-12
1664.	0.3336E-12
1709.	0.3352E-12
1754.	0.3368E-12
1800.	0.3383E-12
1847.	0.3399E-12
1894.	0.3415E-12
1942.	0.3432E-12
1990.	0.3447E-12
2040.	0.3464E-12
2090.	0.3481E-12
2141.	0.3497E-12
2193.	0.3513E-12
2246.	0.3531E-12
2299.	0.3547E-12
2353.	0.3564E-12
2408.	0.3582E-12
2464.	0.3598E-12
2521.	0.3617E-12
2579.	0.3633E-12
2637.	0.3651E-12
2697.	0.3668E-12
2757.	0.3686E-12
2818.	0.3704E-12
2880.	0.3721E-12
2944.	0.3740E-12
3008.	0.3757E-12
3073.	0.3775E-12
3139.	0.3793E-12
3205.	0.3810E-12
3274.	0.3828E-12
3342.	0.3846E-12
3412.	0.3864E-12
3483.	0.3881E-12
3555.	0.3899E-12
 
 
E/N (Td)	Total ionization freq. /N (m3/s)
0.1930E-01	0.000
0.2059E-01	0.000
0.2197E-01	0.000
0.2344E-01	0.000
0.2499E-01	0.000
0.2663E-01	0.000
0.2838E-01	0.000
0.3022E-01	0.000
0.3217E-01	0.000
0.3422E-01	0.000
0.3639E-01	0.000
0.3867E-01	0.000
0.4107E-01	0.000
0.4359E-01	0.000
0.4624E-01	0.000
0.4901E-01	0.000
0.5192E-01	0.000
0.5497E-01	0.000
0.5817E-01	0.000
0.6151E-01	0.000
0.6501E-01	0.000
0.6866E-01	0.000
0.7249E-01	0.000
0.7649E-01	0.000
0.8067E-01	0.000
0.8507E-01	0.000
0.8965E-01	0.000
0.9445E-01	0.000
0.9948E-01	0.000
0.1047	0.000
0.1102	0.000
0.1160	0.000
0.1220	0.000
0.1283	0.000
0.1349	0.000
0.1419	0.000
0.1491	0.000
0.1568	0.000
0.1647	0.000
0.1731	0.000
0.1819	0.3284E-33
0.1911	0.6559E-31
0.2008	0.4880E-30
0.2110	0.2556E-29
0.2217	0.1186E-28
0.2329	0.5087E-28
0.2447	0.2026E-27
0.2571	0.7539E-27
0.2701	0.2601E-26
0.2838	0.8405E-26
0.2982	0.2542E-25
0.3134	0.7212E-25
0.3293	0.1930E-24
0.3461	0.4853E-24
0.3638	0.1153E-23
0.3823	0.2597E-23
0.4018	0.5554E-23
0.4224	0.1132E-22
0.4440	0.2204E-22
0.4668	0.4116E-22
0.4907	0.7379E-22
0.5160	0.1274E-21
0.5425	0.2119E-21
0.5707	0.3428E-21
0.6003	0.5365E-21
0.6316	0.8172E-21
0.6646	0.1212E-20
0.6996	0.1757E-20
0.7366	0.2488E-20
0.7759	0.3456E-20
0.8173	0.4701E-20
0.8614	0.6291E-20
0.9084	0.8286E-20
0.9581	0.1074E-19
1.011	0.1373E-19
1.068	0.1733E-19
1.127	0.2157E-19
1.191	0.2656E-19
1.259	0.3234E-19
1.331	0.3898E-19
1.407	0.4650E-19
1.488	0.5495E-19
1.575	0.6437E-19
1.666	0.7479E-19
1.763	0.8621E-19
1.865	0.9865E-19
1.973	0.1121E-18
2.088	0.1266E-18
2.209	0.1421E-18
2.337	0.1586E-18
2.471	0.1761E-18
2.614	0.1947E-18
2.763	0.2141E-18
2.920	0.2343E-18
3.085	0.2554E-18
3.259	0.2772E-18
3.443	0.2998E-18
3.641	0.3231E-18
3.854	0.3471E-18
4.089	0.3716E-18
4.355	0.3969E-18
4.664	0.4229E-18
5.037	0.4494E-18
5.513	0.4765E-18
6.162	0.5040E-18
7.134	0.5318E-18
8.744	0.5595E-18
11.43	0.5863E-18
15.46	0.6147E-18
20.71	0.6719E-18
27.09	0.8960E-18
34.61	0.1687E-17
43.35	0.3862E-17
53.38	0.8731E-17
64.75	0.1810E-16
77.53	0.3421E-16
91.70	0.5954E-16
107.2	0.9669E-16
124.1	0.1482E-15
142.3	0.2166E-15
161.6	0.3040E-15
182.0	0.4123E-15
203.4	0.5431E-15
225.8	0.6976E-15
248.9	0.8770E-15
272.9	0.1082E-14
297.6	0.1313E-14
322.9	0.1571E-14
348.8	0.1857E-14
375.4	0.2170E-14
402.4	0.2511E-14
429.9	0.2877E-14
457.8	0.3273E-14
486.3	0.3696E-14
515.2	0.4147E-14
544.5	0.4627E-14
574.3	0.5133E-14
604.4	0.5667E-14
634.9	0.6228E-14
665.7	0.6817E-14
697.0	0.7432E-14
728.7	0.8074E-14
760.8	0.8742E-14
793.2	0.9436E-14
826.0	0.1016E-13
859.2	0.1090E-13
892.9	0.1167E-13
926.9	0.1247E-13
961.3	0.1329E-13
996.2	0.1413E-13
1031.	0.1500E-13
1067.	0.1589E-13
1103.	0.1681E-13
1140.	0.1774E-13
1177.	0.1871E-13
1215.	0.1969E-13
1253.	0.2070E-13
1292.	0.2172E-13
1331.	0.2278E-13
1370.	0.2385E-13
1411.	0.2494E-13
1451.	0.2605E-13
1493.	0.2719E-13
1535.	0.2834E-13
1577.	0.2951E-13
1621.	0.3071E-13
1664.	0.3192E-13
1709.	0.3315E-13
1754.	0.3440E-13
1800.	0.3566E-13
1847.	0.3695E-13
1894.	0.3825E-13
1942.	0.3957E-13
1990.	0.4090E-13
2040.	0.4226E-13
2090.	0.4362E-13
2141.	0.4500E-13
2193.	0.4640E-13
2246.	0.4781E-13
2299.	0.4923E-13
2353.	0.5066E-13
2408.	0.5211E-13
2464.	0.5357E-13
2521.	0.5504E-13
2579.	0.5652E-13
2637.	0.5801E-13
2697.	0.5951E-13
2757.	0.6102E-13
2818.	0.6254E-13
2880.	0.6407E-13
2944.	0.6560E-13
3008.	0.6715E-13
3073.	0.6869E-13
3139.	0.7024E-13
3205.	0.7180E-13
3274.	0.7336E-13
3342.	0.7492E-13
3412.	0.7648E-13
3483.	0.7806E-13
3555.	0.7962E-13
 
 
E/N (Td)	Townsend ioniz. coef. alpha/N (m2)
0.1930E-01	0.000
0.2059E-01	0.000
0.2197E-01	0.000
0.2344E-01	0.000
0.2499E-01	0.000
0.2663E-01	0.000
0.2838E-01	0.000
0.3022E-01	0.000
0.3217E-01	0.000
0.3422E-01	0.000
0.3639E-01	0.000
0.3867E-01	0.000
0.4107E-01	0.000
0.4359E-01	0.000
0.4624E-01	0.000
0.4901E-01	0.000
0.5192E-01	0.000
0.5497E-01	0.000
0.5817E-01	0.000
0.6151E-01	0.000
0.6501E-01	0.000
0.6866E-01	0.000
0.7249E-01	0.000
0.7649E-01	0.000
0.8067E-01	0.000
0.8507E-01	0.000
0.8965E-01	0.000
0.9445E-01	0.000
0.9948E-01	0.000
0.1047	0.000
0.1102	0.000
0.1160	0.000
0.1220	0.000
0.1283	0.000
0.1349	0.000
0.1419	0.000
0.1491	0.000
0.1568	0.000
0.1647	0.000
0.1731	0.000
0.1819	0.1698E-36
0.1911	0.3347E-34
0.2008	0.2457E-33
0.2110	0.1270E-32
0.2217	0.5821E-32
0.2329	0.2464E-31
0.2447	0.9687E-31
0.2571	0.3559E-30
0.2701	0.1212E-29
0.2838	0.3868E-29
0.2982	0.1155E-28
0.3134	0.3236E-28
0.3293	0.8552E-28
0.3461	0.2124E-27
0.3638	0.4984E-27
0.3823	0.1108E-26
0.4018	0.2341E-26
0.4224	0.4712E-26
0.4440	0.9061E-26
0.4668	0.1672E-25
0.4907	0.2960E-25
0.5160	0.5047E-25
0.5425	0.8291E-25
0.5707	0.1325E-24
0.6003	0.2047E-24
0.6316	0.3078E-24
0.6646	0.4507E-24
0.6996	0.6446E-24
0.7366	0.9010E-24
0.7759	0.1234E-23
0.8173	0.1656E-23
0.8614	0.2184E-23
0.9084	0.2835E-23
0.9581	0.3620E-23
1.011	0.4558E-23
1.068	0.5659E-23
1.127	0.6933E-23
1.191	0.8395E-23
1.259	0.1005E-22
1.331	0.1191E-22
1.407	0.1396E-22
1.488	0.1621E-22
1.575	0.1866E-22
1.666	0.2129E-22
1.763	0.2411E-22
1.865	0.2711E-22
1.973	0.3027E-22
2.088	0.3359E-22
2.209	0.3705E-22
2.337	0.4064E-22
2.471	0.4436E-22
2.614	0.4823E-22
2.763	0.5214E-22
2.920	0.5612E-22
3.085	0.6015E-22
3.259	0.6420E-22
3.443	0.6821E-22
3.641	0.7212E-22
3.854	0.7583E-22
4.089	0.7919E-22
4.355	0.8205E-22
4.664	0.8412E-22
5.037	0.8502E-22
5.513	0.8423E-22
6.162	0.8106E-22
7.134	0.7465E-22
8.744	0.6444E-22
11.43	0.5209E-22
15.46	0.4110E-22
20.71	0.3444E-22
27.09	0.3618E-22
34.61	0.5494E-22
43.35	0.1033E-21
53.38	0.1947E-21
64.75	0.3408E-21
77.53	0.5498E-21
91.70	0.8255E-21
107.2	0.1168E-20
124.1	0.1575E-20
142.3	0.2042E-20
161.6	0.2564E-20
182.0	0.3135E-20
203.4	0.3749E-20
225.8	0.4400E-20
248.9	0.5084E-20
272.9	0.5795E-20
297.6	0.6530E-20
322.9	0.7282E-20
348.8	0.8054E-20
375.4	0.8840E-20
402.4	0.9636E-20
429.9	0.1044E-19
457.8	0.1125E-19
486.3	0.1206E-19
515.2	0.1288E-19
544.5	0.1370E-19
574.3	0.1452E-19
604.4	0.1534E-19
634.9	0.1616E-19
665.7	0.1697E-19
697.0	0.1779E-19
728.7	0.1860E-19
760.8	0.1940E-19
793.2	0.2020E-19
826.0	0.2099E-19
859.2	0.2178E-19
892.9	0.2256E-19
926.9	0.2333E-19
961.3	0.2410E-19
996.2	0.2485E-19
1031.	0.2561E-19
1067.	0.2635E-19
1103.	0.2708E-19
1140.	0.2780E-19
1177.	0.2852E-19
1215.	0.2923E-19
1253.	0.2993E-19
1292.	0.3062E-19
1331.	0.3129E-19
1370.	0.3196E-19
1411.	0.3262E-19
1451.	0.3328E-19
1493.	0.3391E-19
1535.	0.3455E-19
1577.	0.3517E-19
1621.	0.3578E-19
1664.	0.3638E-19
1709.	0.3697E-19
1754.	0.3755E-19
1800.	0.3811E-19
1847.	0.3867E-19
1894.	0.3922E-19
1942.	0.3976E-19
1990.	0.4028E-19
2040.	0.4079E-19
2090.	0.4129E-19
2141.	0.4178E-19
2193.	0.4226E-19
2246.	0.4273E-19
2299.	0.4318E-19
2353.	0.4363E-19
2408.	0.4406E-19
2464.	0.4448E-19
2521.	0.4489E-19
2579.	0.4528E-19
2637.	0.4566E-19
2697.	0.4603E-19
2757.	0.4639E-19
2818.	0.4673E-19
2880.	0.4706E-19
2944.	0.4738E-19
3008.	0.4768E-19
3073.	0.4798E-19
3139.	0.4826E-19
3205.	0.4852E-19
3274.	0.4878E-19
3342.	0.4902E-19
3412.	0.4924E-19
3483.	0.4945E-19
3555.	0.4966E-19
 
 
E/N (Td)	Power /N (eV m3/s)
0.1930E-01	0.2081E-19
0.2059E-01	0.2253E-19
0.2197E-01	0.2440E-19
0.2344E-01	0.2641E-19
0.2499E-01	0.2858E-19
0.2663E-01	0.3093E-19
0.2838E-01	0.3345E-19
0.3022E-01	0.3616E-19
0.3217E-01	0.3907E-19
0.3422E-01	0.4219E-19
0.3639E-01	0.4554E-19
0.3867E-01	0.4913E-19
0.4107E-01	0.5298E-19
0.4359E-01	0.5709E-19
0.4624E-01	0.6148E-19
0.4901E-01	0.6617E-19
0.5192E-01	0.7117E-19
0.5497E-01	0.7650E-19
0.5817E-01	0.8218E-19
0.6151E-01	0.8822E-19
0.6501E-01	0.9465E-19
0.6866E-01	0.1015E-18
0.7249E-01	0.1087E-18
0.7649E-01	0.1165E-18
0.8067E-01	0.1246E-18
0.8507E-01	0.1334E-18
0.8965E-01	0.1427E-18
0.9445E-01	0.1525E-18
0.9948E-01	0.1630E-18
0.1047	0.1740E-18
0.1102	0.1858E-18
0.1160	0.1983E-18
0.1220	0.2116E-18
0.1283	0.2256E-18
0.1349	0.2406E-18
0.1419	0.2565E-18
0.1491	0.2733E-18
0.1568	0.2912E-18
0.1647	0.3102E-18
0.1731	0.3303E-18
0.1819	0.3518E-18
0.1911	0.3745E-18
0.2008	0.3987E-18
0.2110	0.4245E-18
0.2217	0.4518E-18
0.2329	0.4808E-18
0.2447	0.5117E-18
0.2571	0.5446E-18
0.2701	0.5795E-18
0.2838	0.6167E-18
0.2982	0.6563E-18
0.3134	0.6983E-18
0.3293	0.7433E-18
0.3461	0.7910E-18
0.3638	0.8417E-18
0.3823	0.8957E-18
0.4018	0.9533E-18
0.4224	0.1014E-17
0.4440	0.1080E-17
0.4668	0.1149E-17
0.4907	0.1223E-17
0.5160	0.1303E-17
0.5425	0.1387E-17
0.5707	0.1477E-17
0.6003	0.1574E-17
0.6316	0.1677E-17
0.6646	0.1788E-17
0.6996	0.1907E-17
0.7366	0.2034E-17
0.7759	0.2172E-17
0.8173	0.2320E-17
0.8614	0.2481E-17
0.9084	0.2655E-17
0.9581	0.2843E-17
1.011	0.3047E-17
1.068	0.3268E-17
1.127	0.3507E-17
1.191	0.3768E-17
1.259	0.4050E-17
1.331	0.4356E-17
1.407	0.4688E-17
1.488	0.5046E-17
1.575	0.5433E-17
1.666	0.5852E-17
1.763	0.6303E-17
1.865	0.6788E-17
1.973	0.7310E-17
2.088	0.7873E-17
2.209	0.8475E-17
2.337	0.9120E-17
2.471	0.9811E-17
2.614	0.1056E-16
2.763	0.1135E-16
2.920	0.1219E-16
3.085	0.1309E-16
3.259	0.1407E-16
3.443	0.1513E-16
3.641	0.1631E-16
3.854	0.1764E-16
4.089	0.1919E-16
4.355	0.2107E-16
4.664	0.2345E-16
5.037	0.2663E-16
5.513	0.3118E-16
6.162	0.3831E-16
7.134	0.5083E-16
8.744	0.7593E-16
11.43	0.1286E-15
15.46	0.2312E-15
20.71	0.4041E-15
27.09	0.6710E-15
34.61	0.1063E-14
43.35	0.1621E-14
53.38	0.2393E-14
64.75	0.3439E-14
77.53	0.4823E-14
91.70	0.6614E-14
107.2	0.8877E-14
124.1	0.1168E-13
142.3	0.1509E-13
161.6	0.1916E-13
182.0	0.2394E-13
203.4	0.2947E-13
225.8	0.3579E-13
248.9	0.4295E-13
272.9	0.5096E-13
297.6	0.5985E-13
322.9	0.6964E-13
348.8	0.8040E-13
375.4	0.9214E-13
402.4	0.1049E-12
429.9	0.1185E-12
457.8	0.1332E-12
486.3	0.1490E-12
515.2	0.1659E-12
544.5	0.1839E-12
574.3	0.2030E-12
604.4	0.2233E-12
634.9	0.2447E-12
665.7	0.2674E-12
697.0	0.2912E-12
728.7	0.3164E-12
760.8	0.3428E-12
793.2	0.3705E-12
826.0	0.3996E-12
859.2	0.4301E-12
892.9	0.4619E-12
926.9	0.4953E-12
961.3	0.5300E-12
996.2	0.5663E-12
1031.	0.6042E-12
1067.	0.6437E-12
1103.	0.6848E-12
1140.	0.7276E-12
1177.	0.7721E-12
1215.	0.8183E-12
1253.	0.8664E-12
1292.	0.9164E-12
1331.	0.9684E-12
1370.	0.1022E-11
1411.	0.1078E-11
1451.	0.1136E-11
1493.	0.1197E-11
1535.	0.1259E-11
1577.	0.1324E-11
1621.	0.1391E-11
1664.	0.1460E-11
1709.	0.1532E-11
1754.	0.1607E-11
1800.	0.1684E-11
1847.	0.1764E-11
1894.	0.1847E-11
1942.	0.1933E-11
1990.	0.2021E-11
2040.	0.2113E-11
2090.	0.2208E-11
2141.	0.2306E-11
2193.	0.2408E-11
2246.	0.2513E-11
2299.	0.2621E-11
2353.	0.2733E-11
2408.	0.2848E-11
2464.	0.2968E-11
2521.	0.3092E-11
2579.	0.3219E-11
2637.	0.3351E-11
2697.	0.3487E-11
2757.	0.3627E-11
2818.	0.3772E-11
2880.	0.3922E-11
2944.	0.4076E-11
3008.	0.4235E-11
3073.	0.4399E-11
3139.	0.4568E-11
3205.	0.4743E-11
3274.	0.4924E-11
3342.	0.5108E-11
3412.	0.5300E-11
3483.	0.5497E-11
3555.	0.5699E-11
 
 
E/N (Td)	Elastic power loss /N (eV m3/s)
0.1930E-01	0.2081E-19
0.2059E-01	0.2254E-19
0.2197E-01	0.2440E-19
0.2344E-01	0.2642E-19
0.2499E-01	0.2859E-19
0.2663E-01	0.3093E-19
0.2838E-01	0.3345E-19
0.3022E-01	0.3616E-19
0.3217E-01	0.3907E-19
0.3422E-01	0.4220E-19
0.3639E-01	0.4555E-19
0.3867E-01	0.4914E-19
0.4107E-01	0.5298E-19
0.4359E-01	0.5709E-19
0.4624E-01	0.6149E-19
0.4901E-01	0.6618E-19
0.5192E-01	0.7118E-19
0.5497E-01	0.7651E-19
0.5817E-01	0.8219E-19
0.6151E-01	0.8823E-19
0.6501E-01	0.9466E-19
0.6866E-01	0.1015E-18
0.7249E-01	0.1088E-18
0.7649E-01	0.1165E-18
0.8067E-01	0.1247E-18
0.8507E-01	0.1334E-18
0.8965E-01	0.1427E-18
0.9445E-01	0.1525E-18
0.9948E-01	0.1630E-18
0.1047	0.1741E-18
0.1102	0.1858E-18
0.1160	0.1984E-18
0.1220	0.2116E-18
0.1283	0.2257E-18
0.1349	0.2406E-18
0.1419	0.2565E-18
0.1491	0.2733E-18
0.1568	0.2912E-18
0.1647	0.3102E-18
0.1731	0.3304E-18
0.1819	0.3518E-18
0.1911	0.3746E-18
0.2008	0.3987E-18
0.2110	0.4245E-18
0.2217	0.4518E-18
0.2329	0.4809E-18
0.2447	0.5118E-18
0.2571	0.5447E-18
0.2701	0.5796E-18
0.2838	0.6168E-18
0.2982	0.6563E-18
0.3134	0.6984E-18
0.3293	0.7433E-18
0.3461	0.7910E-18
0.3638	0.8418E-18
0.3823	0.8958E-18
0.4018	0.9533E-18
0.4224	0.1015E-17
0.4440	0.1080E-17
0.4668	0.1149E-17
0.4907	0.1223E-17
0.5160	0.1302E-17
0.5425	0.1385E-17
0.5707	0.1475E-17
0.6003	0.1570E-17
0.6316	0.1672E-17
0.6646	0.1780E-17
0.6996	0.1896E-17
0.7366	0.2019E-17
0.7759	0.2151E-17
0.8173	0.2291E-17
0.8614	0.2441E-17
0.9084	0.2601E-17
0.9581	0.2773E-17
1.011	0.2956E-17
1.068	0.3153E-17
1.127	0.3363E-17
1.191	0.3588E-17
1.259	0.3829E-17
1.331	0.4087E-17
1.407	0.4363E-17
1.488	0.4659E-17
1.575	0.4975E-17
1.666	0.5314E-17
1.763	0.5677E-17
1.865	0.6064E-17
1.973	0.6479E-17
2.088	0.6924E-17
2.209	0.7398E-17
2.337	0.7905E-17
2.471	0.8446E-17
2.614	0.9031E-17
2.763	0.9648E-17
2.920	0.1031E-16
3.085	0.1100E-16
3.259	0.1175E-16
3.443	0.1254E-16
3.641	0.1337E-16
3.854	0.1426E-16
4.089	0.1519E-16
4.355	0.1619E-16
4.664	0.1724E-16
5.037	0.1835E-16
5.513	0.1954E-16
6.162	0.2080E-16
7.134	0.2215E-16
8.744	0.2360E-16
11.43	0.2510E-16
15.46	0.2663E-16
20.71	0.2816E-16
27.09	0.2971E-16
34.61	0.3129E-16
43.35	0.3291E-16
53.38	0.3456E-16
64.75	0.3625E-16
77.53	0.3797E-16
91.70	0.3973E-16
107.2	0.4152E-16
124.1	0.4333E-16
142.3	0.4517E-16
161.6	0.4704E-16
182.0	0.4893E-16
203.4	0.5084E-16
225.8	0.5278E-16
248.9	0.5474E-16
272.9	0.5673E-16
297.6	0.5875E-16
322.9	0.6080E-16
348.8	0.6289E-16
375.4	0.6501E-16
402.4	0.6716E-16
429.9	0.6934E-16
457.8	0.7156E-16
486.3	0.7383E-16
515.2	0.7613E-16
544.5	0.7848E-16
574.3	0.8087E-16
604.4	0.8331E-16
634.9	0.8579E-16
665.7	0.8833E-16
697.0	0.9091E-16
728.7	0.9354E-16
760.8	0.9623E-16
793.2	0.9898E-16
826.0	0.1018E-15
859.2	0.1046E-15
892.9	0.1076E-15
926.9	0.1106E-15
961.3	0.1136E-15
996.2	0.1167E-15
1031.	0.1199E-15
1067.	0.1232E-15
1103.	0.1265E-15
1140.	0.1299E-15
1177.	0.1334E-15
1215.	0.1370E-15
1253.	0.1407E-15
1292.	0.1444E-15
1331.	0.1483E-15
1370.	0.1522E-15
1411.	0.1562E-15
1451.	0.1604E-15
1493.	0.1646E-15
1535.	0.1689E-15
1577.	0.1734E-15
1621.	0.1779E-15
1664.	0.1826E-15
1709.	0.1873E-15
1754.	0.1922E-15
1800.	0.1972E-15
1847.	0.2024E-15
1894.	0.2077E-15
1942.	0.2131E-15
1990.	0.2186E-15
2040.	0.2243E-15
2090.	0.2301E-15
2141.	0.2360E-15
2193.	0.2422E-15
2246.	0.2484E-15
2299.	0.2548E-15
2353.	0.2614E-15
2408.	0.2682E-15
2464.	0.2751E-15
2521.	0.2822E-15
2579.	0.2894E-15
2637.	0.2969E-15
2697.	0.3045E-15
2757.	0.3123E-15
2818.	0.3203E-15
2880.	0.3285E-15
2944.	0.3370E-15
3008.	0.3455E-15
3073.	0.3543E-15
3139.	0.3634E-15
3205.	0.3726E-15
3274.	0.3821E-15
3342.	0.3917E-15
3412.	0.4017E-15
3483.	0.4118E-15
3555.	0.4222E-15
 
 
E/N (Td)	Inelastic power loss /N (eV m3/s)
0.1930E-01	-0.2236-207
0.2059E-01	-0.2266-207
0.2197E-01	-0.2296-207
0.2344E-01	-0.2327-207
0.2499E-01	-0.2358-207
0.2663E-01	-0.2389-207
0.2838E-01	-0.2421-207
0.3022E-01	-0.2453-207
0.3217E-01	-0.2486-207
0.3422E-01	-0.2519-207
0.3639E-01	-0.2552-207
0.3867E-01	-0.2586-207
0.4107E-01	-0.2621-207
0.4359E-01	-0.2656-207
0.4624E-01	-0.2691-207
0.4901E-01	-0.2728-207
0.5192E-01	-0.2764-207
0.5497E-01	-0.2802-207
0.5817E-01	-0.2840-207
0.6151E-01	-0.2879-207
0.6501E-01	-0.2919-207
0.6866E-01	-0.2959-207
0.7249E-01	-0.3001-207
0.7649E-01	-0.3044-207
0.8067E-01	-0.3087-207
0.8507E-01	-0.3132-207
0.8965E-01	-0.3178-207
0.9445E-01	-0.3225-207
0.9948E-01	-0.3272-207
0.1047	-0.3321-207
0.1102	-0.3371-207
0.1160	-0.3422-207
0.1220	-0.3474-207
0.1283	-0.3526-207
0.1349	-0.3579-207
0.1419	-0.3633-207
0.1491	-0.3687-207
0.1568	-0.3743-207
0.1647	-0.3798-207
0.1731	-0.3854-207
0.1819	0.1379E-32
0.1911	0.2755E-30
0.2008	0.2050E-29
0.2110	0.1074E-28
0.2217	0.4983E-28
0.2329	0.2137E-27
0.2447	0.8509E-27
0.2571	0.3166E-26
0.2701	0.1093E-25
0.2838	0.3530E-25
0.2982	0.1068E-24
0.3134	0.3029E-24
0.3293	0.8106E-24
0.3461	0.2038E-23
0.3638	0.4844E-23
0.3823	0.1091E-22
0.4018	0.2333E-22
0.4224	0.4754E-22
0.4440	0.9255E-22
0.4668	0.1729E-21
0.4907	0.3099E-21
0.5160	0.5351E-21
0.5425	0.8900E-21
0.5707	0.1440E-20
0.6003	0.2253E-20
0.6316	0.3432E-20
0.6646	0.5091E-20
0.6996	0.7378E-20
0.7366	0.1045E-19
0.7759	0.1451E-19
0.8173	0.1975E-19
0.8614	0.2642E-19
0.9084	0.3480E-19
0.9581	0.4511E-19
1.011	0.5768E-19
1.068	0.7277E-19
1.127	0.9060E-19
1.191	0.1115E-18
1.259	0.1358E-18
1.331	0.1637E-18
1.407	0.1953E-18
1.488	0.2308E-18
1.575	0.2704E-18
1.666	0.3141E-18
1.763	0.3621E-18
1.865	0.4143E-18
1.973	0.4709E-18
2.088	0.5319E-18
2.209	0.5970E-18
2.337	0.6663E-18
2.471	0.7398E-18
2.614	0.8187E-18
2.763	0.9017E-18
2.920	0.9914E-18
3.085	0.1092E-17
3.259	0.1212E-17
3.443	0.1365E-17
3.641	0.1576E-17
3.854	0.1885E-17
4.089	0.2352E-17
4.355	0.3084E-17
4.664	0.4248E-17
5.037	0.6141E-17
5.513	0.9331E-17
6.162	0.1500E-16
7.134	0.2596E-16
8.744	0.4941E-16
11.43	0.1004E-15
15.46	0.2012E-15
20.71	0.3722E-15
27.09	0.6361E-15
34.61	0.1021E-14
43.35	0.1564E-14
53.38	0.2305E-14
64.75	0.3288E-14
77.53	0.4563E-14
91.70	0.6177E-14
107.2	0.8175E-14
124.1	0.1060E-13
142.3	0.1349E-13
161.6	0.1687E-13
182.0	0.2078E-13
203.4	0.2522E-13
225.8	0.3022E-13
248.9	0.3579E-13
272.9	0.4192E-13
297.6	0.4862E-13
322.9	0.5589E-13
348.8	0.6376E-13
375.4	0.7222E-13
402.4	0.8125E-13
429.9	0.9080E-13
457.8	0.1010E-12
486.3	0.1117E-12
515.2	0.1230E-12
544.5	0.1348E-12
574.3	0.1473E-12
604.4	0.1602E-12
634.9	0.1737E-12
665.7	0.1878E-12
697.0	0.2024E-12
728.7	0.2175E-12
760.8	0.2331E-12
793.2	0.2492E-12
826.0	0.2658E-12
859.2	0.2829E-12
892.9	0.3005E-12
926.9	0.3186E-12
961.3	0.3372E-12
996.2	0.3562E-12
1031.	0.3757E-12
1067.	0.3956E-12
1103.	0.4160E-12
1140.	0.4368E-12
1177.	0.4580E-12
1215.	0.4797E-12
1253.	0.5018E-12
1292.	0.5242E-12
1331.	0.5471E-12
1370.	0.5704E-12
1411.	0.5940E-12
1451.	0.6180E-12
1493.	0.6425E-12
1535.	0.6672E-12
1577.	0.6923E-12
1621.	0.7178E-12
1664.	0.7436E-12
1709.	0.7697E-12
1754.	0.7961E-12
1800.	0.8229E-12
1847.	0.8500E-12
1894.	0.8773E-12
1942.	0.9050E-12
1990.	0.9329E-12
2040.	0.9611E-12
2090.	0.9894E-12
2141.	0.1018E-11
2193.	0.1047E-11
2246.	0.1076E-11
2299.	0.1105E-11
2353.	0.1135E-11
2408.	0.1165E-11
2464.	0.1195E-11
2521.	0.1225E-11
2579.	0.1255E-11
2637.	0.1285E-11
2697.	0.1316E-11
2757.	0.1346E-11
2818.	0.1377E-11
2880.	0.1408E-11
2944.	0.1439E-11
3008.	0.1470E-11
3073.	0.1501E-11
3139.	0.1532E-11
3205.	0.1563E-11
3274.	0.1594E-11
3342.	0.1625E-11
3412.	0.1656E-11
3483.	0.1687E-11
3555.	0.1718E-11
 
 
E/N (Td)	Growth power /N (eV m3/s)
0.1930E-01	0.000
0.2059E-01	0.000
0.2197E-01	0.000
0.2344E-01	0.000
0.2499E-01	0.000
0.2663E-01	0.000
0.2838E-01	0.000
0.3022E-01	0.000
0.3217E-01	0.000
0.3422E-01	0.000
0.3639E-01	0.000
0.3867E-01	0.000
0.4107E-01	0.000
0.4359E-01	0.000
0.4624E-01	0.000
0.4901E-01	0.000
0.5192E-01	0.000
0.5497E-01	0.000
0.5817E-01	0.000
0.6151E-01	0.000
0.6501E-01	0.000
0.6866E-01	0.000
0.7249E-01	0.000
0.7649E-01	0.000
0.8067E-01	0.000
0.8507E-01	0.000
0.8965E-01	0.000
0.9445E-01	0.000
0.9948E-01	0.000
0.1047	0.000
0.1102	0.000
0.1160	0.000
0.1220	0.000
0.1283	0.000
0.1349	0.000
0.1419	0.000
0.1491	0.000
0.1568	0.000
0.1647	0.000
0.1731	0.000
0.1819	0.3467E-33
0.1911	0.7094E-31
0.2008	0.5407E-30
0.2110	0.2902E-29
0.2217	0.1380E-28
0.2329	0.6063E-28
0.2447	0.2474E-27
0.2571	0.9432E-27
0.2701	0.3334E-26
0.2838	0.1104E-25
0.2982	0.3421E-25
0.3134	0.9941E-25
0.3293	0.2726E-24
0.3461	0.7023E-24
0.3638	0.1710E-23
0.3823	0.3944E-23
0.4018	0.8643E-23
0.4224	0.1805E-22
0.4440	0.3600E-22
0.4668	0.6890E-22
0.4907	0.1265E-21
0.5160	0.2238E-21
0.5425	0.3814E-21
0.5707	0.6323E-21
0.6003	0.1014E-20
0.6316	0.1582E-20
0.6646	0.2404E-20
0.6996	0.3570E-20
0.7366	0.5181E-20
0.7759	0.7373E-20
0.8173	0.1028E-19
0.8614	0.1409E-19
0.9084	0.1901E-19
0.9581	0.2525E-19
1.011	0.3308E-19
1.068	0.4275E-19
1.127	0.5453E-19
1.191	0.6879E-19
1.259	0.8581E-19
1.331	0.1060E-18
1.407	0.1295E-18
1.488	0.1569E-18
1.575	0.1883E-18
1.666	0.2241E-18
1.763	0.2646E-18
1.865	0.3103E-18
1.973	0.3613E-18
2.088	0.4181E-18
2.209	0.4808E-18
2.337	0.5497E-18
2.471	0.6253E-18
2.614	0.7086E-18
2.763	0.7981E-18
2.920	0.8950E-18
3.085	0.9993E-18
3.259	0.1111E-17
3.443	0.1231E-17
3.641	0.1360E-17
3.854	0.1497E-17
4.089	0.1642E-17
4.355	0.1797E-17
4.664	0.1961E-17
5.037	0.2135E-17
5.513	0.2320E-17
6.162	0.2514E-17
7.134	0.2718E-17
8.744	0.2930E-17
11.43	0.3145E-17
15.46	0.3378E-17
20.71	0.3784E-17
27.09	0.5170E-17
34.61	0.9973E-17
43.35	0.2339E-16
53.38	0.5418E-16
64.75	0.1151E-15
77.53	0.2228E-15
91.70	0.3973E-15
107.2	0.6611E-15
124.1	0.1039E-14
142.3	0.1555E-14
161.6	0.2236E-14
182.0	0.3107E-14
203.4	0.4192E-14
225.8	0.5518E-14
248.9	0.7108E-14
272.9	0.8985E-14
297.6	0.1117E-13
322.9	0.1369E-13
348.8	0.1658E-13
375.4	0.1985E-13
402.4	0.2354E-13
429.9	0.2763E-13
457.8	0.3220E-13
486.3	0.3727E-13
515.2	0.4284E-13
544.5	0.4897E-13
574.3	0.5566E-13
604.4	0.6296E-13
634.9	0.7089E-13
665.7	0.7951E-13
697.0	0.8881E-13
728.7	0.9884E-13
760.8	0.1096E-12
793.2	0.1213E-12
826.0	0.1337E-12
859.2	0.1471E-12
892.9	0.1613E-12
926.9	0.1765E-12
961.3	0.1928E-12
996.2	0.2101E-12
1031.	0.2284E-12
1067.	0.2480E-12
1103.	0.2687E-12
1140.	0.2907E-12
1177.	0.3140E-12
1215.	0.3386E-12
1253.	0.3646E-12
1292.	0.3922E-12
1331.	0.4212E-12
1370.	0.4519E-12
1411.	0.4842E-12
1451.	0.5182E-12
1493.	0.5541E-12
1535.	0.5917E-12
1577.	0.6314E-12
1621.	0.6730E-12
1664.	0.7168E-12
1709.	0.7627E-12
1754.	0.8109E-12
1800.	0.8614E-12
1847.	0.9144E-12
1894.	0.9698E-12
1942.	0.1028E-11
1990.	0.1089E-11
2040.	0.1152E-11
2090.	0.1219E-11
2141.	0.1288E-11
2193.	0.1361E-11
2246.	0.1437E-11
2299.	0.1516E-11
2353.	0.1598E-11
2408.	0.1684E-11
2464.	0.1774E-11
2521.	0.1868E-11
2579.	0.1965E-11
2637.	0.2066E-11
2697.	0.2172E-11
2757.	0.2281E-11
2818.	0.2396E-11
2880.	0.2515E-11
2944.	0.2638E-11
3008.	0.2766E-11
3073.	0.2899E-11
3139.	0.3037E-11
3205.	0.3181E-11
3274.	0.3331E-11
3342.	0.3484E-11
3412.	0.3645E-11
3483.	0.3811E-11
3555.	0.3983E-11
 
 
E/N (Td)	Maximum energy
0.1930E-01	1.873
0.2059E-01	1.921
0.2197E-01	1.941
0.2344E-01	1.962
0.2499E-01	1.986
0.2663E-01	2.012
0.2838E-01	2.039
0.3022E-01	2.069
0.3217E-01	2.101
0.3422E-01	2.135
0.3639E-01	2.171
0.3867E-01	2.210
0.4107E-01	2.250
0.4359E-01	2.292
0.4624E-01	2.337
0.4901E-01	2.383
0.5192E-01	2.431
0.5497E-01	2.481
0.5817E-01	2.532
0.6151E-01	2.585
0.6501E-01	2.640
0.6866E-01	2.697
0.7249E-01	2.755
0.7649E-01	3.353
0.8067E-01	3.426
0.8507E-01	3.502
0.8965E-01	3.579
0.9445E-01	3.659
0.9948E-01	3.741
0.1047	3.825
0.1102	3.911
0.1160	4.000
0.1220	4.092
0.1283	4.186
0.1349	3.647
0.1419	3.732
0.1491	3.820
0.1568	3.912
0.1647	4.007
0.1731	4.106
0.1819	4.211
0.1911	4.320
0.2008	4.436
0.2110	4.539
0.2217	4.616
0.2329	4.697
0.2447	4.781
0.2571	4.868
0.2701	4.958
0.2838	5.051
0.2982	5.147
0.3134	5.247
0.3293	5.350
0.3461	5.456
0.3638	5.565
0.3823	5.678
0.4018	5.794
0.4224	5.914
0.4440	6.037
0.4668	6.165
0.4907	6.296
0.5160	6.432
0.5425	7.826
0.5707	6.716
0.6003	6.866
0.6316	7.020
0.6646	7.180
0.6996	7.347
0.7366	7.507
0.7759	7.747
0.8173	7.909
0.8614	8.079
0.9084	8.257
0.9581	8.444
1.011	8.641
1.068	8.849
1.127	9.068
1.191	9.301
1.259	9.548
1.331	9.810
1.407	10.09
1.488	10.38
1.575	12.69
1.666	11.11
1.763	11.45
1.865	11.79
1.973	12.07
2.088	12.33
2.209	12.58
2.337	12.80
2.471	13.04
2.614	13.25
2.763	13.43
2.920	13.60
3.085	13.87
3.259	14.04
3.443	14.23
3.641	14.38
3.854	14.61
4.089	14.72
4.355	14.93
4.664	15.20
5.037	15.44
5.513	15.72
6.162	16.05
7.134	16.60
8.744	17.25
11.43	18.43
15.46	19.81
20.71	21.43
27.09	23.48
34.61	25.49
43.35	27.75
53.38	30.10
64.75	33.39
77.53	36.21
91.70	39.20
107.2	43.48
124.1	46.78
142.3	51.15
161.6	55.53
182.0	60.58
203.4	66.37
225.8	72.92
248.9	77.29
272.9	85.07
297.6	90.11
322.9	95.36
348.8	105.2
375.4	111.3
402.4	117.7
429.9	124.1
457.8	136.7
486.3	143.8
515.2	151.1
544.5	158.7
574.3	166.6
604.4	184.1
634.9	193.2
665.7	202.8
697.0	212.7
728.7	223.0
760.8	233.6
793.2	244.6
826.0	302.6
859.2	316.4
892.9	297.7
926.9	311.6
961.3	326.0
996.2	340.9
1031.	356.5
1067.	372.8
1103.	389.6
1140.	407.1
1177.	425.4
1215.	444.5
1253.	464.6
1292.	485.5
1331.	506.7
1370.	528.4
1411.	550.7
1451.	678.4
1493.	706.7
1535.	674.8
1577.	704.0
1621.	734.6
1664.	766.5
1709.	799.5
1754.	834.2
1800.	870.6
1847.	908.2
1894.	947.6
1942.	989.3
1990.	1032.
2040.	1077.
2090.	1124.
2141.	1174.
2193.	1225.
2246.	1279.
2299.	1336.
2353.	1395.
2408.	1459.
2464.	1526.
2521.	1597.
2579.	1671.
2637.	1750.
2697.	1834.
2757.	1919.
2818.	2011.
2880.	2109.
2944.	2211.
3008.	2095.
3073.	2175.
3139.	2256.
3205.	2342.
3274.	2407.
3342.	2496.
3412.	2593.
3483.	2705.
3555.	2811.
 
 
E/N (Td)	# of iterations
0.1930E-01	4.000
0.2059E-01	4.000
0.2197E-01	4.000
0.2344E-01	4.000
0.2499E-01	4.000
0.2663E-01	4.000
0.2838E-01	4.000
0.3022E-01	4.000
0.3217E-01	4.000
0.3422E-01	4.000
0.3639E-01	4.000
0.3867E-01	4.000
0.4107E-01	4.000
0.4359E-01	4.000
0.4624E-01	4.000
0.4901E-01	4.000
0.5192E-01	4.000
0.5497E-01	4.000
0.5817E-01	4.000
0.6151E-01	4.000
0.6501E-01	4.000
0.6866E-01	4.000
0.7249E-01	4.000
0.7649E-01	8.000
0.8067E-01	8.000
0.8507E-01	8.000
0.8965E-01	8.000
0.9445E-01	8.000
0.9948E-01	8.000
0.1047	8.000
0.1102	8.000
0.1160	8.000
0.1220	8.000
0.1283	8.000
0.1349	4.000
0.1419	4.000
0.1491	4.000
0.1568	4.000
0.1647	4.000
0.1731	4.000
0.1819	4.000
0.1911	4.000
0.2008	4.000
0.2110	4.000
0.2217	4.000
0.2329	4.000
0.2447	4.000
0.2571	4.000
0.2701	4.000
0.2838	4.000
0.2982	4.000
0.3134	4.000
0.3293	4.000
0.3461	4.000
0.3638	4.000
0.3823	4.000
0.4018	4.000
0.4224	4.000
0.4440	4.000
0.4668	4.000
0.4907	4.000
0.5160	4.000
0.5425	8.000
0.5707	4.000
0.6003	4.000
0.6316	4.000
0.6646	4.000
0.6996	4.000
0.7366	4.000
0.7759	4.000
0.8173	4.000
0.8614	4.000
0.9084	4.000
0.9581	4.000
1.011	4.000
1.068	4.000
1.127	4.000
1.191	4.000
1.259	4.000
1.331	4.000
1.407	4.000
1.488	5.000
1.575	10.00
1.666	5.000
1.763	5.000
1.865	5.000
1.973	5.000
2.088	5.000
2.209	5.000
2.337	5.000
2.471	5.000
2.614	5.000
2.763	5.000
2.920	5.000
3.085	5.000
3.259	5.000
3.443	5.000
3.641	5.000
3.854	5.000
4.089	5.000
4.355	5.000
4.664	5.000
5.037	5.000
5.513	5.000
6.162	5.000
7.134	5.000
8.744	5.000
11.43	5.000
15.46	5.000
20.71	5.000
27.09	5.000
34.61	5.000
43.35	4.000
53.38	4.000
64.75	5.000
77.53	5.000
91.70	5.000
107.2	5.000
124.1	5.000
142.3	5.000
161.6	6.000
182.0	6.000
203.4	6.000
225.8	6.000
248.9	6.000
272.9	6.000
297.6	6.000
322.9	6.000
348.8	6.000
375.4	6.000
402.4	6.000
429.9	6.000
457.8	6.000
486.3	6.000
515.2	6.000
544.5	6.000
574.3	6.000
604.4	5.000
634.9	5.000
665.7	6.000
697.0	6.000
728.7	6.000
760.8	6.000
793.2	7.000
826.0	14.00
859.2	14.00
892.9	7.000
926.9	7.000
961.3	7.000
996.2	7.000
1031.	7.000
1067.	7.000
1103.	7.000
1140.	7.000
1177.	7.000
1215.	7.000
1253.	8.000
1292.	8.000
1331.	8.000
1370.	8.000
1411.	8.000
1451.	16.00
1493.	16.00
1535.	8.000
1577.	8.000
1621.	8.000
1664.	8.000
1709.	8.000
1754.	8.000
1800.	9.000
1847.	9.000
1894.	9.000
1942.	9.000
1990.	9.000
2040.	9.000
2090.	9.000
2141.	9.000
2193.	9.000
2246.	9.000
2299.	9.000
2353.	9.000
2408.	9.000
2464.	9.000
2521.	9.000
2579.	9.000
2637.	8.000
2697.	8.000
2757.	8.000
2818.	10.00
2880.	10.00
2944.	10.00
3008.	20.00
3073.	19.00
3139.	19.00
3205.	19.00
3274.	19.00
3342.	19.00
3412.	18.00
3483.	18.00
3555.	18.00
 
 
E/N (Td)	# of grid trials
0.1930E-01	1.000
0.2059E-01	1.000
0.2197E-01	1.000
0.2344E-01	1.000
0.2499E-01	1.000
0.2663E-01	1.000
0.2838E-01	1.000
0.3022E-01	1.000
0.3217E-01	1.000
0.3422E-01	1.000
0.3639E-01	1.000
0.3867E-01	1.000
0.4107E-01	1.000
0.4359E-01	1.000
0.4624E-01	1.000
0.4901E-01	1.000
0.5192E-01	1.000
0.5497E-01	1.000
0.5817E-01	1.000
0.6151E-01	1.000
0.6501E-01	1.000
0.6866E-01	1.000
0.7249E-01	1.000
0.7649E-01	2.000
0.8067E-01	2.000
0.8507E-01	2.000
0.8965E-01	2.000
0.9445E-01	2.000
0.9948E-01	2.000
0.1047	2.000
0.1102	2.000
0.1160	2.000
0.1220	2.000
0.1283	2.000
0.1349	1.000
0.1419	1.000
0.1491	1.000
0.1568	1.000
0.1647	1.000
0.1731	1.000
0.1819	1.000
0.1911	1.000
0.2008	1.000
0.2110	1.000
0.2217	1.000
0.2329	1.000
0.2447	1.000
0.2571	1.000
0.2701	1.000
0.2838	1.000
0.2982	1.000
0.3134	1.000
0.3293	1.000
0.3461	1.000
0.3638	1.000
0.3823	1.000
0.4018	1.000
0.4224	1.000
0.4440	1.000
0.4668	1.000
0.4907	1.000
0.5160	1.000
0.5425	2.000
0.5707	1.000
0.6003	1.000
0.6316	1.000
0.6646	1.000
0.6996	1.000
0.7366	1.000
0.7759	1.000
0.8173	1.000
0.8614	1.000
0.9084	1.000
0.9581	1.000
1.011	1.000
1.068	1.000
1.127	1.000
1.191	1.000
1.259	1.000
1.331	1.000
1.407	1.000
1.488	1.000
1.575	2.000
1.666	1.000
1.763	1.000
1.865	1.000
1.973	1.000
2.088	1.000
2.209	1.000
2.337	1.000
2.471	1.000
2.614	1.000
2.763	1.000
2.920	1.000
3.085	1.000
3.259	1.000
3.443	1.000
3.641	1.000
3.854	1.000
4.089	1.000
4.355	1.000
4.664	1.000
5.037	1.000
5.513	1.000
6.162	1.000
7.134	1.000
8.744	1.000
11.43	1.000
15.46	1.000
20.71	1.000
27.09	1.000
34.61	1.000
43.35	1.000
53.38	1.000
64.75	1.000
77.53	1.000
91.70	1.000
107.2	1.000
124.1	1.000
142.3	1.000
161.6	1.000
182.0	1.000
203.4	1.000
225.8	1.000
248.9	1.000
272.9	1.000
297.6	1.000
322.9	1.000
348.8	1.000
375.4	1.000
402.4	1.000
429.9	1.000
457.8	1.000
486.3	1.000
515.2	1.000
544.5	1.000
574.3	1.000
604.4	1.000
634.9	1.000
665.7	1.000
697.0	1.000
728.7	1.000
760.8	1.000
793.2	1.000
826.0	2.000
859.2	2.000
892.9	1.000
926.9	1.000
961.3	1.000
996.2	1.000
1031.	1.000
1067.	1.000
1103.	1.000
1140.	1.000
1177.	1.000
1215.	1.000
1253.	1.000
1292.	1.000
1331.	1.000
1370.	1.000
1411.	1.000
1451.	2.000
1493.	2.000
1535.	1.000
1577.	1.000
1621.	1.000
1664.	1.000
1709.	1.000
1754.	1.000
1800.	1.000
1847.	1.000
1894.	1.000
1942.	1.000
1990.	1.000
2040.	1.000
2090.	1.000
2141.	1.000
2193.	1.000
2246.	1.000
2299.	1.000
2353.	1.000
2408.	1.000
2464.	1.000
2521.	1.000
2579.	1.000
2637.	1.000
2697.	1.000
2757.	1.000
2818.	1.000
2880.	1.000
2944.	1.000
3008.	2.000
3073.	2.000
3139.	2.000
3205.	2.000
3274.	2.000
3342.	2.000
3412.	2.000
3483.	2.000
3555.	2.000
 
 
C1    Ar    Elastic                                             
E/N (Td)	Rate coefficient (m3/s)
0.1930E-01	0.1749E-14
0.2059E-01	0.1827E-14
0.2197E-01	0.1909E-14
0.2344E-01	0.1997E-14
0.2499E-01	0.2089E-14
0.2663E-01	0.2186E-14
0.2838E-01	0.2288E-14
0.3022E-01	0.2395E-14
0.3217E-01	0.2508E-14
0.3422E-01	0.2625E-14
0.3639E-01	0.2748E-14
0.3867E-01	0.2876E-14
0.4107E-01	0.3009E-14
0.4359E-01	0.3148E-14
0.4624E-01	0.3292E-14
0.4901E-01	0.3442E-14
0.5192E-01	0.3598E-14
0.5497E-01	0.3759E-14
0.5817E-01	0.3927E-14
0.6151E-01	0.4100E-14
0.6501E-01	0.4279E-14
0.6866E-01	0.4465E-14
0.7249E-01	0.4657E-14
0.7649E-01	0.4855E-14
0.8067E-01	0.5060E-14
0.8507E-01	0.5273E-14
0.8965E-01	0.5492E-14
0.9445E-01	0.5719E-14
0.9948E-01	0.5954E-14
0.1047	0.6196E-14
0.1102	0.6447E-14
0.1160	0.6706E-14
0.1220	0.6974E-14
0.1283	0.7250E-14
0.1349	0.7537E-14
0.1419	0.7832E-14
0.1491	0.8138E-14
0.1568	0.8455E-14
0.1647	0.8783E-14
0.1731	0.9122E-14
0.1819	0.9473E-14
0.1911	0.9836E-14
0.2008	0.1021E-13
0.2110	0.1060E-13
0.2217	0.1101E-13
0.2329	0.1143E-13
0.2447	0.1186E-13
0.2571	0.1231E-13
0.2701	0.1278E-13
0.2838	0.1327E-13
0.2982	0.1377E-13
0.3134	0.1429E-13
0.3293	0.1484E-13
0.3461	0.1540E-13
0.3638	0.1598E-13
0.3823	0.1659E-13
0.4018	0.1722E-13
0.4224	0.1788E-13
0.4440	0.1856E-13
0.4668	0.1927E-13
0.4907	0.2000E-13
0.5160	0.2077E-13
0.5425	0.2156E-13
0.5707	0.2239E-13
0.6003	0.2324E-13
0.6316	0.2414E-13
0.6646	0.2507E-13
0.6996	0.2604E-13
0.7366	0.2704E-13
0.7759	0.2810E-13
0.8173	0.2919E-13
0.8614	0.3033E-13
0.9084	0.3152E-13
0.9581	0.3276E-13
1.011	0.3406E-13
1.068	0.3542E-13
1.127	0.3683E-13
1.191	0.3830E-13
1.259	0.3984E-13
1.331	0.4146E-13
1.407	0.4314E-13
1.488	0.4490E-13
1.575	0.4674E-13
1.666	0.4865E-13
1.763	0.5065E-13
1.865	0.5274E-13
1.973	0.5492E-13
2.088	0.5720E-13
2.209	0.5957E-13
2.337	0.6204E-13
2.471	0.6461E-13
2.614	0.6732E-13
2.763	0.7011E-13
2.920	0.7301E-13
3.085	0.7601E-13
3.259	0.7913E-13
3.443	0.8235E-13
3.641	0.8569E-13
3.854	0.8913E-13
4.089	0.9268E-13
4.355	0.9635E-13
4.664	0.1001E-12
5.037	0.1040E-12
5.513	0.1081E-12
6.162	0.1122E-12
7.134	0.1164E-12
8.744	0.1207E-12
11.43	0.1250E-12
15.46	0.1292E-12
20.71	0.1333E-12
27.09	0.1374E-12
34.61	0.1414E-12
43.35	0.1454E-12
53.38	0.1494E-12
64.75	0.1532E-12
77.53	0.1570E-12
91.70	0.1606E-12
107.2	0.1642E-12
124.1	0.1676E-12
142.3	0.1709E-12
161.6	0.1741E-12
182.0	0.1771E-12
203.4	0.1800E-12
225.8	0.1828E-12
248.9	0.1855E-12
272.9	0.1880E-12
297.6	0.1905E-12
322.9	0.1928E-12
348.8	0.1950E-12
375.4	0.1971E-12
402.4	0.1990E-12
429.9	0.2009E-12
457.8	0.2027E-12
486.3	0.2044E-12
515.2	0.2059E-12
544.5	0.2074E-12
574.3	0.2088E-12
604.4	0.2100E-12
634.9	0.2112E-12
665.7	0.2123E-12
697.0	0.2133E-12
728.7	0.2142E-12
760.8	0.2150E-12
793.2	0.2158E-12
826.0	0.2165E-12
859.2	0.2170E-12
892.9	0.2176E-12
926.9	0.2180E-12
961.3	0.2184E-12
996.2	0.2187E-12
1031.	0.2189E-12
1067.	0.2190E-12
1103.	0.2191E-12
1140.	0.2192E-12
1177.	0.2191E-12
1215.	0.2191E-12
1253.	0.2189E-12
1292.	0.2187E-12
1331.	0.2185E-12
1370.	0.2181E-12
1411.	0.2178E-12
1451.	0.2174E-12
1493.	0.2169E-12
1535.	0.2164E-12
1577.	0.2158E-12
1621.	0.2152E-12
1664.	0.2146E-12
1709.	0.2139E-12
1754.	0.2132E-12
1800.	0.2124E-12
1847.	0.2116E-12
1894.	0.2108E-12
1942.	0.2099E-12
1990.	0.2090E-12
2040.	0.2080E-12
2090.	0.2070E-12
2141.	0.2060E-12
2193.	0.2050E-12
2246.	0.2039E-12
2299.	0.2028E-12
2353.	0.2016E-12
2408.	0.2005E-12
2464.	0.1993E-12
2521.	0.1981E-12
2579.	0.1968E-12
2637.	0.1956E-12
2697.	0.1943E-12
2757.	0.1930E-12
2818.	0.1917E-12
2880.	0.1903E-12
2944.	0.1890E-12
3008.	0.1876E-12
3073.	0.1862E-12
3139.	0.1848E-12
3205.	0.1834E-12
3274.	0.1820E-12
3342.	0.1805E-12
3412.	0.1791E-12
3483.	0.1776E-12
3555.	0.1761E-12
 
 
C2    Ar    Excitation    11.55 eV                              
E/N (Td)	Rate coefficient (m3/s)
0.1930E-01	0.000
0.2059E-01	0.000
0.2197E-01	0.000
0.2344E-01	0.000
0.2499E-01	0.000
0.2663E-01	0.000
0.2838E-01	0.000
0.3022E-01	0.000
0.3217E-01	0.000
0.3422E-01	0.000
0.3639E-01	0.000
0.3867E-01	0.000
0.4107E-01	0.000
0.4359E-01	0.000
0.4624E-01	0.000
0.4901E-01	0.000
0.5192E-01	0.000
0.5497E-01	0.000
0.5817E-01	0.000
0.6151E-01	0.000
0.6501E-01	0.000
0.6866E-01	0.000
0.7249E-01	0.000
0.7649E-01	0.000
0.8067E-01	0.000
0.8507E-01	0.000
0.8965E-01	0.000
0.9445E-01	0.000
0.9948E-01	0.000
0.1047	0.000
0.1102	0.000
0.1160	0.000
0.1220	0.000
0.1283	0.000
0.1349	0.000
0.1419	0.000
0.1491	0.000
0.1568	0.000
0.1647	0.000
0.1731	0.000
0.1819	0.000
0.1911	0.000
0.2008	0.000
0.2110	0.000
0.2217	0.000
0.2329	0.000
0.2447	0.000
0.2571	0.000
0.2701	0.000
0.2838	0.000
0.2982	0.000
0.3134	0.000
0.3293	0.000
0.3461	0.000
0.3638	0.000
0.3823	0.000
0.4018	0.000
0.4224	0.000
0.4440	0.000
0.4668	0.000
0.4907	0.000
0.5160	0.000
0.5425	0.000
0.5707	0.000
0.6003	0.000
0.6316	0.000
0.6646	0.000
0.6996	0.000
0.7366	0.000
0.7759	0.000
0.8173	0.000
0.8614	0.000
0.9084	0.000
0.9581	0.000
1.011	0.000
1.068	0.000
1.127	0.000
1.191	0.000
1.259	0.000
1.331	0.000
1.407	0.000
1.488	0.000
1.575	0.6967E-30
1.666	0.000
1.763	0.000
1.865	0.1178E-26
1.973	0.1524E-25
2.088	0.1154E-24
2.209	0.7092E-24
2.337	0.3675E-23
2.471	0.1632E-22
2.614	0.6363E-22
2.763	0.2137E-21
2.920	0.6358E-21
3.085	0.1697E-20
3.259	0.4113E-20
3.443	0.9159E-20
3.641	0.1897E-19
3.854	0.3697E-19
4.089	0.6844E-19
4.355	0.1224E-18
4.664	0.2133E-18
5.037	0.3664E-18
5.513	0.6296E-18
6.162	0.1101E-17
7.134	0.2009E-17
8.744	0.3902E-17
11.43	0.7795E-17
15.46	0.1481E-16
20.71	0.2542E-16
27.09	0.3995E-16
34.61	0.5877E-16
43.35	0.8224E-16
53.38	0.1105E-15
64.75	0.1437E-15
77.53	0.1817E-15
91.70	0.2242E-15
107.2	0.2710E-15
124.1	0.3217E-15
142.3	0.3760E-15
161.6	0.4337E-15
182.0	0.4943E-15
203.4	0.5578E-15
225.8	0.6238E-15
248.9	0.6921E-15
272.9	0.7626E-15
297.6	0.8352E-15
322.9	0.9096E-15
348.8	0.9863E-15
375.4	0.1065E-14
402.4	0.1145E-14
429.9	0.1227E-14
457.8	0.1311E-14
486.3	0.1397E-14
515.2	0.1484E-14
544.5	0.1574E-14
574.3	0.1665E-14
604.4	0.1758E-14
634.9	0.1852E-14
665.7	0.1949E-14
697.0	0.2047E-14
728.7	0.2146E-14
760.8	0.2247E-14
793.2	0.2350E-14
826.0	0.2455E-14
859.2	0.2560E-14
892.9	0.2668E-14
926.9	0.2776E-14
961.3	0.2886E-14
996.2	0.2998E-14
1031.	0.3110E-14
1067.	0.3224E-14
1103.	0.3339E-14
1140.	0.3455E-14
1177.	0.3572E-14
1215.	0.3690E-14
1253.	0.3810E-14
1292.	0.3930E-14
1331.	0.4051E-14
1370.	0.4172E-14
1411.	0.4295E-14
1451.	0.4418E-14
1493.	0.4541E-14
1535.	0.4666E-14
1577.	0.4791E-14
1621.	0.4916E-14
1664.	0.5041E-14
1709.	0.5167E-14
1754.	0.5293E-14
1800.	0.5419E-14
1847.	0.5546E-14
1894.	0.5672E-14
1942.	0.5799E-14
1990.	0.5925E-14
2040.	0.6051E-14
2090.	0.6177E-14
2141.	0.6302E-14
2193.	0.6428E-14
2246.	0.6552E-14
2299.	0.6676E-14
2353.	0.6800E-14
2408.	0.6923E-14
2464.	0.7045E-14
2521.	0.7167E-14
2579.	0.7288E-14
2637.	0.7407E-14
2697.	0.7526E-14
2757.	0.7644E-14
2818.	0.7760E-14
2880.	0.7876E-14
2944.	0.7990E-14
3008.	0.8104E-14
3073.	0.8215E-14
3139.	0.8326E-14
3205.	0.8435E-14
3274.	0.8543E-14
3342.	0.8648E-14
3412.	0.8753E-14
3483.	0.8857E-14
3555.	0.8957E-14
 
 
C3    Ar    Excitation    13.00 eV                              
E/N (Td)	Rate coefficient (m3/s)
0.1930E-01	0.000
0.2059E-01	0.000
0.2197E-01	0.000
0.2344E-01	0.000
0.2499E-01	0.000
0.2663E-01	0.000
0.2838E-01	0.000
0.3022E-01	0.000
0.3217E-01	0.000
0.3422E-01	0.000
0.3639E-01	0.000
0.3867E-01	0.000
0.4107E-01	0.000
0.4359E-01	0.000
0.4624E-01	0.000
0.4901E-01	0.000
0.5192E-01	0.000
0.5497E-01	0.000
0.5817E-01	0.000
0.6151E-01	0.000
0.6501E-01	0.000
0.6866E-01	0.000
0.7249E-01	0.000
0.7649E-01	0.000
0.8067E-01	0.000
0.8507E-01	0.000
0.8965E-01	0.000
0.9445E-01	0.000
0.9948E-01	0.000
0.1047	0.000
0.1102	0.000
0.1160	0.000
0.1220	0.000
0.1283	0.000
0.1349	0.000
0.1419	0.000
0.1491	0.000
0.1568	0.000
0.1647	0.000
0.1731	0.000
0.1819	0.000
0.1911	0.000
0.2008	0.000
0.2110	0.000
0.2217	0.000
0.2329	0.000
0.2447	0.000
0.2571	0.000
0.2701	0.000
0.2838	0.000
0.2982	0.000
0.3134	0.000
0.3293	0.000
0.3461	0.000
0.3638	0.000
0.3823	0.000
0.4018	0.000
0.4224	0.000
0.4440	0.000
0.4668	0.000
0.4907	0.000
0.5160	0.000
0.5425	0.000
0.5707	0.000
0.6003	0.000
0.6316	0.000
0.6646	0.000
0.6996	0.000
0.7366	0.000
0.7759	0.000
0.8173	0.000
0.8614	0.000
0.9084	0.000
0.9581	0.000
1.011	0.000
1.068	0.000
1.127	0.000
1.191	0.000
1.259	0.000
1.331	0.000
1.407	0.000
1.488	0.000
1.575	0.000
1.666	0.000
1.763	0.000
1.865	0.000
1.973	0.000
2.088	0.000
2.209	0.000
2.337	0.000
2.471	0.8480E-29
2.614	0.1202E-26
2.763	0.9398E-26
2.920	0.5110E-25
3.085	0.2340E-24
3.259	0.9349E-24
3.443	0.3329E-23
3.641	0.1075E-22
3.854	0.3205E-22
4.089	0.8936E-22
4.355	0.2400E-21
4.664	0.6293E-21
5.037	0.1648E-20
5.513	0.4430E-20
6.162	0.1269E-19
7.134	0.4061E-19
8.744	0.1510E-18
11.43	0.5913E-18
15.46	0.2013E-17
20.71	0.5346E-17
27.09	0.1157E-16
34.61	0.2167E-16
43.35	0.3661E-16
53.38	0.5730E-16
64.75	0.8456E-16
77.53	0.1191E-15
91.70	0.1615E-15
107.2	0.2120E-15
124.1	0.2709E-15
142.3	0.3383E-15
161.6	0.4139E-15
182.0	0.4978E-15
203.4	0.5894E-15
225.8	0.6886E-15
248.9	0.7951E-15
272.9	0.9083E-15
297.6	0.1028E-14
322.9	0.1154E-14
348.8	0.1286E-14
375.4	0.1424E-14
402.4	0.1566E-14
429.9	0.1714E-14
457.8	0.1866E-14
486.3	0.2023E-14
515.2	0.2185E-14
544.5	0.2351E-14
574.3	0.2520E-14
604.4	0.2694E-14
634.9	0.2871E-14
665.7	0.3051E-14
697.0	0.3234E-14
728.7	0.3420E-14
760.8	0.3609E-14
793.2	0.3800E-14
826.0	0.3994E-14
859.2	0.4189E-14
892.9	0.4387E-14
926.9	0.4587E-14
961.3	0.4788E-14
996.2	0.4990E-14
1031.	0.5194E-14
1067.	0.5400E-14
1103.	0.5606E-14
1140.	0.5813E-14
1177.	0.6021E-14
1215.	0.6229E-14
1253.	0.6438E-14
1292.	0.6647E-14
1331.	0.6857E-14
1370.	0.7066E-14
1411.	0.7276E-14
1451.	0.7485E-14
1493.	0.7695E-14
1535.	0.7903E-14
1577.	0.8112E-14
1621.	0.8320E-14
1664.	0.8527E-14
1709.	0.8733E-14
1754.	0.8938E-14
1800.	0.9143E-14
1847.	0.9346E-14
1894.	0.9548E-14
1942.	0.9749E-14
1990.	0.9948E-14
2040.	0.1015E-13
2090.	0.1034E-13
2141.	0.1053E-13
2193.	0.1073E-13
2246.	0.1092E-13
2299.	0.1111E-13
2353.	0.1129E-13
2408.	0.1148E-13
2464.	0.1166E-13
2521.	0.1184E-13
2579.	0.1202E-13
2637.	0.1219E-13
2697.	0.1236E-13
2757.	0.1253E-13
2818.	0.1270E-13
2880.	0.1287E-13
2944.	0.1303E-13
3008.	0.1319E-13
3073.	0.1334E-13
3139.	0.1350E-13
3205.	0.1365E-13
3274.	0.1379E-13
3342.	0.1394E-13
3412.	0.1408E-13
3483.	0.1422E-13
3555.	0.1435E-13
 
 
C4    Ar    Excitation    14.00 eV                              
E/N (Td)	Rate coefficient (m3/s)
0.1930E-01	0.000
0.2059E-01	0.000
0.2197E-01	0.000
0.2344E-01	0.000
0.2499E-01	0.000
0.2663E-01	0.000
0.2838E-01	0.000
0.3022E-01	0.000
0.3217E-01	0.000
0.3422E-01	0.000
0.3639E-01	0.000
0.3867E-01	0.000
0.4107E-01	0.000
0.4359E-01	0.000
0.4624E-01	0.000
0.4901E-01	0.000
0.5192E-01	0.000
0.5497E-01	0.000
0.5817E-01	0.000
0.6151E-01	0.000
0.6501E-01	0.000
0.6866E-01	0.000
0.7249E-01	0.000
0.7649E-01	0.000
0.8067E-01	0.000
0.8507E-01	0.000
0.8965E-01	0.000
0.9445E-01	0.000
0.9948E-01	0.000
0.1047	0.000
0.1102	0.000
0.1160	0.000
0.1220	0.000
0.1283	0.000
0.1349	0.000
0.1419	0.000
0.1491	0.000
0.1568	0.000
0.1647	0.000
0.1731	0.000
0.1819	0.000
0.1911	0.000
0.2008	0.000
0.2110	0.000
0.2217	0.000
0.2329	0.000
0.2447	0.000
0.2571	0.000
0.2701	0.000
0.2838	0.000
0.2982	0.000
0.3134	0.000
0.3293	0.000
0.3461	0.000
0.3638	0.000
0.3823	0.000
0.4018	0.000
0.4224	0.000
0.4440	0.000
0.4668	0.000
0.4907	0.000
0.5160	0.000
0.5425	0.000
0.5707	0.000
0.6003	0.000
0.6316	0.000
0.6646	0.000
0.6996	0.000
0.7366	0.000
0.7759	0.000
0.8173	0.000
0.8614	0.000
0.9084	0.000
0.9581	0.000
1.011	0.000
1.068	0.000
1.127	0.000
1.191	0.000
1.259	0.000
1.331	0.000
1.407	0.000
1.488	0.000
1.575	0.000
1.666	0.000
1.763	0.000
1.865	0.000
1.973	0.000
2.088	0.000
2.209	0.000
2.337	0.000
2.471	0.000
2.614	0.000
2.763	0.000
2.920	0.000
3.085	0.000
3.259	0.3235E-29
3.443	0.2031E-27
3.641	0.1227E-26
3.854	0.5950E-26
4.089	0.2561E-25
4.355	0.1060E-24
4.664	0.4304E-24
5.037	0.1774E-23
5.513	0.7761E-23
6.162	0.3818E-22
7.134	0.2280E-21
8.744	0.1754E-20
11.43	0.1471E-19
15.46	0.9665E-19
20.71	0.4158E-18
27.09	0.1267E-17
34.61	0.3031E-17
43.35	0.6139E-17
53.38	0.1102E-16
64.75	0.1808E-16
77.53	0.2768E-16
91.70	0.4015E-16
107.2	0.5573E-16
124.1	0.7462E-16
142.3	0.9699E-16
161.6	0.1230E-15
182.0	0.1526E-15
203.4	0.1860E-15
225.8	0.2232E-15
248.9	0.2642E-15
272.9	0.3089E-15
297.6	0.3575E-15
322.9	0.4097E-15
348.8	0.4659E-15
375.4	0.5259E-15
402.4	0.5896E-15
429.9	0.6566E-15
457.8	0.7277E-15
486.3	0.8026E-15
515.2	0.8810E-15
544.5	0.9633E-15
574.3	0.1049E-14
604.4	0.1139E-14
634.9	0.1232E-14
665.7	0.1329E-14
697.0	0.1429E-14
728.7	0.1533E-14
760.8	0.1641E-14
793.2	0.1752E-14
826.0	0.1866E-14
859.2	0.1984E-14
892.9	0.2106E-14
926.9	0.2231E-14
961.3	0.2360E-14
996.2	0.2492E-14
1031.	0.2627E-14
1067.	0.2766E-14
1103.	0.2908E-14
1140.	0.3054E-14
1177.	0.3203E-14
1215.	0.3355E-14
1253.	0.3511E-14
1292.	0.3670E-14
1331.	0.3832E-14
1370.	0.3997E-14
1411.	0.4166E-14
1451.	0.4338E-14
1493.	0.4513E-14
1535.	0.4691E-14
1577.	0.4873E-14
1621.	0.5057E-14
1664.	0.5245E-14
1709.	0.5435E-14
1754.	0.5629E-14
1800.	0.5825E-14
1847.	0.6024E-14
1894.	0.6227E-14
1942.	0.6432E-14
1990.	0.6639E-14
2040.	0.6850E-14
2090.	0.7062E-14
2141.	0.7278E-14
2193.	0.7496E-14
2246.	0.7716E-14
2299.	0.7939E-14
2353.	0.8163E-14
2408.	0.8390E-14
2464.	0.8619E-14
2521.	0.8850E-14
2579.	0.9083E-14
2637.	0.9317E-14
2697.	0.9553E-14
2757.	0.9791E-14
2818.	0.1003E-13
2880.	0.1027E-13
2944.	0.1051E-13
3008.	0.1076E-13
3073.	0.1100E-13
3139.	0.1124E-13
3205.	0.1149E-13
3274.	0.1174E-13
3342.	0.1198E-13
3412.	0.1223E-13
3483.	0.1248E-13
3555.	0.1272E-13
 
 
C5    Ar    Ionization    15.70 eV                              
E/N (Td)	Rate coefficient (m3/s)
0.1930E-01	0.000
0.2059E-01	0.000
0.2197E-01	0.000
0.2344E-01	0.000
0.2499E-01	0.000
0.2663E-01	0.000
0.2838E-01	0.000
0.3022E-01	0.000
0.3217E-01	0.000
0.3422E-01	0.000
0.3639E-01	0.000
0.3867E-01	0.000
0.4107E-01	0.000
0.4359E-01	0.000
0.4624E-01	0.000
0.4901E-01	0.000
0.5192E-01	0.000
0.5497E-01	0.000
0.5817E-01	0.000
0.6151E-01	0.000
0.6501E-01	0.000
0.6866E-01	0.000
0.7249E-01	0.000
0.7649E-01	0.000
0.8067E-01	0.000
0.8507E-01	0.000
0.8965E-01	0.000
0.9445E-01	0.000
0.9948E-01	0.000
0.1047	0.000
0.1102	0.000
0.1160	0.000
0.1220	0.000
0.1283	0.000
0.1349	0.000
0.1419	0.000
0.1491	0.000
0.1568	0.000
0.1647	0.000
0.1731	0.000
0.1819	0.000
0.1911	0.000
0.2008	0.000
0.2110	0.000
0.2217	0.000
0.2329	0.000
0.2447	0.000
0.2571	0.000
0.2701	0.000
0.2838	0.000
0.2982	0.000
0.3134	0.000
0.3293	0.000
0.3461	0.000
0.3638	0.000
0.3823	0.000
0.4018	0.000
0.4224	0.000
0.4440	0.000
0.4668	0.000
0.4907	0.000
0.5160	0.000
0.5425	0.000
0.5707	0.000
0.6003	0.000
0.6316	0.000
0.6646	0.000
0.6996	0.000
0.7366	0.000
0.7759	0.000
0.8173	0.000
0.8614	0.000
0.9084	0.000
0.9581	0.000
1.011	0.000
1.068	0.000
1.127	0.000
1.191	0.000
1.259	0.000
1.331	0.000
1.407	0.000
1.488	0.000
1.575	0.000
1.666	0.000
1.763	0.000
1.865	0.000
1.973	0.000
2.088	0.000
2.209	0.000
2.337	0.000
2.471	0.000
2.614	0.000
2.763	0.000
2.920	0.000
3.085	0.000
3.259	0.000
3.443	0.000
3.641	0.000
3.854	0.000
4.089	0.000
4.355	0.000
4.664	0.000
5.037	0.000
5.513	0.1500E-30
6.162	0.1334E-26
7.134	0.4050E-25
8.744	0.1749E-23
11.43	0.8787E-22
15.46	0.2661E-20
20.71	0.3484E-19
27.09	0.2343E-18
34.61	0.1001E-17
43.35	0.3151E-17
53.38	0.7996E-17
64.75	0.1734E-16
77.53	0.3342E-16
91.70	0.5873E-16
107.2	0.9586E-16
124.1	0.1474E-15
142.3	0.2157E-15
161.6	0.3031E-15
182.0	0.4114E-15
203.4	0.5421E-15
225.8	0.6966E-15
248.9	0.8761E-15
272.9	0.1081E-14
297.6	0.1312E-14
322.9	0.1570E-14
348.8	0.1855E-14
375.4	0.2169E-14
402.4	0.2509E-14
429.9	0.2876E-14
457.8	0.3271E-14
486.3	0.3695E-14
515.2	0.4146E-14
544.5	0.4625E-14
574.3	0.5132E-14
604.4	0.5666E-14
634.9	0.6227E-14
665.7	0.6816E-14
697.0	0.7431E-14
728.7	0.8072E-14
760.8	0.8740E-14
793.2	0.9434E-14
826.0	0.1015E-13
859.2	0.1090E-13
892.9	0.1167E-13
926.9	0.1247E-13
961.3	0.1328E-13
996.2	0.1413E-13
1031.	0.1500E-13
1067.	0.1589E-13
1103.	0.1680E-13
1140.	0.1774E-13
1177.	0.1870E-13
1215.	0.1969E-13
1253.	0.2069E-13
1292.	0.2172E-13
1331.	0.2277E-13
1370.	0.2384E-13
1411.	0.2494E-13
1451.	0.2605E-13
1493.	0.2718E-13
1535.	0.2834E-13
1577.	0.2951E-13
1621.	0.3070E-13
1664.	0.3192E-13
1709.	0.3315E-13
1754.	0.3440E-13
1800.	0.3566E-13
1847.	0.3695E-13
1894.	0.3825E-13
1942.	0.3957E-13
1990.	0.4090E-13
2040.	0.4225E-13
2090.	0.4362E-13
2141.	0.4500E-13
2193.	0.4639E-13
2246.	0.4781E-13
2299.	0.4923E-13
2353.	0.5066E-13
2408.	0.5211E-13
2464.	0.5357E-13
2521.	0.5504E-13
2579.	0.5652E-13
2637.	0.5801E-13
2697.	0.5951E-13
2757.	0.6102E-13
2818.	0.6254E-13
2880.	0.6407E-13
2944.	0.6560E-13
3008.	0.6714E-13
3073.	0.6869E-13
3139.	0.7024E-13
3205.	0.7180E-13
3274.	0.7336E-13
3342.	0.7491E-13
3412.	0.7648E-13
3483.	0.7805E-13
3555.	0.7962E-13
 
 
C6    Ar*    Ionization    4.20 eV                              
E/N (Td)	Rate coefficient (m3/s)
0.1930E-01	0.000
0.2059E-01	0.000
0.2197E-01	0.000
0.2344E-01	0.000
0.2499E-01	0.000
0.2663E-01	0.000
0.2838E-01	0.000
0.3022E-01	0.000
0.3217E-01	0.000
0.3422E-01	0.000
0.3639E-01	0.000
0.3867E-01	0.000
0.4107E-01	0.000
0.4359E-01	0.000
0.4624E-01	0.000
0.4901E-01	0.000
0.5192E-01	0.000
0.5497E-01	0.000
0.5817E-01	0.000
0.6151E-01	0.000
0.6501E-01	0.000
0.6866E-01	0.000
0.7249E-01	0.000
0.7649E-01	0.000
0.8067E-01	0.000
0.8507E-01	0.000
0.8965E-01	0.000
0.9445E-01	0.000
0.9948E-01	0.000
0.1047	0.000
0.1102	0.000
0.1160	0.000
0.1220	0.000
0.1283	0.000
0.1349	0.000
0.1419	0.000
0.1491	0.000
0.1568	0.000
0.1647	0.000
0.1731	0.000
0.1819	0.3284E-28
0.1911	0.6559E-26
0.2008	0.4880E-25
0.2110	0.2556E-24
0.2217	0.1186E-23
0.2329	0.5087E-23
0.2447	0.2026E-22
0.2571	0.7539E-22
0.2701	0.2601E-21
0.2838	0.8405E-21
0.2982	0.2542E-20
0.3134	0.7212E-20
0.3293	0.1930E-19
0.3461	0.4853E-19
0.3638	0.1153E-18
0.3823	0.2597E-18
0.4018	0.5554E-18
0.4224	0.1132E-17
0.4440	0.2204E-17
0.4668	0.4116E-17
0.4907	0.7379E-17
0.5160	0.1274E-16
0.5425	0.2119E-16
0.5707	0.3428E-16
0.6003	0.5365E-16
0.6316	0.8172E-16
0.6646	0.1212E-15
0.6996	0.1757E-15
0.7366	0.2488E-15
0.7759	0.3456E-15
0.8173	0.4701E-15
0.8614	0.6291E-15
0.9084	0.8286E-15
0.9581	0.1074E-14
1.011	0.1373E-14
1.068	0.1733E-14
1.127	0.2157E-14
1.191	0.2656E-14
1.259	0.3234E-14
1.331	0.3898E-14
1.407	0.4650E-14
1.488	0.5495E-14
1.575	0.6437E-14
1.666	0.7479E-14
1.763	0.8621E-14
1.865	0.9865E-14
1.973	0.1121E-13
2.088	0.1266E-13
2.209	0.1421E-13
2.337	0.1586E-13
2.471	0.1761E-13
2.614	0.1947E-13
2.763	0.2141E-13
2.920	0.2343E-13
3.085	0.2554E-13
3.259	0.2772E-13
3.443	0.2998E-13
3.641	0.3231E-13
3.854	0.3471E-13
4.089	0.3716E-13
4.355	0.3969E-13
4.664	0.4229E-13
5.037	0.4494E-13
5.513	0.4765E-13
6.162	0.5040E-13
7.134	0.5318E-13
8.744	0.5595E-13
11.43	0.5862E-13
15.46	0.6120E-13
20.71	0.6371E-13
27.09	0.6618E-13
34.61	0.6864E-13
43.35	0.7109E-13
53.38	0.7353E-13
64.75	0.7597E-13
77.53	0.7839E-13
91.70	0.8080E-13
107.2	0.8319E-13
124.1	0.8556E-13
142.3	0.8792E-13
161.6	0.9025E-13
182.0	0.9256E-13
203.4	0.9485E-13
225.8	0.9712E-13
248.9	0.9938E-13
272.9	0.1016E-12
297.6	0.1038E-12
322.9	0.1060E-12
348.8	0.1082E-12
375.4	0.1104E-12
402.4	0.1126E-12
429.9	0.1147E-12
457.8	0.1169E-12
486.3	0.1190E-12
515.2	0.1211E-12
544.5	0.1231E-12
574.3	0.1252E-12
604.4	0.1272E-12
634.9	0.1293E-12
665.7	0.1313E-12
697.0	0.1333E-12
728.7	0.1352E-12
760.8	0.1372E-12
793.2	0.1391E-12
826.0	0.1411E-12
859.2	0.1430E-12
892.9	0.1449E-12
926.9	0.1467E-12
961.3	0.1486E-12
996.2	0.1504E-12
1031.	0.1523E-12
1067.	0.1541E-12
1103.	0.1559E-12
1140.	0.1577E-12
1177.	0.1594E-12
1215.	0.1612E-12
1253.	0.1629E-12
1292.	0.1646E-12
1331.	0.1663E-12
1370.	0.1680E-12
1411.	0.1697E-12
1451.	0.1713E-12
1493.	0.1729E-12
1535.	0.1746E-12
1577.	0.1762E-12
1621.	0.1777E-12
1664.	0.1793E-12
1709.	0.1808E-12
1754.	0.1824E-12
1800.	0.1839E-12
1847.	0.1854E-12
1894.	0.1868E-12
1942.	0.1883E-12
1990.	0.1897E-12
2040.	0.1911E-12
2090.	0.1925E-12
2141.	0.1939E-12
2193.	0.1952E-12
2246.	0.1966E-12
2299.	0.1979E-12
2353.	0.1992E-12
2408.	0.2004E-12
2464.	0.2017E-12
2521.	0.2029E-12
2579.	0.2041E-12
2637.	0.2053E-12
2697.	0.2064E-12
2757.	0.2076E-12
2818.	0.2087E-12
2880.	0.2098E-12
2944.	0.2108E-12
3008.	0.2119E-12
3073.	0.2129E-12
3139.	0.2139E-12
3205.	0.2149E-12
3274.	0.2158E-12
3342.	0.2167E-12
3412.	0.2176E-12
3483.	0.2185E-12
3555.	0.2193E-12
 
 
Ar                                                              
E/N (Td)	Inelastic energy loss coefficient (eV m3/s)
0.1930E-01	-0.2236-207
0.2059E-01	-0.2266-207
0.2197E-01	-0.2296-207
0.2344E-01	-0.2327-207
0.2499E-01	-0.2358-207
0.2663E-01	-0.2389-207
0.2838E-01	-0.2421-207
0.3022E-01	-0.2453-207
0.3217E-01	-0.2486-207
0.3422E-01	-0.2519-207
0.3639E-01	-0.2552-207
0.3867E-01	-0.2586-207
0.4107E-01	-0.2621-207
0.4359E-01	-0.2656-207
0.4624E-01	-0.2691-207
0.4901E-01	-0.2728-207
0.5192E-01	-0.2764-207
0.5497E-01	-0.2802-207
0.5817E-01	-0.2840-207
0.6151E-01	-0.2879-207
0.6501E-01	-0.2919-207
0.6866E-01	-0.2959-207
0.7249E-01	-0.3001-207
0.7649E-01	-0.3044-207
0.8067E-01	-0.3087-207
0.8507E-01	-0.3132-207
0.8965E-01	-0.3178-207
0.9445E-01	-0.3225-207
0.9948E-01	-0.3273-207
0.1047	-0.3321-207
0.1102	-0.3371-207
0.1160	-0.3422-207
0.1220	-0.3474-207
0.1283	-0.3526-207
0.1349	-0.3579-207
0.1419	-0.3633-207
0.1491	-0.3687-207
0.1568	-0.3743-207
0.1647	-0.3798-207
0.1731	-0.3854-207
0.1819	-0.3911-207
0.1911	-0.3969-207
0.2008	-0.4026-207
0.2110	-0.4085-207
0.2217	-0.4144-207
0.2329	-0.4204-207
0.2447	-0.4264-207
0.2571	-0.4326-207
0.2701	-0.4388-207
0.2838	-0.4451-207
0.2982	-0.4514-207
0.3134	-0.4579-207
0.3293	-0.4645-207
0.3461	-0.4712-207
0.3638	-0.4780-207
0.3823	-0.4849-207
0.4018	-0.4919-207
0.4224	-0.4991-207
0.4440	-0.5064-207
0.4668	-0.5138-207
0.4907	-0.5214-207
0.5160	-0.5291-207
0.5425	-0.5369-207
0.5707	-0.5449-207
0.6003	-0.5531-207
0.6316	-0.5614-207
0.6646	-0.5698-207
0.6996	-0.5784-207
0.7366	-0.5871-207
0.7759	-0.5959-207
0.8173	-0.6048-207
0.8614	-0.6138-207
0.9084	-0.6229-207
0.9581	-0.6319-207
1.011	-0.6411-207
1.068	-0.6502-207
1.127	-0.6592-207
1.191	-0.6682-207
1.259	-0.6771-207
1.331	-0.6859-207
1.407	-0.6946-207
1.488	-0.7031-207
1.575	0.8047E-29
1.666	-0.7196-207
1.763	-0.7276-207
1.865	0.1361E-25
1.973	0.1760E-24
2.088	0.1333E-23
2.209	0.8191E-23
2.337	0.4245E-22
2.471	0.1885E-21
2.614	0.7350E-21
2.763	0.2468E-20
2.920	0.7344E-20
3.085	0.1961E-19
3.259	0.4752E-19
3.443	0.1058E-18
3.641	0.2192E-18
3.854	0.4275E-18
4.089	0.7917E-18
4.355	0.1417E-17
4.664	0.2472E-17
5.037	0.4254E-17
5.513	0.7330E-17
6.162	0.1289E-16
7.134	0.2373E-16
8.744	0.4706E-16
11.43	0.9793E-16
15.46	0.1986E-15
20.71	0.3695E-15
27.09	0.6333E-15
34.61	0.1019E-14
43.35	0.1561E-14
53.38	0.2302E-14
64.75	0.3285E-14
77.53	0.4560E-14
91.70	0.6173E-14
107.2	0.8172E-14
124.1	0.1060E-13
142.3	0.1349E-13
161.6	0.1687E-13
182.0	0.2078E-13
203.4	0.2522E-13
225.8	0.3022E-13
248.9	0.3578E-13
272.9	0.4192E-13
297.6	0.4862E-13
322.9	0.5589E-13
348.8	0.6376E-13
375.4	0.7222E-13
402.4	0.8125E-13
429.9	0.9080E-13
457.8	0.1010E-12
486.3	0.1117E-12
515.2	0.1230E-12
544.5	0.1348E-12
574.3	0.1473E-12
604.4	0.1602E-12
634.9	0.1737E-12
665.7	0.1878E-12
697.0	0.2024E-12
728.7	0.2175E-12
760.8	0.2331E-12
793.2	0.2492E-12
826.0	0.2658E-12
859.2	0.2830E-12
892.9	0.3006E-12
926.9	0.3187E-12
961.3	0.3372E-12
996.2	0.3562E-12
1031.	0.3757E-12
1067.	0.3956E-12
1103.	0.4160E-12
1140.	0.4368E-12
1177.	0.4581E-12
1215.	0.4797E-12
1253.	0.5018E-12
1292.	0.5243E-12
1331.	0.5472E-12
1370.	0.5704E-12
1411.	0.5941E-12
1451.	0.6181E-12
1493.	0.6425E-12
1535.	0.6673E-12
1577.	0.6924E-12
1621.	0.7178E-12
1664.	0.7436E-12
1709.	0.7698E-12
1754.	0.7962E-12
1800.	0.8230E-12
1847.	0.8500E-12
1894.	0.8774E-12
1942.	0.9051E-12
1990.	0.9329E-12
2040.	0.9612E-12
2090.	0.9895E-12
2141.	0.1018E-11
2193.	0.1047E-11
2246.	0.1076E-11
2299.	0.1106E-11
2353.	0.1135E-11
2408.	0.1165E-11
2464.	0.1195E-11
2521.	0.1225E-11
2579.	0.1255E-11
2637.	0.1285E-11
2697.	0.1316E-11
2757.	0.1347E-11
2818.	0.1377E-11
2880.	0.1408E-11
2944.	0.1439E-11
3008.	0.1470E-11
3073.	0.1501E-11
3139.	0.1532E-11
3205.	0.1563E-11
3274.	0.1594E-11
3342.	0.1625E-11
3412.	0.1656E-11
3483.	0.1687E-11
3555.	0.1718E-11
 
 
Ar*                                                             
E/N (Td)	Inelastic energy loss coefficient (eV m3/s)
0.1930E-01	0.000
0.2059E-01	0.000
0.2197E-01	0.000
0.2344E-01	0.000
0.2499E-01	0.000
0.2663E-01	0.000
0.2838E-01	0.000
0.3022E-01	0.000
0.3217E-01	0.000
0.3422E-01	0.000
0.3639E-01	0.000
0.3867E-01	0.000
0.4107E-01	0.000
0.4359E-01	0.000
0.4624E-01	0.000
0.4901E-01	0.000
0.5192E-01	0.000
0.5497E-01	0.000
0.5817E-01	0.000
0.6151E-01	0.000
0.6501E-01	0.000
0.6866E-01	0.000
0.7249E-01	0.000
0.7649E-01	0.000
0.8067E-01	0.000
0.8507E-01	0.000
0.8965E-01	0.000
0.9445E-01	0.000
0.9948E-01	0.000
0.1047	0.000
0.1102	0.000
0.1160	0.000
0.1220	0.000
0.1283	0.000
0.1349	0.000
0.1419	0.000
0.1491	0.000
0.1568	0.000
0.1647	0.000
0.1731	0.000
0.1819	0.1379E-27
0.1911	0.2755E-25
0.2008	0.2050E-24
0.2110	0.1074E-23
0.2217	0.4983E-23
0.2329	0.2137E-22
0.2447	0.8509E-22
0.2571	0.3166E-21
0.2701	0.1093E-20
0.2838	0.3530E-20
0.2982	0.1068E-19
0.3134	0.3029E-19
0.3293	0.8106E-19
0.3461	0.2038E-18
0.3638	0.4844E-18
0.3823	0.1091E-17
0.4018	0.2333E-17
0.4224	0.4754E-17
0.4440	0.9255E-17
0.4668	0.1729E-16
0.4907	0.3099E-16
0.5160	0.5351E-16
0.5425	0.8900E-16
0.5707	0.1440E-15
0.6003	0.2253E-15
0.6316	0.3432E-15
0.6646	0.5091E-15
0.6996	0.7378E-15
0.7366	0.1045E-14
0.7759	0.1451E-14
0.8173	0.1975E-14
0.8614	0.2642E-14
0.9084	0.3480E-14
0.9581	0.4511E-14
1.011	0.5768E-14
1.068	0.7277E-14
1.127	0.9060E-14
1.191	0.1115E-13
1.259	0.1358E-13
1.331	0.1637E-13
1.407	0.1953E-13
1.488	0.2308E-13
1.575	0.2704E-13
1.666	0.3141E-13
1.763	0.3621E-13
1.865	0.4143E-13
1.973	0.4709E-13
2.088	0.5319E-13
2.209	0.5970E-13
2.337	0.6662E-13
2.471	0.7397E-13
2.614	0.8179E-13
2.763	0.8992E-13
2.920	0.9841E-13
3.085	0.1073E-12
3.259	0.1164E-12
3.443	0.1259E-12
3.641	0.1357E-12
3.854	0.1458E-12
4.089	0.1561E-12
4.355	0.1667E-12
4.664	0.1776E-12
5.037	0.1887E-12
5.513	0.2001E-12
6.162	0.2117E-12
7.134	0.2234E-12
8.744	0.2350E-12
11.43	0.2462E-12
15.46	0.2570E-12
20.71	0.2676E-12
27.09	0.2780E-12
34.61	0.2883E-12
43.35	0.2986E-12
53.38	0.3088E-12
64.75	0.3191E-12
77.53	0.3292E-12
91.70	0.3394E-12
107.2	0.3494E-12
124.1	0.3594E-12
142.3	0.3692E-12
161.6	0.3790E-12
182.0	0.3887E-12
203.4	0.3984E-12
225.8	0.4079E-12
248.9	0.4174E-12
272.9	0.4268E-12
297.6	0.4361E-12
322.9	0.4454E-12
348.8	0.4546E-12
375.4	0.4638E-12
402.4	0.4729E-12
429.9	0.4819E-12
457.8	0.4908E-12
486.3	0.4997E-12
515.2	0.5085E-12
544.5	0.5172E-12
574.3	0.5259E-12
604.4	0.5344E-12
634.9	0.5429E-12
665.7	0.5514E-12
697.0	0.5597E-12
728.7	0.5680E-12
760.8	0.5763E-12
793.2	0.5844E-12
826.0	0.5925E-12
859.2	0.6005E-12
892.9	0.6085E-12
926.9	0.6163E-12
961.3	0.6241E-12
996.2	0.6319E-12
1031.	0.6396E-12
1067.	0.6472E-12
1103.	0.6547E-12
1140.	0.6622E-12
1177.	0.6696E-12
1215.	0.6769E-12
1253.	0.6842E-12
1292.	0.6914E-12
1331.	0.6985E-12
1370.	0.7056E-12
1411.	0.7126E-12
1451.	0.7195E-12
1493.	0.7264E-12
1535.	0.7332E-12
1577.	0.7399E-12
1621.	0.7465E-12
1664.	0.7531E-12
1709.	0.7596E-12
1754.	0.7660E-12
1800.	0.7723E-12
1847.	0.7786E-12
1894.	0.7847E-12
1942.	0.7908E-12
1990.	0.7968E-12
2040.	0.8028E-12
2090.	0.8086E-12
2141.	0.8143E-12
2193.	0.8200E-12
2246.	0.8256E-12
2299.	0.8311E-12
2353.	0.8365E-12
2408.	0.8418E-12
2464.	0.8470E-12
2521.	0.8522E-12
2579.	0.8572E-12
2637.	0.8621E-12
2697.	0.8670E-12
2757.	0.8718E-12
2818.	0.8764E-12
2880.	0.8810E-12
2944.	0.8854E-12
3008.	0.8899E-12
3073.	0.8941E-12
3139.	0.8983E-12
3205.	0.9024E-12
3274.	0.9064E-12
3342.	0.9102E-12
3412.	0.9140E-12
3483.	0.9177E-12
3555.	0.9212E-12
 
 
