BOLSIG+ version: 03/2016
Collision input data:
--------------------------------------------------
Ar                                                              
crs-Biagi_v7.1+step.txt
--------------------------------------------------
Ar*                                                             
crs-Biagi_v7.1+step.txt
 
 
 
Angular frequency / N (m3/s)               0.000    
Cosine of E-B field angle                  0.000    
Gas temperature (K)                        3000.    
Excitation temperature (K)                 3000.    
Transition energy (eV)                     0.000    
Ionization degree                         0.1000E-05
Plasma density (1/m3)                     0.8000E+17
Ion charge parameter                       1.000    
Ion/neutral mass ratio                     1.000    
e-e momentum effects                       1.000    
Energy sharing                             1.000    
Growth model                               1.000    
Maxwellian mean energy (eV)                0.000    
# of grid points                           200.0    
Grid type                                  0.000    
Maximum energy                             200.0    
Precision                                 0.1000E-09
Convergence                               0.1000E-03
Maximum # of iterations                    1000.    
Mole fraction Ar                           1.000    
Mole fraction Ar*                         0.1000E-04
 
 
E/N (Td)    	Electric field / N (Td)                                         
0.4396E-02	0.4396E-02
0.6080E-02	0.6080E-02
0.7576E-02	0.7576E-02
0.8988E-02	0.8988E-02
0.1038E-01	0.1038E-01
0.1176E-01	0.1176E-01
0.1316E-01	0.1316E-01
0.1460E-01	0.1460E-01
0.1606E-01	0.1606E-01
0.1759E-01	0.1759E-01
0.1916E-01	0.1916E-01
0.2079E-01	0.2079E-01
0.2249E-01	0.2249E-01
0.2426E-01	0.2426E-01
0.2608E-01	0.2608E-01
0.2802E-01	0.2802E-01
0.3004E-01	0.3004E-01
0.3216E-01	0.3216E-01
0.3439E-01	0.3439E-01
0.3671E-01	0.3671E-01
0.3916E-01	0.3916E-01
0.4172E-01	0.4172E-01
0.4441E-01	0.4441E-01
0.4723E-01	0.4723E-01
0.5020E-01	0.5020E-01
0.5332E-01	0.5332E-01
0.5659E-01	0.5659E-01
0.6003E-01	0.6003E-01
0.6365E-01	0.6365E-01
0.6746E-01	0.6746E-01
0.7146E-01	0.7146E-01
0.7568E-01	0.7568E-01
0.8011E-01	0.8011E-01
0.8478E-01	0.8478E-01
0.8969E-01	0.8969E-01
0.9486E-01	0.9486E-01
0.1003	0.1003
0.1061	0.1061
0.1121	0.1121
0.1185	0.1185
0.1252	0.1252
0.1323	0.1323
0.1398	0.1398
0.1477	0.1477
0.1560	0.1560
0.1648	0.1648
0.1741	0.1741
0.1839	0.1839
0.1943	0.1943
0.2052	0.2052
0.2168	0.2168
0.2291	0.2291
0.2421	0.2421
0.2559	0.2559
0.2705	0.2705
0.2860	0.2860
0.3024	0.3024
0.3198	0.3198
0.3383	0.3383
0.3580	0.3580
0.3789	0.3789
0.4011	0.4011
0.4247	0.4247
0.4498	0.4498
0.4764	0.4764
0.5048	0.5048
0.5350	0.5350
0.5672	0.5672
0.6014	0.6014
0.6378	0.6378
0.6764	0.6764
0.7176	0.7176
0.7613	0.7613
0.8079	0.8079
0.8573	0.8573
0.9099	0.9099
0.9658	0.9658
1.025	1.025
1.088	1.088
1.155	1.155
1.227	1.227
1.303	1.303
1.384	1.384
1.470	1.470
1.562	1.562
1.660	1.660
1.766	1.766
1.878	1.878
1.999	1.999
2.129	2.129
2.270	2.270
2.422	2.422
2.587	2.587
2.767	2.767
2.965	2.965
3.184	3.184
3.427	3.427
3.700	3.700
4.012	4.012
4.370	4.370
4.788	4.788
5.287	5.287
5.895	5.895
6.660	6.660
7.653	7.653
8.993	8.993
10.86	10.86
13.48	13.48
17.12	17.12
21.92	21.92
27.94	27.94
35.22	35.22
43.78	43.78
53.69	53.69
64.99	64.99
77.65	77.65
91.78	91.78
107.3	107.3
124.1	124.1
142.2	142.2
161.5	161.5
182.0	182.0
203.4	203.4
225.8	225.8
249.0	249.0
272.9	272.9
297.6	297.6
322.9	322.9
348.8	348.8
375.4	375.4
402.4	402.4
429.9	429.9
457.8	457.8
486.3	486.3
515.2	515.2
544.5	544.5
574.3	574.3
604.4	604.4
634.9	634.9
665.7	665.7
697.0	697.0
728.7	728.7
760.8	760.8
793.2	793.2
826.0	826.0
859.2	859.2
892.9	892.9
926.9	926.9
961.3	961.3
996.2	996.2
1031.	1031.
1067.	1067.
1103.	1103.
1140.	1140.
1177.	1177.
1215.	1215.
1253.	1253.
1292.	1292.
1331.	1331.
1370.	1370.
1411.	1411.
1451.	1451.
1493.	1493.
1535.	1535.
1577.	1577.
1621.	1621.
1664.	1664.
1709.	1709.
1754.	1754.
1800.	1800.
1847.	1847.
1894.	1894.
1942.	1942.
1990.	1990.
2040.	2040.
2090.	2090.
2141.	2141.
2193.	2193.
2246.	2246.
2299.	2299.
2353.	2353.
2408.	2408.
2464.	2464.
2521.	2521.
2579.	2579.
2637.	2637.
2697.	2697.
2757.	2757.
2818.	2818.
2880.	2880.
2944.	2944.
3008.	3008.
3073.	3073.
3139.	3139.
3205.	3205.
3274.	3274.
3342.	3342.
3412.	3412.
3483.	3483.
3555.	3555.
 
 
E/N (Td)	Mean energy (eV)
0.4396E-02	0.4000
0.6080E-02	0.4098
0.7576E-02	0.4199
0.8988E-02	0.4302
0.1038E-01	0.4408
0.1176E-01	0.4516
0.1316E-01	0.4627
0.1460E-01	0.4741
0.1606E-01	0.4857
0.1759E-01	0.4976
0.1916E-01	0.5098
0.2079E-01	0.5224
0.2249E-01	0.5352
0.2426E-01	0.5483
0.2608E-01	0.5618
0.2802E-01	0.5756
0.3004E-01	0.5897
0.3216E-01	0.6042
0.3439E-01	0.6191
0.3671E-01	0.6343
0.3916E-01	0.6498
0.4172E-01	0.6658
0.4441E-01	0.6821
0.4723E-01	0.6989
0.5020E-01	0.7161
0.5332E-01	0.7336
0.5659E-01	0.7517
0.6003E-01	0.7701
0.6365E-01	0.7890
0.6746E-01	0.8084
0.7146E-01	0.8283
0.7568E-01	0.8486
0.8011E-01	0.8695
0.8478E-01	0.8908
0.8969E-01	0.9127
0.9486E-01	0.9351
0.1003	0.9581
0.1061	0.9816
0.1121	1.006
0.1185	1.030
0.1252	1.056
0.1323	1.082
0.1398	1.108
0.1477	1.135
0.1560	1.163
0.1648	1.192
0.1741	1.221
0.1839	1.251
0.1943	1.282
0.2052	1.313
0.2168	1.346
0.2291	1.379
0.2421	1.413
0.2559	1.447
0.2705	1.483
0.2860	1.519
0.3024	1.556
0.3198	1.595
0.3383	1.634
0.3580	1.674
0.3789	1.715
0.4011	1.757
0.4247	1.800
0.4498	1.845
0.4764	1.890
0.5048	1.936
0.5350	1.984
0.5672	2.033
0.6014	2.083
0.6378	2.134
0.6764	2.186
0.7176	2.240
0.7613	2.295
0.8079	2.351
0.8573	2.409
0.9099	2.468
0.9658	2.529
1.025	2.591
1.088	2.654
1.155	2.720
1.227	2.786
1.303	2.855
1.384	2.925
1.470	2.997
1.562	3.070
1.660	3.146
1.766	3.223
1.878	3.302
1.999	3.383
2.129	3.466
2.270	3.551
2.422	3.639
2.587	3.728
2.767	3.819
2.965	3.913
3.184	4.009
3.427	4.108
3.700	4.209
4.012	4.312
4.370	4.418
4.788	4.527
5.287	4.638
5.895	4.752
6.660	4.868
7.653	4.988
8.993	5.110
10.86	5.236
13.48	5.365
17.12	5.496
21.92	5.631
27.94	5.770
35.22	5.911
43.78	6.057
53.69	6.205
64.99	6.358
77.65	6.513
91.78	6.673
107.3	6.837
124.1	7.006
142.2	7.178
161.5	7.354
182.0	7.535
203.4	7.720
225.8	7.909
249.0	8.104
272.9	8.303
297.6	8.507
322.9	8.715
348.8	8.930
375.4	9.149
402.4	9.374
429.9	9.604
457.8	9.840
486.3	10.08
515.2	10.33
544.5	10.58
574.3	10.84
604.4	11.11
634.9	11.38
665.7	11.66
697.0	11.95
728.7	12.24
760.8	12.54
793.2	12.85
826.0	13.17
859.2	13.49
892.9	13.82
926.9	14.16
961.3	14.51
996.2	14.86
1031.	15.23
1067.	15.60
1103.	15.99
1140.	16.38
1177.	16.78
1215.	17.19
1253.	17.61
1292.	18.05
1331.	18.49
1370.	18.94
1411.	19.41
1451.	19.89
1493.	20.37
1535.	20.88
1577.	21.39
1621.	21.91
1664.	22.45
1709.	23.00
1754.	23.57
1800.	24.15
1847.	24.74
1894.	25.35
1942.	25.97
1990.	26.61
2040.	27.26
2090.	27.93
2141.	28.62
2193.	29.32
2246.	30.04
2299.	30.78
2353.	31.53
2408.	32.31
2464.	33.10
2521.	33.92
2579.	34.75
2637.	35.60
2697.	36.47
2757.	37.37
2818.	38.29
2880.	39.23
2944.	40.19
3008.	41.18
3073.	42.19
3139.	43.23
3205.	44.29
3274.	45.38
3342.	46.49
3412.	47.63
3483.	48.80
3555.	50.00
 
 
E/N (Td)	Mobility *N (1/m/V/s)
0.4396E-02	0.8201E+26
0.6080E-02	0.8013E+26
0.7576E-02	0.7810E+26
0.8988E-02	0.7611E+26
0.1038E-01	0.7413E+26
0.1176E-01	0.7222E+26
0.1316E-01	0.7030E+26
0.1460E-01	0.6840E+26
0.1606E-01	0.6656E+26
0.1759E-01	0.6465E+26
0.1916E-01	0.6286E+26
0.2079E-01	0.6110E+26
0.2249E-01	0.5936E+26
0.2426E-01	0.5767E+26
0.2608E-01	0.5611E+26
0.2802E-01	0.5447E+26
0.3004E-01	0.5287E+26
0.3216E-01	0.5130E+26
0.3439E-01	0.4976E+26
0.3671E-01	0.4826E+26
0.3916E-01	0.4680E+26
0.4172E-01	0.4536E+26
0.4441E-01	0.4396E+26
0.4723E-01	0.4259E+26
0.5020E-01	0.4126E+26
0.5332E-01	0.3996E+26
0.5659E-01	0.3869E+26
0.6003E-01	0.3745E+26
0.6365E-01	0.3624E+26
0.6746E-01	0.3506E+26
0.7146E-01	0.3391E+26
0.7568E-01	0.3279E+26
0.8011E-01	0.3170E+26
0.8478E-01	0.3063E+26
0.8969E-01	0.2959E+26
0.9486E-01	0.2858E+26
0.1003	0.2760E+26
0.1061	0.2664E+26
0.1121	0.2570E+26
0.1185	0.2479E+26
0.1252	0.2391E+26
0.1323	0.2305E+26
0.1398	0.2221E+26
0.1477	0.2139E+26
0.1560	0.2059E+26
0.1648	0.1982E+26
0.1741	0.1906E+26
0.1839	0.1833E+26
0.1943	0.1762E+26
0.2052	0.1692E+26
0.2168	0.1624E+26
0.2291	0.1559E+26
0.2421	0.1495E+26
0.2559	0.1432E+26
0.2705	0.1372E+26
0.2860	0.1313E+26
0.3024	0.1256E+26
0.3198	0.1201E+26
0.3383	0.1147E+26
0.3580	0.1095E+26
0.3789	0.1044E+26
0.4011	0.9953E+25
0.4247	0.9481E+25
0.4498	0.9024E+25
0.4764	0.8584E+25
0.5048	0.8160E+25
0.5350	0.7752E+25
0.5672	0.7360E+25
0.6014	0.6984E+25
0.6378	0.6625E+25
0.6764	0.6281E+25
0.7176	0.5953E+25
0.7613	0.5640E+25
0.8079	0.5343E+25
0.8573	0.5060E+25
0.9099	0.4791E+25
0.9658	0.4536E+25
1.025	0.4295E+25
1.088	0.4066E+25
1.155	0.3850E+25
1.227	0.3646E+25
1.303	0.3452E+25
1.384	0.3269E+25
1.470	0.3096E+25
1.562	0.2933E+25
1.660	0.2779E+25
1.766	0.2633E+25
1.878	0.2496E+25
1.999	0.2366E+25
2.129	0.2244E+25
2.270	0.2129E+25
2.422	0.2020E+25
2.587	0.1918E+25
2.767	0.1822E+25
2.965	0.1731E+25
3.184	0.1647E+25
3.427	0.1567E+25
3.700	0.1493E+25
4.012	0.1424E+25
4.370	0.1361E+25
4.788	0.1302E+25
5.287	0.1248E+25
5.895	0.1198E+25
6.660	0.1154E+25
7.653	0.1113E+25
8.993	0.1077E+25
10.86	0.1043E+25
13.48	0.1011E+25
17.12	0.9791E+24
21.92	0.9477E+24
27.94	0.9174E+24
35.22	0.8892E+24
43.78	0.8636E+24
53.69	0.8409E+24
64.99	0.8208E+24
77.65	0.8030E+24
91.78	0.7868E+24
107.3	0.7721E+24
124.1	0.7585E+24
142.2	0.7458E+24
161.5	0.7340E+24
182.0	0.7228E+24
203.4	0.7123E+24
225.8	0.7023E+24
249.0	0.6930E+24
272.9	0.6842E+24
297.6	0.6759E+24
322.9	0.6681E+24
348.8	0.6608E+24
375.4	0.6539E+24
402.4	0.6474E+24
429.9	0.6413E+24
457.8	0.6356E+24
486.3	0.6302E+24
515.2	0.6250E+24
544.5	0.6202E+24
574.3	0.6155E+24
604.4	0.6112E+24
634.9	0.6072E+24
665.7	0.6032E+24
697.0	0.5995E+24
728.7	0.5958E+24
760.8	0.5923E+24
793.2	0.5890E+24
826.0	0.5858E+24
859.2	0.5826E+24
892.9	0.5795E+24
926.9	0.5764E+24
961.3	0.5736E+24
996.2	0.5707E+24
1031.	0.5679E+24
1067.	0.5651E+24
1103.	0.5625E+24
1140.	0.5598E+24
1177.	0.5572E+24
1215.	0.5546E+24
1253.	0.5519E+24
1292.	0.5494E+24
1331.	0.5470E+24
1370.	0.5444E+24
1411.	0.5419E+24
1451.	0.5394E+24
1493.	0.5370E+24
1535.	0.5345E+24
1577.	0.5321E+24
1621.	0.5296E+24
1664.	0.5272E+24
1709.	0.5247E+24
1754.	0.5222E+24
1800.	0.5199E+24
1847.	0.5174E+24
1894.	0.5150E+24
1942.	0.5125E+24
1990.	0.5102E+24
2040.	0.5077E+24
2090.	0.5053E+24
2141.	0.5029E+24
2193.	0.5006E+24
2246.	0.4981E+24
2299.	0.4958E+24
2353.	0.4935E+24
2408.	0.4911E+24
2464.	0.4888E+24
2521.	0.4863E+24
2579.	0.4841E+24
2637.	0.4817E+24
2697.	0.4795E+24
2757.	0.4771E+24
2818.	0.4749E+24
2880.	0.4727E+24
2944.	0.4703E+24
3008.	0.4682E+24
3073.	0.4659E+24
3139.	0.4637E+24
3205.	0.4617E+24
3274.	0.4595E+24
3342.	0.4573E+24
3412.	0.4552E+24
3483.	0.4532E+24
3555.	0.4511E+24
 
 
E/N (Td)	Diffusion coefficient *N (1/m/s)
0.4396E-02	0.2190E+26
0.6080E-02	0.2193E+26
0.7576E-02	0.2190E+26
0.8988E-02	0.2186E+26
0.1038E-01	0.2182E+26
0.1176E-01	0.2178E+26
0.1316E-01	0.2173E+26
0.1460E-01	0.2166E+26
0.1606E-01	0.2159E+26
0.1759E-01	0.2150E+26
0.1916E-01	0.2142E+26
0.2079E-01	0.2133E+26
0.2249E-01	0.2124E+26
0.2426E-01	0.2114E+26
0.2608E-01	0.2109E+26
0.2802E-01	0.2098E+26
0.3004E-01	0.2087E+26
0.3216E-01	0.2076E+26
0.3439E-01	0.2064E+26
0.3671E-01	0.2052E+26
0.3916E-01	0.2039E+26
0.4172E-01	0.2026E+26
0.4441E-01	0.2013E+26
0.4723E-01	0.2000E+26
0.5020E-01	0.1986E+26
0.5332E-01	0.1972E+26
0.5659E-01	0.1958E+26
0.6003E-01	0.1944E+26
0.6365E-01	0.1929E+26
0.6746E-01	0.1914E+26
0.7146E-01	0.1899E+26
0.7568E-01	0.1884E+26
0.8011E-01	0.1869E+26
0.8478E-01	0.1853E+26
0.8969E-01	0.1838E+26
0.9486E-01	0.1822E+26
0.1003	0.1806E+26
0.1061	0.1790E+26
0.1121	0.1774E+26
0.1185	0.1757E+26
0.1252	0.1741E+26
0.1323	0.1725E+26
0.1398	0.1708E+26
0.1477	0.1692E+26
0.1560	0.1675E+26
0.1648	0.1658E+26
0.1741	0.1642E+26
0.1839	0.1625E+26
0.1943	0.1608E+26
0.2052	0.1591E+26
0.2168	0.1574E+26
0.2291	0.1557E+26
0.2421	0.1540E+26
0.2559	0.1523E+26
0.2705	0.1506E+26
0.2860	0.1489E+26
0.3024	0.1472E+26
0.3198	0.1455E+26
0.3383	0.1438E+26
0.3580	0.1421E+26
0.3789	0.1404E+26
0.4011	0.1386E+26
0.4247	0.1369E+26
0.4498	0.1352E+26
0.4764	0.1335E+26
0.5048	0.1318E+26
0.5350	0.1301E+26
0.5672	0.1284E+26
0.6014	0.1267E+26
0.6378	0.1250E+26
0.6764	0.1233E+26
0.7176	0.1216E+26
0.7613	0.1199E+26
0.8079	0.1183E+26
0.8573	0.1166E+26
0.9099	0.1149E+26
0.9658	0.1133E+26
1.025	0.1117E+26
1.088	0.1100E+26
1.155	0.1084E+26
1.227	0.1068E+26
1.303	0.1053E+26
1.384	0.1037E+26
1.470	0.1022E+26
1.562	0.1006E+26
1.660	0.9912E+25
1.766	0.9762E+25
1.878	0.9614E+25
1.999	0.9468E+25
2.129	0.9324E+25
2.270	0.9181E+25
2.422	0.9041E+25
2.587	0.8902E+25
2.767	0.8766E+25
2.965	0.8632E+25
3.184	0.8499E+25
3.427	0.8369E+25
3.700	0.8242E+25
4.012	0.8116E+25
4.370	0.7994E+25
4.788	0.7875E+25
5.287	0.7759E+25
5.895	0.7646E+25
6.660	0.7537E+25
7.653	0.7433E+25
8.993	0.7333E+25
10.86	0.7238E+25
13.48	0.7147E+25
17.12	0.7060E+25
21.92	0.6976E+25
27.94	0.6895E+25
35.22	0.6818E+25
43.78	0.6745E+25
53.69	0.6676E+25
64.99	0.6610E+25
77.65	0.6547E+25
91.78	0.6486E+25
107.3	0.6426E+25
124.1	0.6367E+25
142.2	0.6308E+25
161.5	0.6251E+25
182.0	0.6195E+25
203.4	0.6142E+25
225.8	0.6092E+25
249.0	0.6046E+25
272.9	0.6004E+25
297.6	0.5966E+25
322.9	0.5934E+25
348.8	0.5907E+25
375.4	0.5885E+25
402.4	0.5869E+25
429.9	0.5858E+25
457.8	0.5852E+25
486.3	0.5851E+25
515.2	0.5855E+25
544.5	0.5865E+25
574.3	0.5879E+25
604.4	0.5899E+25
634.9	0.5925E+25
665.7	0.5954E+25
697.0	0.5987E+25
728.7	0.6026E+25
760.8	0.6068E+25
793.2	0.6116E+25
826.0	0.6168E+25
859.2	0.6223E+25
892.9	0.6283E+25
926.9	0.6346E+25
961.3	0.6415E+25
996.2	0.6487E+25
1031.	0.6562E+25
1067.	0.6642E+25
1103.	0.6727E+25
1140.	0.6814E+25
1177.	0.6906E+25
1215.	0.7001E+25
1253.	0.7099E+25
1292.	0.7202E+25
1331.	0.7309E+25
1370.	0.7418E+25
1411.	0.7531E+25
1451.	0.7649E+25
1493.	0.7771E+25
1535.	0.7894E+25
1577.	0.8023E+25
1621.	0.8154E+25
1664.	0.8289E+25
1709.	0.8428E+25
1754.	0.8570E+25
1800.	0.8717E+25
1847.	0.8866E+25
1894.	0.9021E+25
1942.	0.9178E+25
1990.	0.9341E+25
2040.	0.9505E+25
2090.	0.9673E+25
2141.	0.9847E+25
2193.	0.1003E+26
2246.	0.1021E+26
2299.	0.1039E+26
2353.	0.1058E+26
2408.	0.1077E+26
2464.	0.1097E+26
2521.	0.1118E+26
2579.	0.1139E+26
2637.	0.1160E+26
2697.	0.1181E+26
2757.	0.1203E+26
2818.	0.1226E+26
2880.	0.1249E+26
2944.	0.1273E+26
3008.	0.1297E+26
3073.	0.1322E+26
3139.	0.1347E+26
3205.	0.1374E+26
3274.	0.1400E+26
3342.	0.1427E+26
3412.	0.1455E+26
3483.	0.1484E+26
3555.	0.1512E+26
 
 
E/N (Td)	Energy mobility *N (1/m/V/s)
0.4396E-02	0.8662E+26
0.6080E-02	0.8374E+26
0.7576E-02	0.8080E+26
0.8988E-02	0.7795E+26
0.1038E-01	0.7518E+26
0.1176E-01	0.7252E+26
0.1316E-01	0.6992E+26
0.1460E-01	0.6739E+26
0.1606E-01	0.6496E+26
0.1759E-01	0.6257E+26
0.1916E-01	0.6029E+26
0.2079E-01	0.5808E+26
0.2249E-01	0.5595E+26
0.2426E-01	0.5389E+26
0.2608E-01	0.5196E+26
0.2802E-01	0.5002E+26
0.3004E-01	0.4816E+26
0.3216E-01	0.4637E+26
0.3439E-01	0.4464E+26
0.3671E-01	0.4297E+26
0.3916E-01	0.4136E+26
0.4172E-01	0.3980E+26
0.4441E-01	0.3831E+26
0.4723E-01	0.3687E+26
0.5020E-01	0.3548E+26
0.5332E-01	0.3414E+26
0.5659E-01	0.3285E+26
0.6003E-01	0.3161E+26
0.6365E-01	0.3041E+26
0.6746E-01	0.2926E+26
0.7146E-01	0.2815E+26
0.7568E-01	0.2708E+26
0.8011E-01	0.2605E+26
0.8478E-01	0.2506E+26
0.8969E-01	0.2411E+26
0.9486E-01	0.2319E+26
0.1003	0.2231E+26
0.1061	0.2145E+26
0.1121	0.2063E+26
0.1185	0.1985E+26
0.1252	0.1908E+26
0.1323	0.1835E+26
0.1398	0.1765E+26
0.1477	0.1697E+26
0.1560	0.1632E+26
0.1648	0.1569E+26
0.1741	0.1508E+26
0.1839	0.1450E+26
0.1943	0.1393E+26
0.2052	0.1339E+26
0.2168	0.1287E+26
0.2291	0.1237E+26
0.2421	0.1188E+26
0.2559	0.1142E+26
0.2705	0.1097E+26
0.2860	0.1054E+26
0.3024	0.1012E+26
0.3198	0.9721E+25
0.3383	0.9335E+25
0.3580	0.8963E+25
0.3789	0.8606E+25
0.4011	0.8262E+25
0.4247	0.7930E+25
0.4498	0.7611E+25
0.4764	0.7305E+25
0.5048	0.7010E+25
0.5350	0.6726E+25
0.5672	0.6453E+25
0.6014	0.6191E+25
0.6378	0.5939E+25
0.6764	0.5697E+25
0.7176	0.5464E+25
0.7613	0.5241E+25
0.8079	0.5026E+25
0.8573	0.4820E+25
0.9099	0.4622E+25
0.9658	0.4432E+25
1.025	0.4250E+25
1.088	0.4075E+25
1.155	0.3907E+25
1.227	0.3746E+25
1.303	0.3592E+25
1.384	0.3443E+25
1.470	0.3301E+25
1.562	0.3165E+25
1.660	0.3034E+25
1.766	0.2909E+25
1.878	0.2789E+25
1.999	0.2675E+25
2.129	0.2565E+25
2.270	0.2460E+25
2.422	0.2360E+25
2.587	0.2264E+25
2.767	0.2172E+25
2.965	0.2085E+25
3.184	0.2002E+25
3.427	0.1923E+25
3.700	0.1848E+25
4.012	0.1777E+25
4.370	0.1709E+25
4.788	0.1646E+25
5.287	0.1586E+25
5.895	0.1530E+25
6.660	0.1478E+25
7.653	0.1429E+25
8.993	0.1385E+25
10.86	0.1344E+25
13.48	0.1306E+25
17.12	0.1272E+25
21.92	0.1241E+25
27.94	0.1212E+25
35.22	0.1185E+25
43.78	0.1161E+25
53.69	0.1140E+25
64.99	0.1120E+25
77.65	0.1104E+25
91.78	0.1088E+25
107.3	0.1075E+25
124.1	0.1063E+25
142.2	0.1053E+25
161.5	0.1043E+25
182.0	0.1034E+25
203.4	0.1027E+25
225.8	0.1019E+25
249.0	0.1013E+25
272.9	0.1007E+25
297.6	0.1001E+25
322.9	0.9963E+24
348.8	0.9916E+24
375.4	0.9872E+24
402.4	0.9830E+24
429.9	0.9790E+24
457.8	0.9754E+24
486.3	0.9719E+24
515.2	0.9684E+24
544.5	0.9652E+24
574.3	0.9620E+24
604.4	0.9590E+24
634.9	0.9563E+24
665.7	0.9534E+24
697.0	0.9505E+24
728.7	0.9475E+24
760.8	0.9447E+24
793.2	0.9418E+24
826.0	0.9390E+24
859.2	0.9361E+24
892.9	0.9331E+24
926.9	0.9301E+24
961.3	0.9271E+24
996.2	0.9241E+24
1031.	0.9209E+24
1067.	0.9178E+24
1103.	0.9147E+24
1140.	0.9115E+24
1177.	0.9083E+24
1215.	0.9049E+24
1253.	0.9014E+24
1292.	0.8981E+24
1331.	0.8947E+24
1370.	0.8911E+24
1411.	0.8876E+24
1451.	0.8840E+24
1493.	0.8804E+24
1535.	0.8767E+24
1577.	0.8730E+24
1621.	0.8692E+24
1664.	0.8655E+24
1709.	0.8617E+24
1754.	0.8578E+24
1800.	0.8540E+24
1847.	0.8501E+24
1894.	0.8463E+24
1942.	0.8424E+24
1990.	0.8386E+24
2040.	0.8346E+24
2090.	0.8307E+24
2141.	0.8269E+24
2193.	0.8230E+24
2246.	0.8191E+24
2299.	0.8153E+24
2353.	0.8115E+24
2408.	0.8077E+24
2464.	0.8040E+24
2521.	0.8001E+24
2579.	0.7965E+24
2637.	0.7927E+24
2697.	0.7891E+24
2757.	0.7855E+24
2818.	0.7820E+24
2880.	0.7785E+24
2944.	0.7749E+24
3008.	0.7715E+24
3073.	0.7681E+24
3139.	0.7648E+24
3205.	0.7616E+24
3274.	0.7583E+24
3342.	0.7552E+24
3412.	0.7520E+24
3483.	0.7490E+24
3555.	0.7460E+24
 
 
E/N (Td)	Energy diffusion coef. D*N (1/m/s)
0.4396E-02	0.2308E+26
0.6080E-02	0.2285E+26
0.7576E-02	0.2259E+26
0.8988E-02	0.2233E+26
0.1038E-01	0.2207E+26
0.1176E-01	0.2181E+26
0.1316E-01	0.2155E+26
0.1460E-01	0.2128E+26
0.1606E-01	0.2102E+26
0.1759E-01	0.2074E+26
0.1916E-01	0.2048E+26
0.2079E-01	0.2022E+26
0.2249E-01	0.1996E+26
0.2426E-01	0.1970E+26
0.2608E-01	0.1945E+26
0.2802E-01	0.1919E+26
0.3004E-01	0.1894E+26
0.3216E-01	0.1868E+26
0.3439E-01	0.1843E+26
0.3671E-01	0.1818E+26
0.3916E-01	0.1794E+26
0.4172E-01	0.1769E+26
0.4441E-01	0.1745E+26
0.4723E-01	0.1721E+26
0.5020E-01	0.1698E+26
0.5332E-01	0.1674E+26
0.5659E-01	0.1651E+26
0.6003E-01	0.1629E+26
0.6365E-01	0.1606E+26
0.6746E-01	0.1584E+26
0.7146E-01	0.1563E+26
0.7568E-01	0.1541E+26
0.8011E-01	0.1520E+26
0.8478E-01	0.1499E+26
0.8969E-01	0.1479E+26
0.9486E-01	0.1458E+26
0.1003	0.1438E+26
0.1061	0.1419E+26
0.1121	0.1399E+26
0.1185	0.1380E+26
0.1252	0.1362E+26
0.1323	0.1343E+26
0.1398	0.1325E+26
0.1477	0.1307E+26
0.1560	0.1289E+26
0.1648	0.1272E+26
0.1741	0.1254E+26
0.1839	0.1238E+26
0.1943	0.1221E+26
0.2052	0.1204E+26
0.2168	0.1188E+26
0.2291	0.1172E+26
0.2421	0.1157E+26
0.2559	0.1141E+26
0.2705	0.1126E+26
0.2860	0.1111E+26
0.3024	0.1096E+26
0.3198	0.1082E+26
0.3383	0.1067E+26
0.3580	0.1053E+26
0.3789	0.1039E+26
0.4011	0.1025E+26
0.4247	0.1011E+26
0.4498	0.9980E+25
0.4764	0.9848E+25
0.5048	0.9717E+25
0.5350	0.9587E+25
0.5672	0.9459E+25
0.6014	0.9333E+25
0.6378	0.9209E+25
0.6764	0.9086E+25
0.7176	0.8964E+25
0.7613	0.8844E+25
0.8079	0.8725E+25
0.8573	0.8608E+25
0.9099	0.8492E+25
0.9658	0.8377E+25
1.025	0.8263E+25
1.088	0.8151E+25
1.155	0.8040E+25
1.227	0.7930E+25
1.303	0.7822E+25
1.384	0.7714E+25
1.470	0.7608E+25
1.562	0.7503E+25
1.660	0.7399E+25
1.766	0.7296E+25
1.878	0.7194E+25
1.999	0.7094E+25
2.129	0.6994E+25
2.270	0.6896E+25
2.422	0.6799E+25
2.587	0.6703E+25
2.767	0.6609E+25
2.965	0.6516E+25
3.184	0.6424E+25
3.427	0.6333E+25
3.700	0.6244E+25
4.012	0.6156E+25
4.370	0.6070E+25
4.788	0.5986E+25
5.287	0.5903E+25
5.895	0.5822E+25
6.660	0.5744E+25
7.653	0.5668E+25
8.993	0.5595E+25
10.86	0.5526E+25
13.48	0.5462E+25
17.12	0.5403E+25
21.92	0.5350E+25
27.94	0.5303E+25
35.22	0.5262E+25
43.78	0.5227E+25
53.69	0.5199E+25
64.99	0.5177E+25
77.65	0.5162E+25
91.78	0.5154E+25
107.3	0.5153E+25
124.1	0.5159E+25
142.2	0.5173E+25
161.5	0.5194E+25
182.0	0.5223E+25
203.4	0.5260E+25
225.8	0.5304E+25
249.0	0.5355E+25
272.9	0.5414E+25
297.6	0.5480E+25
322.9	0.5553E+25
348.8	0.5633E+25
375.4	0.5721E+25
402.4	0.5816E+25
429.9	0.5916E+25
457.8	0.6025E+25
486.3	0.6140E+25
515.2	0.6262E+25
544.5	0.6390E+25
574.3	0.6525E+25
604.4	0.6667E+25
634.9	0.6818E+25
665.7	0.6973E+25
697.0	0.7134E+25
728.7	0.7301E+25
760.8	0.7474E+25
793.2	0.7654E+25
826.0	0.7840E+25
859.2	0.8031E+25
892.9	0.8227E+25
926.9	0.8430E+25
961.3	0.8638E+25
996.2	0.8853E+25
1031.	0.9071E+25
1067.	0.9297E+25
1103.	0.9528E+25
1140.	0.9764E+25
1177.	0.1001E+26
1215.	0.1025E+26
1253.	0.1050E+26
1292.	0.1076E+26
1331.	0.1102E+26
1370.	0.1129E+26
1411.	0.1157E+26
1451.	0.1185E+26
1493.	0.1213E+26
1535.	0.1242E+26
1577.	0.1272E+26
1621.	0.1302E+26
1664.	0.1333E+26
1709.	0.1365E+26
1754.	0.1397E+26
1800.	0.1430E+26
1847.	0.1463E+26
1894.	0.1497E+26
1942.	0.1532E+26
1990.	0.1568E+26
2040.	0.1605E+26
2090.	0.1642E+26
2141.	0.1680E+26
2193.	0.1719E+26
2246.	0.1759E+26
2299.	0.1799E+26
2353.	0.1841E+26
2408.	0.1884E+26
2464.	0.1928E+26
2521.	0.1973E+26
2579.	0.2018E+26
2637.	0.2066E+26
2697.	0.2114E+26
2757.	0.2164E+26
2818.	0.2215E+26
2880.	0.2267E+26
2944.	0.2321E+26
3008.	0.2375E+26
3073.	0.2432E+26
3139.	0.2491E+26
3205.	0.2550E+26
3274.	0.2612E+26
3342.	0.2676E+26
3412.	0.2741E+26
3483.	0.2808E+26
3555.	0.2877E+26
 
 
E/N (Td)	Total collision freq. /N (m3/s)
0.4396E-02	0.2363E-14
0.6080E-02	0.2446E-14
0.7576E-02	0.2534E-14
0.8988E-02	0.2625E-14
0.1038E-01	0.2722E-14
0.1176E-01	0.2822E-14
0.1316E-01	0.2927E-14
0.1460E-01	0.3037E-14
0.1606E-01	0.3151E-14
0.1759E-01	0.3271E-14
0.1916E-01	0.3395E-14
0.2079E-01	0.3525E-14
0.2249E-01	0.3660E-14
0.2426E-01	0.3801E-14
0.2608E-01	0.3947E-14
0.2802E-01	0.4100E-14
0.3004E-01	0.4259E-14
0.3216E-01	0.4424E-14
0.3439E-01	0.4595E-14
0.3671E-01	0.4774E-14
0.3916E-01	0.4959E-14
0.4172E-01	0.5151E-14
0.4441E-01	0.5351E-14
0.4723E-01	0.5559E-14
0.5020E-01	0.5774E-14
0.5332E-01	0.5998E-14
0.5659E-01	0.6230E-14
0.6003E-01	0.6471E-14
0.6365E-01	0.6721E-14
0.6746E-01	0.6981E-14
0.7146E-01	0.7250E-14
0.7568E-01	0.7529E-14
0.8011E-01	0.7819E-14
0.8478E-01	0.8120E-14
0.8969E-01	0.8432E-14
0.9486E-01	0.8755E-14
0.1003	0.9090E-14
0.1061	0.9438E-14
0.1121	0.9799E-14
0.1185	0.1017E-13
0.1252	0.1056E-13
0.1323	0.1096E-13
0.1398	0.1138E-13
0.1477	0.1181E-13
0.1560	0.1226E-13
0.1648	0.1273E-13
0.1741	0.1321E-13
0.1839	0.1371E-13
0.1943	0.1423E-13
0.2052	0.1477E-13
0.2168	0.1533E-13
0.2291	0.1590E-13
0.2421	0.1650E-13
0.2559	0.1713E-13
0.2705	0.1777E-13
0.2860	0.1844E-13
0.3024	0.1913E-13
0.3198	0.1985E-13
0.3383	0.2060E-13
0.3580	0.2137E-13
0.3789	0.2217E-13
0.4011	0.2301E-13
0.4247	0.2387E-13
0.4498	0.2477E-13
0.4764	0.2570E-13
0.5048	0.2666E-13
0.5350	0.2766E-13
0.5672	0.2870E-13
0.6014	0.2978E-13
0.6378	0.3089E-13
0.6764	0.3206E-13
0.7176	0.3326E-13
0.7613	0.3451E-13
0.8079	0.3581E-13
0.8573	0.3716E-13
0.9099	0.3856E-13
0.9658	0.4001E-13
1.025	0.4152E-13
1.088	0.4309E-13
1.155	0.4472E-13
1.227	0.4641E-13
1.303	0.4816E-13
1.384	0.4999E-13
1.470	0.5188E-13
1.562	0.5385E-13
1.660	0.5589E-13
1.766	0.5801E-13
1.878	0.6021E-13
1.999	0.6250E-13
2.129	0.6487E-13
2.270	0.6733E-13
2.422	0.6988E-13
2.587	0.7253E-13
2.767	0.7528E-13
2.965	0.7813E-13
3.184	0.8108E-13
3.427	0.8413E-13
3.700	0.8729E-13
4.012	0.9058E-13
4.370	0.9397E-13
4.788	0.9748E-13
5.287	0.1011E-12
5.895	0.1048E-12
6.660	0.1087E-12
7.653	0.1126E-12
8.993	0.1167E-12
10.86	0.1208E-12
13.48	0.1250E-12
17.12	0.1291E-12
21.92	0.1333E-12
27.94	0.1374E-12
35.22	0.1415E-12
43.78	0.1455E-12
53.69	0.1495E-12
64.99	0.1535E-12
77.65	0.1573E-12
91.78	0.1611E-12
107.3	0.1648E-12
124.1	0.1684E-12
142.2	0.1719E-12
161.5	0.1753E-12
182.0	0.1787E-12
203.4	0.1819E-12
225.8	0.1851E-12
249.0	0.1881E-12
272.9	0.1911E-12
297.6	0.1940E-12
322.9	0.1968E-12
348.8	0.1996E-12
375.4	0.2022E-12
402.4	0.2049E-12
429.9	0.2074E-12
457.8	0.2099E-12
486.3	0.2123E-12
515.2	0.2146E-12
544.5	0.2169E-12
574.3	0.2191E-12
604.4	0.2213E-12
634.9	0.2234E-12
665.7	0.2254E-12
697.0	0.2274E-12
728.7	0.2294E-12
760.8	0.2313E-12
793.2	0.2331E-12
826.0	0.2349E-12
859.2	0.2367E-12
892.9	0.2384E-12
926.9	0.2400E-12
961.3	0.2417E-12
996.2	0.2433E-12
1031.	0.2448E-12
1067.	0.2463E-12
1103.	0.2478E-12
1140.	0.2492E-12
1177.	0.2506E-12
1215.	0.2520E-12
1253.	0.2534E-12
1292.	0.2547E-12
1331.	0.2560E-12
1370.	0.2572E-12
1411.	0.2585E-12
1451.	0.2597E-12
1493.	0.2608E-12
1535.	0.2620E-12
1577.	0.2631E-12
1621.	0.2642E-12
1664.	0.2653E-12
1709.	0.2664E-12
1754.	0.2674E-12
1800.	0.2685E-12
1847.	0.2695E-12
1894.	0.2705E-12
1942.	0.2714E-12
1990.	0.2724E-12
2040.	0.2733E-12
2090.	0.2742E-12
2141.	0.2751E-12
2193.	0.2760E-12
2246.	0.2769E-12
2299.	0.2777E-12
2353.	0.2785E-12
2408.	0.2794E-12
2464.	0.2802E-12
2521.	0.2810E-12
2579.	0.2817E-12
2637.	0.2825E-12
2697.	0.2832E-12
2757.	0.2840E-12
2818.	0.2847E-12
2880.	0.2854E-12
2944.	0.2861E-12
3008.	0.2868E-12
3073.	0.2874E-12
3139.	0.2881E-12
3205.	0.2888E-12
3274.	0.2894E-12
3342.	0.2900E-12
3412.	0.2906E-12
3483.	0.2912E-12
3555.	0.2918E-12
 
 
E/N (Td)	Momentum frequency /N (m3/s)
0.4396E-02	0.1904E-14
0.6080E-02	0.1958E-14
0.7576E-02	0.2017E-14
0.8988E-02	0.2079E-14
0.1038E-01	0.2143E-14
0.1176E-01	0.2209E-14
0.1316E-01	0.2278E-14
0.1460E-01	0.2350E-14
0.1606E-01	0.2424E-14
0.1759E-01	0.2504E-14
0.1916E-01	0.2585E-14
0.2079E-01	0.2668E-14
0.2249E-01	0.2754E-14
0.2426E-01	0.2844E-14
0.2608E-01	0.2931E-14
0.2802E-01	0.3028E-14
0.3004E-01	0.3128E-14
0.3216E-01	0.3232E-14
0.3439E-01	0.3340E-14
0.3671E-01	0.3453E-14
0.3916E-01	0.3569E-14
0.4172E-01	0.3690E-14
0.4441E-01	0.3816E-14
0.4723E-01	0.3947E-14
0.5020E-01	0.4082E-14
0.5332E-01	0.4224E-14
0.5659E-01	0.4370E-14
0.6003E-01	0.4523E-14
0.6365E-01	0.4682E-14
0.6746E-01	0.4847E-14
0.7146E-01	0.5020E-14
0.7568E-01	0.5199E-14
0.8011E-01	0.5386E-14
0.8478E-01	0.5582E-14
0.8969E-01	0.5785E-14
0.9486E-01	0.5998E-14
0.1003	0.6220E-14
0.1061	0.6451E-14
0.1121	0.6693E-14
0.1185	0.6947E-14
0.1252	0.7212E-14
0.1323	0.7490E-14
0.1398	0.7781E-14
0.1477	0.8086E-14
0.1560	0.8406E-14
0.1648	0.8742E-14
0.1741	0.9096E-14
0.1839	0.9468E-14
0.1943	0.9860E-14
0.2052	0.1027E-13
0.2168	0.1071E-13
0.2291	0.1117E-13
0.2421	0.1165E-13
0.2559	0.1217E-13
0.2705	0.1271E-13
0.2860	0.1329E-13
0.3024	0.1390E-13
0.3198	0.1455E-13
0.3383	0.1524E-13
0.3580	0.1597E-13
0.3789	0.1675E-13
0.4011	0.1758E-13
0.4247	0.1847E-13
0.4498	0.1941E-13
0.4764	0.2041E-13
0.5048	0.2148E-13
0.5350	0.2262E-13
0.5672	0.2383E-13
0.6014	0.2512E-13
0.6378	0.2649E-13
0.6764	0.2794E-13
0.7176	0.2949E-13
0.7613	0.3113E-13
0.8079	0.3287E-13
0.8573	0.3472E-13
0.9099	0.3667E-13
0.9658	0.3873E-13
1.025	0.4091E-13
1.088	0.4322E-13
1.155	0.4565E-13
1.227	0.4822E-13
1.303	0.5092E-13
1.384	0.5377E-13
1.470	0.5678E-13
1.562	0.5994E-13
1.660	0.6327E-13
1.766	0.6677E-13
1.878	0.7045E-13
1.999	0.7431E-13
2.129	0.7836E-13
2.270	0.8261E-13
2.422	0.8706E-13
2.587	0.9170E-13
2.767	0.9654E-13
2.965	0.1016E-12
3.184	0.1068E-12
3.427	0.1122E-12
3.700	0.1178E-12
4.012	0.1235E-12
4.370	0.1293E-12
4.788	0.1351E-12
5.287	0.1410E-12
5.895	0.1468E-12
6.660	0.1524E-12
7.653	0.1580E-12
8.993	0.1634E-12
10.86	0.1686E-12
13.48	0.1740E-12
17.12	0.1796E-12
21.92	0.1856E-12
27.94	0.1917E-12
35.22	0.1978E-12
43.78	0.2036E-12
53.69	0.2091E-12
64.99	0.2143E-12
77.65	0.2190E-12
91.78	0.2235E-12
107.3	0.2278E-12
124.1	0.2319E-12
142.2	0.2358E-12
161.5	0.2396E-12
182.0	0.2433E-12
203.4	0.2469E-12
225.8	0.2504E-12
249.0	0.2538E-12
272.9	0.2570E-12
297.6	0.2602E-12
322.9	0.2632E-12
348.8	0.2661E-12
375.4	0.2689E-12
402.4	0.2717E-12
429.9	0.2742E-12
457.8	0.2767E-12
486.3	0.2791E-12
515.2	0.2814E-12
544.5	0.2836E-12
574.3	0.2857E-12
604.4	0.2877E-12
634.9	0.2897E-12
665.7	0.2916E-12
697.0	0.2934E-12
728.7	0.2952E-12
760.8	0.2970E-12
793.2	0.2987E-12
826.0	0.3003E-12
859.2	0.3019E-12
892.9	0.3036E-12
926.9	0.3052E-12
961.3	0.3067E-12
996.2	0.3082E-12
1031.	0.3098E-12
1067.	0.3113E-12
1103.	0.3127E-12
1140.	0.3142E-12
1177.	0.3157E-12
1215.	0.3172E-12
1253.	0.3187E-12
1292.	0.3202E-12
1331.	0.3216E-12
1370.	0.3231E-12
1411.	0.3246E-12
1451.	0.3261E-12
1493.	0.3276E-12
1535.	0.3291E-12
1577.	0.3306E-12
1621.	0.3322E-12
1664.	0.3337E-12
1709.	0.3353E-12
1754.	0.3369E-12
1800.	0.3384E-12
1847.	0.3400E-12
1894.	0.3416E-12
1942.	0.3432E-12
1990.	0.3448E-12
2040.	0.3465E-12
2090.	0.3481E-12
2141.	0.3498E-12
2193.	0.3514E-12
2246.	0.3532E-12
2299.	0.3548E-12
2353.	0.3565E-12
2408.	0.3583E-12
2464.	0.3599E-12
2521.	0.3618E-12
2579.	0.3634E-12
2637.	0.3652E-12
2697.	0.3670E-12
2757.	0.3687E-12
2818.	0.3705E-12
2880.	0.3722E-12
2944.	0.3741E-12
3008.	0.3758E-12
3073.	0.3776E-12
3139.	0.3794E-12
3205.	0.3811E-12
3274.	0.3829E-12
3342.	0.3848E-12
3412.	0.3865E-12
3483.	0.3882E-12
3555.	0.3901E-12
 
 
E/N (Td)	e-i momentum frequency /N (m3/s)
0.4396E-02	0.2419E-15
0.6080E-02	0.2386E-15
0.7576E-02	0.2360E-15
0.8988E-02	0.2333E-15
0.1038E-01	0.2307E-15
0.1176E-01	0.2280E-15
0.1316E-01	0.2254E-15
0.1460E-01	0.2228E-15
0.1606E-01	0.2203E-15
0.1759E-01	0.2172E-15
0.1916E-01	0.2148E-15
0.2079E-01	0.2123E-15
0.2249E-01	0.2099E-15
0.2426E-01	0.2075E-15
0.2608E-01	0.2051E-15
0.2802E-01	0.2027E-15
0.3004E-01	0.2004E-15
0.3216E-01	0.1980E-15
0.3439E-01	0.1957E-15
0.3671E-01	0.1934E-15
0.3916E-01	0.1911E-15
0.4172E-01	0.1888E-15
0.4441E-01	0.1866E-15
0.4723E-01	0.1843E-15
0.5020E-01	0.1820E-15
0.5332E-01	0.1798E-15
0.5659E-01	0.1775E-15
0.6003E-01	0.1753E-15
0.6365E-01	0.1731E-15
0.6746E-01	0.1708E-15
0.7146E-01	0.1686E-15
0.7568E-01	0.1663E-15
0.8011E-01	0.1640E-15
0.8478E-01	0.1618E-15
0.8969E-01	0.1595E-15
0.9486E-01	0.1572E-15
0.1003	0.1550E-15
0.1061	0.1527E-15
0.1121	0.1504E-15
0.1185	0.1481E-15
0.1252	0.1457E-15
0.1323	0.1434E-15
0.1398	0.1410E-15
0.1477	0.1386E-15
0.1560	0.1362E-15
0.1648	0.1338E-15
0.1741	0.1313E-15
0.1839	0.1288E-15
0.1943	0.1262E-15
0.2052	0.1237E-15
0.2168	0.1210E-15
0.2291	0.1184E-15
0.2421	0.1157E-15
0.2559	0.1129E-15
0.2705	0.1101E-15
0.2860	0.1072E-15
0.3024	0.1043E-15
0.3198	0.1013E-15
0.3383	0.9824E-16
0.3580	0.9513E-16
0.3789	0.9196E-16
0.4011	0.8873E-16
0.4247	0.8546E-16
0.4498	0.8214E-16
0.4764	0.7878E-16
0.5048	0.7539E-16
0.5350	0.7198E-16
0.5672	0.6857E-16
0.6014	0.6517E-16
0.6378	0.6179E-16
0.6764	0.5845E-16
0.7176	0.5517E-16
0.7613	0.5196E-16
0.8079	0.4883E-16
0.8573	0.4580E-16
0.9099	0.4289E-16
0.9658	0.4009E-16
1.025	0.3743E-16
1.088	0.3489E-16
1.155	0.3250E-16
1.227	0.3024E-16
1.303	0.2812E-16
1.384	0.2614E-16
1.470	0.2429E-16
1.562	0.2256E-16
1.660	0.2096E-16
1.766	0.1948E-16
1.878	0.1811E-16
1.999	0.1684E-16
2.129	0.1568E-16
2.270	0.1461E-16
2.422	0.1364E-16
2.587	0.1275E-16
2.767	0.1195E-16
2.965	0.1122E-16
3.184	0.1057E-16
3.427	0.9996E-17
3.700	0.9491E-17
4.012	0.9051E-17
4.370	0.8677E-17
4.788	0.8362E-17
5.287	0.8100E-17
5.895	0.7882E-17
6.660	0.7692E-17
7.653	0.7511E-17
8.993	0.7310E-17
10.86	0.7056E-17
13.48	0.6725E-17
17.12	0.6321E-17
21.92	0.5886E-17
27.94	0.5471E-17
35.22	0.5109E-17
43.78	0.4807E-17
53.69	0.4555E-17
64.99	0.4337E-17
77.65	0.4140E-17
91.78	0.3952E-17
107.3	0.3771E-17
124.1	0.3594E-17
142.2	0.3422E-17
161.5	0.3257E-17
182.0	0.3097E-17
203.4	0.2947E-17
225.8	0.2804E-17
249.0	0.2670E-17
272.9	0.2544E-17
297.6	0.2426E-17
322.9	0.2315E-17
348.8	0.2211E-17
375.4	0.2114E-17
402.4	0.2023E-17
429.9	0.1938E-17
457.8	0.1857E-17
486.3	0.1782E-17
515.2	0.1711E-17
544.5	0.1644E-17
574.3	0.1581E-17
604.4	0.1522E-17
634.9	0.1466E-17
665.7	0.1412E-17
697.0	0.1362E-17
728.7	0.1314E-17
760.8	0.1268E-17
793.2	0.1224E-17
826.0	0.1183E-17
859.2	0.1143E-17
892.9	0.1106E-17
926.9	0.1069E-17
961.3	0.1035E-17
996.2	0.1002E-17
1031.	0.9702E-18
1067.	0.9397E-18
1103.	0.9105E-18
1140.	0.8824E-18
1177.	0.8555E-18
1215.	0.8295E-18
1253.	0.8044E-18
1292.	0.7804E-18
1331.	0.7572E-18
1370.	0.7347E-18
1411.	0.7131E-18
1451.	0.6921E-18
1493.	0.6720E-18
1535.	0.6525E-18
1577.	0.6336E-18
1621.	0.6154E-18
1664.	0.5977E-18
1709.	0.5806E-18
1754.	0.5641E-18
1800.	0.5480E-18
1847.	0.5325E-18
1894.	0.5175E-18
1942.	0.5027E-18
1990.	0.4887E-18
2040.	0.4748E-18
2090.	0.4616E-18
2141.	0.4486E-18
2193.	0.4361E-18
2246.	0.4238E-18
2299.	0.4121E-18
2353.	0.4005E-18
2408.	0.3894E-18
2464.	0.3785E-18
2521.	0.3679E-18
2579.	0.3578E-18
2637.	0.3477E-18
2697.	0.3381E-18
2757.	0.3287E-18
2818.	0.3196E-18
2880.	0.3108E-18
2944.	0.3020E-18
3008.	0.2938E-18
3073.	0.2855E-18
3139.	0.2776E-18
3205.	0.2700E-18
3274.	0.2625E-18
3342.	0.2551E-18
3412.	0.2481E-18
3483.	0.2413E-18
3555.	0.2345E-18
 
 
E/N (Td)	Total ionization freq. /N (m3/s)
0.4396E-02	0.6244E-25
0.6080E-02	0.8998E-25
0.7576E-02	0.1282E-24
0.8988E-02	0.1812E-24
0.1038E-01	0.2546E-24
0.1176E-01	0.3552E-24
0.1316E-01	0.4920E-24
0.1460E-01	0.6777E-24
0.1606E-01	0.9243E-24
0.1759E-01	0.1256E-23
0.1916E-01	0.1695E-23
0.2079E-01	0.2272E-23
0.2249E-01	0.3028E-23
0.2426E-01	0.4011E-23
0.2608E-01	0.5278E-23
0.2802E-01	0.6915E-23
0.3004E-01	0.9002E-23
0.3216E-01	0.1165E-22
0.3439E-01	0.1501E-22
0.3671E-01	0.1922E-22
0.3916E-01	0.2449E-22
0.4172E-01	0.3105E-22
0.4441E-01	0.3916E-22
0.4723E-01	0.4916E-22
0.5020E-01	0.6141E-22
0.5332E-01	0.7636E-22
0.5659E-01	0.9452E-22
0.6003E-01	0.1165E-21
0.6365E-01	0.1429E-21
0.6746E-01	0.1745E-21
0.7146E-01	0.2123E-21
0.7568E-01	0.2572E-21
0.8011E-01	0.3104E-21
0.8478E-01	0.3731E-21
0.8969E-01	0.4467E-21
0.9486E-01	0.5328E-21
0.1003	0.6333E-21
0.1061	0.7500E-21
0.1121	0.8851E-21
0.1185	0.1041E-20
0.1252	0.1220E-20
0.1323	0.1426E-20
0.1398	0.1661E-20
0.1477	0.1929E-20
0.1560	0.2233E-20
0.1648	0.2578E-20
0.1741	0.2967E-20
0.1839	0.3405E-20
0.1943	0.3898E-20
0.2052	0.4451E-20
0.2168	0.5068E-20
0.2291	0.5757E-20
0.2421	0.6524E-20
0.2559	0.7376E-20
0.2705	0.8319E-20
0.2860	0.9362E-20
0.3024	0.1051E-19
0.3198	0.1178E-19
0.3383	0.1318E-19
0.3580	0.1471E-19
0.3789	0.1638E-19
0.4011	0.1821E-19
0.4247	0.2022E-19
0.4498	0.2240E-19
0.4764	0.2478E-19
0.5048	0.2736E-19
0.5350	0.3017E-19
0.5672	0.3322E-19
0.6014	0.3652E-19
0.6378	0.4009E-19
0.6764	0.4395E-19
0.7176	0.4812E-19
0.7613	0.5261E-19
0.8079	0.5745E-19
0.8573	0.6266E-19
0.9099	0.6826E-19
0.9658	0.7428E-19
1.025	0.8073E-19
1.088	0.8765E-19
1.155	0.9505E-19
1.227	0.1030E-18
1.303	0.1114E-18
1.384	0.1204E-18
1.470	0.1301E-18
1.562	0.1403E-18
1.660	0.1512E-18
1.766	0.1627E-18
1.878	0.1750E-18
1.999	0.1880E-18
2.129	0.2017E-18
2.270	0.2162E-18
2.422	0.2315E-18
2.587	0.2476E-18
2.767	0.2645E-18
2.965	0.2823E-18
3.184	0.3009E-18
3.427	0.3203E-18
3.700	0.3407E-18
4.012	0.3620E-18
4.370	0.3841E-18
4.788	0.4070E-18
5.287	0.4307E-18
5.895	0.4552E-18
6.660	0.4804E-18
7.653	0.5062E-18
8.993	0.5323E-18
10.86	0.5588E-18
13.48	0.5859E-18
17.12	0.6199E-18
21.92	0.6979E-18
27.94	0.9671E-18
35.22	0.1826E-17
43.78	0.4078E-17
53.69	0.9022E-17
64.99	0.1846E-16
77.65	0.3452E-16
91.78	0.5983E-16
107.3	0.9693E-16
124.1	0.1484E-15
142.2	0.2168E-15
161.5	0.3041E-15
182.0	0.4126E-15
203.4	0.5433E-15
225.8	0.6978E-15
249.0	0.8773E-15
272.9	0.1082E-14
297.6	0.1313E-14
322.9	0.1571E-14
348.8	0.1857E-14
375.4	0.2170E-14
402.4	0.2511E-14
429.9	0.2877E-14
457.8	0.3273E-14
486.3	0.3697E-14
515.2	0.4148E-14
544.5	0.4627E-14
574.3	0.5133E-14
604.4	0.5667E-14
634.9	0.6229E-14
665.7	0.6817E-14
697.0	0.7432E-14
728.7	0.8074E-14
760.8	0.8742E-14
793.2	0.9436E-14
826.0	0.1016E-13
859.2	0.1090E-13
892.9	0.1167E-13
926.9	0.1247E-13
961.3	0.1329E-13
996.2	0.1413E-13
1031.	0.1500E-13
1067.	0.1589E-13
1103.	0.1681E-13
1140.	0.1774E-13
1177.	0.1871E-13
1215.	0.1969E-13
1253.	0.2070E-13
1292.	0.2172E-13
1331.	0.2278E-13
1370.	0.2385E-13
1411.	0.2494E-13
1451.	0.2605E-13
1493.	0.2719E-13
1535.	0.2834E-13
1577.	0.2951E-13
1621.	0.3071E-13
1664.	0.3192E-13
1709.	0.3315E-13
1754.	0.3440E-13
1800.	0.3566E-13
1847.	0.3695E-13
1894.	0.3825E-13
1942.	0.3957E-13
1990.	0.4090E-13
2040.	0.4226E-13
2090.	0.4362E-13
2141.	0.4500E-13
2193.	0.4640E-13
2246.	0.4781E-13
2299.	0.4923E-13
2353.	0.5066E-13
2408.	0.5211E-13
2464.	0.5357E-13
2521.	0.5504E-13
2579.	0.5652E-13
2637.	0.5801E-13
2697.	0.5951E-13
2757.	0.6102E-13
2818.	0.6254E-13
2880.	0.6407E-13
2944.	0.6560E-13
3008.	0.6715E-13
3073.	0.6869E-13
3139.	0.7024E-13
3205.	0.7180E-13
3274.	0.7336E-13
3342.	0.7492E-13
3412.	0.7648E-13
3483.	0.7806E-13
3555.	0.7962E-13
 
 
E/N (Td)	Townsend ioniz. coef. alpha/N (m2)
0.4396E-02	0.1732E-27
0.6080E-02	0.1847E-27
0.7576E-02	0.2167E-27
0.8988E-02	0.2649E-27
0.1038E-01	0.3310E-27
0.1176E-01	0.4183E-27
0.1316E-01	0.5318E-27
0.1460E-01	0.6788E-27
0.1606E-01	0.8650E-27
0.1759E-01	0.1105E-26
0.1916E-01	0.1407E-26
0.2079E-01	0.1789E-26
0.2249E-01	0.2268E-26
0.2426E-01	0.2866E-26
0.2608E-01	0.3606E-26
0.2802E-01	0.4530E-26
0.3004E-01	0.5667E-26
0.3216E-01	0.7064E-26
0.3439E-01	0.8770E-26
0.3671E-01	0.1085E-25
0.3916E-01	0.1337E-25
0.4172E-01	0.1641E-25
0.4441E-01	0.2006E-25
0.4723E-01	0.2444E-25
0.5020E-01	0.2965E-25
0.5332E-01	0.3585E-25
0.5659E-01	0.4317E-25
0.6003E-01	0.5181E-25
0.6365E-01	0.6194E-25
0.6746E-01	0.7380E-25
0.7146E-01	0.8762E-25
0.7568E-01	0.1037E-24
0.8011E-01	0.1222E-24
0.8478E-01	0.1437E-24
0.8969E-01	0.1683E-24
0.9486E-01	0.1965E-24
0.1003	0.2288E-24
0.1061	0.2655E-24
0.1121	0.3072E-24
0.1185	0.3544E-24
0.1252	0.4077E-24
0.1323	0.4677E-24
0.1398	0.5352E-24
0.1477	0.6107E-24
0.1560	0.6951E-24
0.1648	0.7893E-24
0.1741	0.8940E-24
0.1839	0.1010E-23
0.1943	0.1139E-23
0.2052	0.1282E-23
0.2168	0.1439E-23
0.2291	0.1612E-23
0.2421	0.1803E-23
0.2559	0.2012E-23
0.2705	0.2242E-23
0.2860	0.2493E-23
0.3024	0.2768E-23
0.3198	0.3068E-23
0.3383	0.3395E-23
0.3580	0.3752E-23
0.3789	0.4141E-23
0.4011	0.4563E-23
0.4247	0.5022E-23
0.4498	0.5519E-23
0.4764	0.6059E-23
0.5048	0.6643E-23
0.5350	0.7275E-23
0.5672	0.7957E-23
0.6014	0.8694E-23
0.6378	0.9489E-23
0.6764	0.1034E-22
0.7176	0.1126E-22
0.7613	0.1225E-22
0.8079	0.1331E-22
0.8573	0.1445E-22
0.9099	0.1566E-22
0.9658	0.1695E-22
1.025	0.1834E-22
1.088	0.1980E-22
1.155	0.2137E-22
1.227	0.2302E-22
1.303	0.2477E-22
1.384	0.2662E-22
1.470	0.2857E-22
1.562	0.3062E-22
1.660	0.3276E-22
1.766	0.3500E-22
1.878	0.3733E-22
1.999	0.3973E-22
2.129	0.4221E-22
2.270	0.4475E-22
2.422	0.4732E-22
2.587	0.4991E-22
2.767	0.5247E-22
2.965	0.5499E-22
3.184	0.5739E-22
3.427	0.5964E-22
3.700	0.6165E-22
4.012	0.6334E-22
4.370	0.6460E-22
4.788	0.6530E-22
5.287	0.6530E-22
5.895	0.6444E-22
6.660	0.6253E-22
7.653	0.5941E-22
8.993	0.5499E-22
10.86	0.4935E-22
13.48	0.4299E-22
17.12	0.3698E-22
21.92	0.3359E-22
27.94	0.3772E-22
35.22	0.5832E-22
43.78	0.1078E-21
53.69	0.1998E-21
64.99	0.3460E-21
77.65	0.5536E-21
91.78	0.8286E-21
107.3	0.1170E-20
124.1	0.1577E-20
142.2	0.2043E-20
161.5	0.2564E-20
182.0	0.3137E-20
203.4	0.3750E-20
225.8	0.4401E-20
249.0	0.5085E-20
272.9	0.5796E-20
297.6	0.6530E-20
322.9	0.7283E-20
348.8	0.8055E-20
375.4	0.8841E-20
402.4	0.9637E-20
429.9	0.1044E-19
457.8	0.1125E-19
486.3	0.1206E-19
515.2	0.1288E-19
544.5	0.1370E-19
574.3	0.1452E-19
604.4	0.1534E-19
634.9	0.1616E-19
665.7	0.1697E-19
697.0	0.1779E-19
728.7	0.1860E-19
760.8	0.1940E-19
793.2	0.2020E-19
826.0	0.2099E-19
859.2	0.2178E-19
892.9	0.2256E-19
926.9	0.2333E-19
961.3	0.2410E-19
996.2	0.2485E-19
1031.	0.2561E-19
1067.	0.2635E-19
1103.	0.2708E-19
1140.	0.2780E-19
1177.	0.2852E-19
1215.	0.2923E-19
1253.	0.2993E-19
1292.	0.3062E-19
1331.	0.3129E-19
1370.	0.3196E-19
1411.	0.3263E-19
1451.	0.3328E-19
1493.	0.3391E-19
1535.	0.3455E-19
1577.	0.3517E-19
1621.	0.3578E-19
1664.	0.3638E-19
1709.	0.3697E-19
1754.	0.3755E-19
1800.	0.3811E-19
1847.	0.3867E-19
1894.	0.3922E-19
1942.	0.3976E-19
1990.	0.4028E-19
2040.	0.4079E-19
2090.	0.4129E-19
2141.	0.4178E-19
2193.	0.4226E-19
2246.	0.4273E-19
2299.	0.4318E-19
2353.	0.4363E-19
2408.	0.4406E-19
2464.	0.4448E-19
2521.	0.4489E-19
2579.	0.4528E-19
2637.	0.4566E-19
2697.	0.4603E-19
2757.	0.4639E-19
2818.	0.4673E-19
2880.	0.4706E-19
2944.	0.4738E-19
3008.	0.4768E-19
3073.	0.4798E-19
3139.	0.4826E-19
3205.	0.4852E-19
3274.	0.4878E-19
3342.	0.4902E-19
3412.	0.4924E-19
3483.	0.4945E-19
3555.	0.4966E-19
 
 
E/N (Td)	Power /N (eV m3/s)
0.4396E-02	0.1585E-20
0.6080E-02	0.2962E-20
0.7576E-02	0.4482E-20
0.8988E-02	0.6148E-20
0.1038E-01	0.7981E-20
0.1176E-01	0.9985E-20
0.1316E-01	0.1217E-19
0.1460E-01	0.1457E-19
0.1606E-01	0.1716E-19
0.1759E-01	0.2000E-19
0.1916E-01	0.2307E-19
0.2079E-01	0.2641E-19
0.2249E-01	0.3003E-19
0.2426E-01	0.3395E-19
0.2608E-01	0.3817E-19
0.2802E-01	0.4277E-19
0.3004E-01	0.4772E-19
0.3216E-01	0.5307E-19
0.3439E-01	0.5884E-19
0.3671E-01	0.6505E-19
0.3916E-01	0.7174E-19
0.4172E-01	0.7895E-19
0.4441E-01	0.8669E-19
0.4723E-01	0.9502E-19
0.5020E-01	0.1040E-18
0.5332E-01	0.1136E-18
0.5659E-01	0.1239E-18
0.6003E-01	0.1350E-18
0.6365E-01	0.1468E-18
0.6746E-01	0.1595E-18
0.7146E-01	0.1732E-18
0.7568E-01	0.1878E-18
0.8011E-01	0.2034E-18
0.8478E-01	0.2201E-18
0.8969E-01	0.2381E-18
0.9486E-01	0.2572E-18
0.1003	0.2777E-18
0.1061	0.2996E-18
0.1121	0.3230E-18
0.1185	0.3480E-18
0.1252	0.3748E-18
0.1323	0.4033E-18
0.1398	0.4338E-18
0.1477	0.4663E-18
0.1560	0.5010E-18
0.1648	0.5381E-18
0.1741	0.5776E-18
0.1839	0.6198E-18
0.1943	0.6647E-18
0.2052	0.7127E-18
0.2168	0.7638E-18
0.2291	0.8182E-18
0.2421	0.8763E-18
0.2559	0.9381E-18
0.2705	0.1004E-17
0.2860	0.1074E-17
0.3024	0.1149E-17
0.3198	0.1228E-17
0.3383	0.1313E-17
0.3580	0.1403E-17
0.3789	0.1499E-17
0.4011	0.1601E-17
0.4247	0.1710E-17
0.4498	0.1825E-17
0.4764	0.1949E-17
0.5048	0.2080E-17
0.5350	0.2219E-17
0.5672	0.2368E-17
0.6014	0.2526E-17
0.6378	0.2695E-17
0.6764	0.2874E-17
0.7176	0.3065E-17
0.7613	0.3269E-17
0.8079	0.3487E-17
0.8573	0.3719E-17
0.9099	0.3967E-17
0.9658	0.4231E-17
1.025	0.4514E-17
1.088	0.4816E-17
1.155	0.5140E-17
1.227	0.5487E-17
1.303	0.5860E-17
1.384	0.6260E-17
1.470	0.6692E-17
1.562	0.7157E-17
1.660	0.7661E-17
1.766	0.8208E-17
1.878	0.8804E-17
1.999	0.9456E-17
2.129	0.1017E-16
2.270	0.1096E-16
2.422	0.1185E-16
2.587	0.1283E-16
2.767	0.1395E-16
2.965	0.1522E-16
3.184	0.1669E-16
3.427	0.1841E-16
3.700	0.2045E-16
4.012	0.2293E-16
4.370	0.2598E-16
4.788	0.2985E-16
5.287	0.3487E-16
5.895	0.4165E-16
6.660	0.5117E-16
7.653	0.6520E-16
8.993	0.8706E-16
10.86	0.1229E-15
13.48	0.1838E-15
17.12	0.2870E-15
21.92	0.4555E-15
27.94	0.7164E-15
35.22	0.1103E-14
43.78	0.1656E-14
53.69	0.2424E-14
64.99	0.3467E-14
77.65	0.4842E-14
91.78	0.6627E-14
107.3	0.8886E-14
124.1	0.1169E-13
142.2	0.1509E-13
161.5	0.1916E-13
182.0	0.2395E-13
203.4	0.2947E-13
225.8	0.3580E-13
249.0	0.4295E-13
272.9	0.5096E-13
297.6	0.5986E-13
322.9	0.6964E-13
348.8	0.8042E-13
375.4	0.9214E-13
402.4	0.1049E-12
429.9	0.1185E-12
457.8	0.1332E-12
486.3	0.1490E-12
515.2	0.1659E-12
544.5	0.1839E-12
574.3	0.2030E-12
604.4	0.2232E-12
634.9	0.2447E-12
665.7	0.2674E-12
697.0	0.2912E-12
728.7	0.3164E-12
760.8	0.3428E-12
793.2	0.3705E-12
826.0	0.3996E-12
859.2	0.4301E-12
892.9	0.4619E-12
926.9	0.4953E-12
961.3	0.5300E-12
996.2	0.5663E-12
1031.	0.6042E-12
1067.	0.6437E-12
1103.	0.6848E-12
1140.	0.7276E-12
1177.	0.7721E-12
1215.	0.8183E-12
1253.	0.8664E-12
1292.	0.9164E-12
1331.	0.9684E-12
1370.	0.1022E-11
1411.	0.1078E-11
1451.	0.1136E-11
1493.	0.1197E-11
1535.	0.1259E-11
1577.	0.1324E-11
1621.	0.1391E-11
1664.	0.1460E-11
1709.	0.1532E-11
1754.	0.1607E-11
1800.	0.1684E-11
1847.	0.1764E-11
1894.	0.1847E-11
1942.	0.1933E-11
1990.	0.2021E-11
2040.	0.2113E-11
2090.	0.2208E-11
2141.	0.2306E-11
2193.	0.2408E-11
2246.	0.2513E-11
2299.	0.2621E-11
2353.	0.2733E-11
2408.	0.2848E-11
2464.	0.2968E-11
2521.	0.3092E-11
2579.	0.3219E-11
2637.	0.3351E-11
2697.	0.3487E-11
2757.	0.3627E-11
2818.	0.3772E-11
2880.	0.3922E-11
2944.	0.4076E-11
3008.	0.4235E-11
3073.	0.4399E-11
3139.	0.4568E-11
3205.	0.4743E-11
3274.	0.4924E-11
3342.	0.5108E-11
3412.	0.5300E-11
3483.	0.5497E-11
3555.	0.5699E-11
 
 
E/N (Td)	Elastic power loss /N (eV m3/s)
0.4396E-02	0.1525E-20
0.6080E-02	0.2859E-20
0.7576E-02	0.4338E-20
0.8988E-02	0.5963E-20
0.1038E-01	0.7756E-20
0.1176E-01	0.9723E-20
0.1316E-01	0.1188E-19
0.1460E-01	0.1424E-19
0.1606E-01	0.1679E-19
0.1759E-01	0.1959E-19
0.1916E-01	0.2264E-19
0.2079E-01	0.2594E-19
0.2249E-01	0.2953E-19
0.2426E-01	0.3342E-19
0.2608E-01	0.3762E-19
0.2802E-01	0.4218E-19
0.3004E-01	0.4710E-19
0.3216E-01	0.5242E-19
0.3439E-01	0.5814E-19
0.3671E-01	0.6432E-19
0.3916E-01	0.7096E-19
0.4172E-01	0.7812E-19
0.4441E-01	0.8581E-19
0.4723E-01	0.9407E-19
0.5020E-01	0.1029E-18
0.5332E-01	0.1125E-18
0.5659E-01	0.1227E-18
0.6003E-01	0.1336E-18
0.6365E-01	0.1453E-18
0.6746E-01	0.1579E-18
0.7146E-01	0.1713E-18
0.7568E-01	0.1857E-18
0.8011E-01	0.2010E-18
0.8478E-01	0.2174E-18
0.8969E-01	0.2349E-18
0.9486E-01	0.2536E-18
0.1003	0.2736E-18
0.1061	0.2949E-18
0.1121	0.3176E-18
0.1185	0.3417E-18
0.1252	0.3675E-18
0.1323	0.3949E-18
0.1398	0.4241E-18
0.1477	0.4552E-18
0.1560	0.4882E-18
0.1648	0.5234E-18
0.1741	0.5607E-18
0.1839	0.6004E-18
0.1943	0.6425E-18
0.2052	0.6873E-18
0.2168	0.7348E-18
0.2291	0.7853E-18
0.2421	0.8388E-18
0.2559	0.8956E-18
0.2705	0.9558E-18
0.2860	0.1020E-17
0.3024	0.1087E-17
0.3198	0.1159E-17
0.3383	0.1235E-17
0.3580	0.1316E-17
0.3789	0.1401E-17
0.4011	0.1491E-17
0.4247	0.1587E-17
0.4498	0.1689E-17
0.4764	0.1796E-17
0.5048	0.1910E-17
0.5350	0.2031E-17
0.5672	0.2158E-17
0.6014	0.2293E-17
0.6378	0.2437E-17
0.6764	0.2589E-17
0.7176	0.2749E-17
0.7613	0.2920E-17
0.8079	0.3100E-17
0.8573	0.3291E-17
0.9099	0.3494E-17
0.9658	0.3709E-17
1.025	0.3937E-17
1.088	0.4178E-17
1.155	0.4434E-17
1.227	0.4705E-17
1.303	0.4992E-17
1.384	0.5297E-17
1.470	0.5620E-17
1.562	0.5962E-17
1.660	0.6325E-17
1.766	0.6710E-17
1.878	0.7118E-17
1.999	0.7551E-17
2.129	0.8009E-17
2.270	0.8495E-17
2.422	0.9010E-17
2.587	0.9555E-17
2.767	0.1013E-16
2.965	0.1075E-16
3.184	0.1139E-16
3.427	0.1208E-16
3.700	0.1281E-16
4.012	0.1358E-16
4.370	0.1440E-16
4.788	0.1527E-16
5.287	0.1619E-16
5.895	0.1717E-16
6.660	0.1820E-16
7.653	0.1931E-16
8.993	0.2048E-16
10.86	0.2173E-16
13.48	0.2304E-16
17.12	0.2442E-16
21.92	0.2586E-16
27.94	0.2734E-16
35.22	0.2886E-16
43.78	0.3043E-16
53.69	0.3205E-16
64.99	0.3370E-16
77.65	0.3539E-16
91.78	0.3712E-16
107.3	0.3889E-16
124.1	0.4068E-16
142.2	0.4251E-16
161.5	0.4435E-16
182.0	0.4623E-16
203.4	0.4813E-16
225.8	0.5005E-16
249.0	0.5201E-16
272.9	0.5399E-16
297.6	0.5599E-16
322.9	0.5803E-16
348.8	0.6011E-16
375.4	0.6222E-16
402.4	0.6437E-16
429.9	0.6654E-16
457.8	0.6876E-16
486.3	0.7101E-16
515.2	0.7331E-16
544.5	0.7566E-16
574.3	0.7804E-16
604.4	0.8047E-16
634.9	0.8295E-16
665.7	0.8548E-16
697.0	0.8806E-16
728.7	0.9069E-16
760.8	0.9338E-16
793.2	0.9612E-16
826.0	0.9893E-16
859.2	0.1018E-15
892.9	0.1047E-15
926.9	0.1077E-15
961.3	0.1107E-15
996.2	0.1139E-15
1031.	0.1171E-15
1067.	0.1203E-15
1103.	0.1237E-15
1140.	0.1271E-15
1177.	0.1306E-15
1215.	0.1341E-15
1253.	0.1378E-15
1292.	0.1416E-15
1331.	0.1454E-15
1370.	0.1493E-15
1411.	0.1533E-15
1451.	0.1575E-15
1493.	0.1617E-15
1535.	0.1660E-15
1577.	0.1705E-15
1621.	0.1750E-15
1664.	0.1797E-15
1709.	0.1844E-15
1754.	0.1893E-15
1800.	0.1943E-15
1847.	0.1995E-15
1894.	0.2048E-15
1942.	0.2102E-15
1990.	0.2157E-15
2040.	0.2214E-15
2090.	0.2272E-15
2141.	0.2331E-15
2193.	0.2392E-15
2246.	0.2455E-15
2299.	0.2519E-15
2353.	0.2585E-15
2408.	0.2653E-15
2464.	0.2722E-15
2521.	0.2793E-15
2579.	0.2865E-15
2637.	0.2940E-15
2697.	0.3016E-15
2757.	0.3094E-15
2818.	0.3174E-15
2880.	0.3256E-15
2944.	0.3340E-15
3008.	0.3426E-15
3073.	0.3514E-15
3139.	0.3604E-15
3205.	0.3697E-15
3274.	0.3791E-15
3342.	0.3888E-15
3412.	0.3987E-15
3483.	0.4089E-15
3555.	0.4192E-15
 
 
E/N (Td)	Inelastic power loss /N (eV m3/s)
0.4396E-02	0.2622E-24
0.6080E-02	0.3779E-24
0.7576E-02	0.5385E-24
0.8988E-02	0.7611E-24
0.1038E-01	0.1069E-23
0.1176E-01	0.1492E-23
0.1316E-01	0.2067E-23
0.1460E-01	0.2846E-23
0.1606E-01	0.3882E-23
0.1759E-01	0.5276E-23
0.1916E-01	0.7118E-23
0.2079E-01	0.9543E-23
0.2249E-01	0.1272E-22
0.2426E-01	0.1684E-22
0.2608E-01	0.2217E-22
0.2802E-01	0.2904E-22
0.3004E-01	0.3781E-22
0.3216E-01	0.4895E-22
0.3439E-01	0.6303E-22
0.3671E-01	0.8073E-22
0.3916E-01	0.1029E-21
0.4172E-01	0.1304E-21
0.4441E-01	0.1645E-21
0.4723E-01	0.2065E-21
0.5020E-01	0.2579E-21
0.5332E-01	0.3207E-21
0.5659E-01	0.3970E-21
0.6003E-01	0.4892E-21
0.6365E-01	0.6001E-21
0.6746E-01	0.7331E-21
0.7146E-01	0.8918E-21
0.7568E-01	0.1080E-20
0.8011E-01	0.1304E-20
0.8478E-01	0.1567E-20
0.8969E-01	0.1876E-20
0.9486E-01	0.2238E-20
0.1003	0.2660E-20
0.1061	0.3150E-20
0.1121	0.3718E-20
0.1185	0.4373E-20
0.1252	0.5126E-20
0.1323	0.5990E-20
0.1398	0.6977E-20
0.1477	0.8101E-20
0.1560	0.9379E-20
0.1648	0.1083E-19
0.1741	0.1246E-19
0.1839	0.1431E-19
0.1943	0.1638E-19
0.2052	0.1870E-19
0.2168	0.2130E-19
0.2291	0.2419E-19
0.2421	0.2742E-19
0.2559	0.3100E-19
0.2705	0.3497E-19
0.2860	0.3937E-19
0.3024	0.4422E-19
0.3198	0.4957E-19
0.3383	0.5546E-19
0.3580	0.6194E-19
0.3789	0.6904E-19
0.4011	0.7682E-19
0.4247	0.8535E-19
0.4498	0.9467E-19
0.4764	0.1049E-18
0.5048	0.1160E-18
0.5350	0.1281E-18
0.5672	0.1414E-18
0.6014	0.1559E-18
0.6378	0.1717E-18
0.6764	0.1889E-18
0.7176	0.2078E-18
0.7613	0.2285E-18
0.8079	0.2512E-18
0.8573	0.2761E-18
0.9099	0.3036E-18
0.9658	0.3341E-18
1.025	0.3678E-18
1.088	0.4055E-18
1.155	0.4477E-18
1.227	0.4953E-18
1.303	0.5493E-18
1.384	0.6110E-18
1.470	0.6820E-18
1.562	0.7643E-18
1.660	0.8604E-18
1.766	0.9737E-18
1.878	0.1108E-17
1.999	0.1270E-17
2.129	0.1465E-17
2.270	0.1702E-17
2.422	0.1993E-17
2.587	0.2354E-17
2.767	0.2804E-17
2.965	0.3371E-17
3.184	0.4090E-17
3.427	0.5013E-17
3.700	0.6209E-17
4.012	0.7788E-17
4.370	0.9887E-17
4.788	0.1274E-16
5.287	0.1669E-16
5.895	0.2232E-16
6.660	0.3063E-16
7.653	0.4337E-16
8.993	0.6386E-16
10.86	0.9825E-16
13.48	0.1576E-15
17.12	0.2592E-15
21.92	0.4257E-15
27.94	0.6835E-15
35.22	0.1063E-14
43.78	0.1600E-14
53.69	0.2336E-14
64.99	0.3316E-14
77.65	0.4582E-14
91.78	0.6191E-14
107.3	0.8185E-14
124.1	0.1061E-13
142.2	0.1349E-13
161.5	0.1688E-13
182.0	0.2079E-13
203.4	0.2523E-13
225.8	0.3023E-13
249.0	0.3579E-13
272.9	0.4192E-13
297.6	0.4863E-13
322.9	0.5589E-13
348.8	0.6377E-13
375.4	0.7223E-13
402.4	0.8125E-13
429.9	0.9080E-13
457.8	0.1010E-12
486.3	0.1117E-12
515.2	0.1230E-12
544.5	0.1348E-12
574.3	0.1473E-12
604.4	0.1602E-12
634.9	0.1737E-12
665.7	0.1878E-12
697.0	0.2024E-12
728.7	0.2175E-12
760.8	0.2331E-12
793.2	0.2492E-12
826.0	0.2658E-12
859.2	0.2829E-12
892.9	0.3005E-12
926.9	0.3186E-12
961.3	0.3372E-12
996.2	0.3562E-12
1031.	0.3757E-12
1067.	0.3956E-12
1103.	0.4160E-12
1140.	0.4368E-12
1177.	0.4580E-12
1215.	0.4797E-12
1253.	0.5018E-12
1292.	0.5242E-12
1331.	0.5471E-12
1370.	0.5704E-12
1411.	0.5940E-12
1451.	0.6180E-12
1493.	0.6425E-12
1535.	0.6672E-12
1577.	0.6923E-12
1621.	0.7178E-12
1664.	0.7436E-12
1709.	0.7697E-12
1754.	0.7961E-12
1800.	0.8229E-12
1847.	0.8500E-12
1894.	0.8773E-12
1942.	0.9050E-12
1990.	0.9329E-12
2040.	0.9611E-12
2090.	0.9894E-12
2141.	0.1018E-11
2193.	0.1047E-11
2246.	0.1076E-11
2299.	0.1105E-11
2353.	0.1135E-11
2408.	0.1165E-11
2464.	0.1195E-11
2521.	0.1225E-11
2579.	0.1255E-11
2637.	0.1285E-11
2697.	0.1316E-11
2757.	0.1346E-11
2818.	0.1377E-11
2880.	0.1408E-11
2944.	0.1439E-11
3008.	0.1470E-11
3073.	0.1501E-11
3139.	0.1532E-11
3205.	0.1563E-11
3274.	0.1594E-11
3342.	0.1625E-11
3412.	0.1656E-11
3483.	0.1687E-11
3555.	0.1718E-11
 
 
E/N (Td)	Growth power /N (eV m3/s)
0.4396E-02	0.2498E-25
0.6080E-02	0.3688E-25
0.7576E-02	0.5384E-25
0.8988E-02	0.7796E-25
0.1038E-01	0.1122E-24
0.1176E-01	0.1604E-24
0.1316E-01	0.2277E-24
0.1460E-01	0.3213E-24
0.1606E-01	0.4489E-24
0.1759E-01	0.6251E-24
0.1916E-01	0.8641E-24
0.2079E-01	0.1187E-23
0.2249E-01	0.1621E-23
0.2426E-01	0.2199E-23
0.2608E-01	0.2965E-23
0.2802E-01	0.3980E-23
0.3004E-01	0.5309E-23
0.3216E-01	0.7042E-23
0.3439E-01	0.9291E-23
0.3671E-01	0.1219E-22
0.3916E-01	0.1592E-22
0.4172E-01	0.2067E-22
0.4441E-01	0.2672E-22
0.4723E-01	0.3436E-22
0.5020E-01	0.4398E-22
0.5332E-01	0.5603E-22
0.5659E-01	0.7105E-22
0.6003E-01	0.8970E-22
0.6365E-01	0.1127E-21
0.6746E-01	0.1411E-21
0.7146E-01	0.1759E-21
0.7568E-01	0.2183E-21
0.8011E-01	0.2699E-21
0.8478E-01	0.3323E-21
0.8969E-01	0.4077E-21
0.9486E-01	0.4983E-21
0.1003	0.6067E-21
0.1061	0.7362E-21
0.1121	0.8902E-21
0.1185	0.1073E-20
0.1252	0.1288E-20
0.1323	0.1542E-20
0.1398	0.1841E-20
0.1477	0.2190E-20
0.1560	0.2598E-20
0.1648	0.3072E-20
0.1741	0.3623E-20
0.1839	0.4261E-20
0.1943	0.4997E-20
0.2052	0.5846E-20
0.2168	0.6820E-20
0.2291	0.7938E-20
0.2421	0.9216E-20
0.2559	0.1067E-19
0.2705	0.1234E-19
0.2860	0.1422E-19
0.3024	0.1636E-19
0.3198	0.1879E-19
0.3383	0.2153E-19
0.3580	0.2462E-19
0.3789	0.2810E-19
0.4011	0.3201E-19
0.4247	0.3640E-19
0.4498	0.4132E-19
0.4764	0.4683E-19
0.5048	0.5299E-19
0.5350	0.5986E-19
0.5672	0.6752E-19
0.6014	0.7605E-19
0.6378	0.8554E-19
0.6764	0.9608E-19
0.7176	0.1078E-18
0.7613	0.1207E-18
0.8079	0.1351E-18
0.8573	0.1509E-18
0.9099	0.1685E-18
0.9658	0.1878E-18
1.025	0.2092E-18
1.088	0.2326E-18
1.155	0.2585E-18
1.227	0.2869E-18
1.303	0.3181E-18
1.384	0.3523E-18
1.470	0.3897E-18
1.562	0.4307E-18
1.660	0.4755E-18
1.766	0.5245E-18
1.878	0.5778E-18
1.999	0.6359E-18
2.129	0.6991E-18
2.270	0.7677E-18
2.422	0.8422E-18
2.587	0.9229E-18
2.767	0.1010E-17
2.965	0.1105E-17
3.184	0.1206E-17
3.427	0.1316E-17
3.700	0.1434E-17
4.012	0.1561E-17
4.370	0.1697E-17
4.788	0.1842E-17
5.287	0.1998E-17
5.895	0.2163E-17
6.660	0.2339E-17
7.653	0.2525E-17
8.993	0.2721E-17
10.86	0.2926E-17
13.48	0.3143E-17
17.12	0.3407E-17
21.92	0.3930E-17
27.94	0.5580E-17
35.22	0.1080E-16
43.78	0.2470E-16
53.69	0.5598E-16
64.99	0.1173E-15
77.65	0.2248E-15
91.78	0.3993E-15
107.3	0.6628E-15
124.1	0.1040E-14
142.2	0.1556E-14
161.5	0.2236E-14
182.0	0.3109E-14
203.4	0.4195E-14
225.8	0.5520E-14
249.0	0.7109E-14
272.9	0.8986E-14
297.6	0.1117E-13
322.9	0.1369E-13
348.8	0.1658E-13
375.4	0.1986E-13
402.4	0.2354E-13
429.9	0.2763E-13
457.8	0.3221E-13
486.3	0.3727E-13
515.2	0.4284E-13
544.5	0.4897E-13
574.3	0.5566E-13
604.4	0.6296E-13
634.9	0.7090E-13
665.7	0.7951E-13
697.0	0.8881E-13
728.7	0.9884E-13
760.8	0.1096E-12
793.2	0.1213E-12
826.0	0.1337E-12
859.2	0.1471E-12
892.9	0.1613E-12
926.9	0.1765E-12
961.3	0.1928E-12
996.2	0.2101E-12
1031.	0.2284E-12
1067.	0.2480E-12
1103.	0.2687E-12
1140.	0.2907E-12
1177.	0.3140E-12
1215.	0.3386E-12
1253.	0.3646E-12
1292.	0.3922E-12
1331.	0.4212E-12
1370.	0.4519E-12
1411.	0.4842E-12
1451.	0.5182E-12
1493.	0.5541E-12
1535.	0.5917E-12
1577.	0.6314E-12
1621.	0.6730E-12
1664.	0.7168E-12
1709.	0.7627E-12
1754.	0.8109E-12
1800.	0.8614E-12
1847.	0.9144E-12
1894.	0.9698E-12
1942.	0.1028E-11
1990.	0.1089E-11
2040.	0.1152E-11
2090.	0.1219E-11
2141.	0.1288E-11
2193.	0.1361E-11
2246.	0.1437E-11
2299.	0.1516E-11
2353.	0.1598E-11
2408.	0.1684E-11
2464.	0.1774E-11
2521.	0.1868E-11
2579.	0.1965E-11
2637.	0.2066E-11
2697.	0.2172E-11
2757.	0.2281E-11
2818.	0.2396E-11
2880.	0.2515E-11
2944.	0.2638E-11
3008.	0.2766E-11
3073.	0.2899E-11
3139.	0.3037E-11
3205.	0.3181E-11
3274.	0.3331E-11
3342.	0.3484E-11
3412.	0.3645E-11
3483.	0.3811E-11
3555.	0.3983E-11
 
 
E/N (Td)	e-i power loss /N (eV m3/s)
0.4396E-02	0.5928E-22
0.6080E-02	0.1024E-21
0.7576E-02	0.1446E-21
0.8988E-02	0.1853E-21
0.1038E-01	0.2245E-21
0.1176E-01	0.2619E-21
0.1316E-01	0.2980E-21
0.1460E-01	0.3329E-21
0.1606E-01	0.3662E-21
0.1759E-01	0.3975E-21
0.1916E-01	0.4282E-21
0.2079E-01	0.4578E-21
0.2249E-01	0.4862E-21
0.2426E-01	0.5133E-21
0.2608E-01	0.5338E-21
0.2802E-01	0.5586E-21
0.3004E-01	0.5824E-21
0.3216E-01	0.6051E-21
0.3439E-01	0.6269E-21
0.3671E-01	0.6477E-21
0.3916E-01	0.6675E-21
0.4172E-01	0.6864E-21
0.4441E-01	0.7044E-21
0.4723E-01	0.7216E-21
0.5020E-01	0.7380E-21
0.5332E-01	0.7535E-21
0.5659E-01	0.7682E-21
0.6003E-01	0.7822E-21
0.6365E-01	0.7950E-21
0.6746E-01	0.8077E-21
0.7146E-01	0.8197E-21
0.7568E-01	0.8311E-21
0.8011E-01	0.8418E-21
0.8478E-01	0.8519E-21
0.8969E-01	0.8614E-21
0.9486E-01	0.8704E-21
0.1003	0.8787E-21
0.1061	0.8865E-21
0.1121	0.8937E-21
0.1185	0.9005E-21
0.1252	0.9067E-21
0.1323	0.9125E-21
0.1398	0.9177E-21
0.1477	0.9225E-21
0.1560	0.9269E-21
0.1648	0.9308E-21
0.1741	0.9343E-21
0.1839	0.9374E-21
0.1943	0.9400E-21
0.2052	0.9423E-21
0.2168	0.9442E-21
0.2291	0.9457E-21
0.2421	0.9469E-21
0.2559	0.9477E-21
0.2705	0.9482E-21
0.2860	0.9483E-21
0.3024	0.9480E-21
0.3198	0.9474E-21
0.3383	0.9465E-21
0.3580	0.9453E-21
0.3789	0.9438E-21
0.4011	0.9419E-21
0.4247	0.9397E-21
0.4498	0.9372E-21
0.4764	0.9344E-21
0.5048	0.9314E-21
0.5350	0.9280E-21
0.5672	0.9244E-21
0.6014	0.9204E-21
0.6378	0.9162E-21
0.6764	0.9118E-21
0.7176	0.9071E-21
0.7613	0.9022E-21
0.8079	0.8971E-21
0.8573	0.8917E-21
0.9099	0.8862E-21
0.9658	0.8804E-21
1.025	0.8746E-21
1.088	0.8685E-21
1.155	0.8623E-21
1.227	0.8560E-21
1.303	0.8496E-21
1.384	0.8431E-21
1.470	0.8365E-21
1.562	0.8299E-21
1.660	0.8232E-21
1.766	0.8164E-21
1.878	0.8096E-21
1.999	0.8027E-21
2.129	0.7959E-21
2.270	0.7890E-21
2.422	0.7821E-21
2.587	0.7752E-21
2.767	0.7684E-21
2.965	0.7615E-21
3.184	0.7547E-21
3.427	0.7480E-21
3.700	0.7413E-21
4.012	0.7346E-21
4.370	0.7280E-21
4.788	0.7214E-21
5.287	0.7150E-21
5.895	0.7087E-21
6.660	0.7026E-21
7.653	0.6966E-21
8.993	0.6908E-21
10.86	0.6851E-21
13.48	0.6795E-21
17.12	0.6740E-21
21.92	0.6685E-21
27.94	0.6631E-21
35.22	0.6576E-21
43.78	0.6523E-21
53.69	0.6470E-21
64.99	0.6419E-21
77.65	0.6370E-21
91.78	0.6321E-21
107.3	0.6273E-21
124.1	0.6226E-21
142.2	0.6179E-21
161.5	0.6133E-21
182.0	0.6087E-21
203.4	0.6042E-21
225.8	0.5998E-21
249.0	0.5954E-21
272.9	0.5911E-21
297.6	0.5868E-21
322.9	0.5825E-21
348.8	0.5783E-21
375.4	0.5741E-21
402.4	0.5699E-21
429.9	0.5658E-21
457.8	0.5618E-21
486.3	0.5578E-21
515.2	0.5538E-21
544.5	0.5498E-21
574.3	0.5459E-21
604.4	0.5420E-21
634.9	0.5383E-21
665.7	0.5345E-21
697.0	0.5307E-21
728.7	0.5269E-21
760.8	0.5232E-21
793.2	0.5195E-21
826.0	0.5158E-21
859.2	0.5122E-21
892.9	0.5086E-21
926.9	0.5049E-21
961.3	0.5014E-21
996.2	0.4978E-21
1031.	0.4942E-21
1067.	0.4907E-21
1103.	0.4872E-21
1140.	0.4837E-21
1177.	0.4802E-21
1215.	0.4767E-21
1253.	0.4732E-21
1292.	0.4698E-21
1331.	0.4664E-21
1370.	0.4629E-21
1411.	0.4595E-21
1451.	0.4561E-21
1493.	0.4527E-21
1535.	0.4493E-21
1577.	0.4459E-21
1621.	0.4426E-21
1664.	0.4392E-21
1709.	0.4359E-21
1754.	0.4326E-21
1800.	0.4293E-21
1847.	0.4260E-21
1894.	0.4227E-21
1942.	0.4194E-21
1990.	0.4161E-21
2040.	0.4129E-21
2090.	0.4096E-21
2141.	0.4064E-21
2193.	0.4032E-21
2246.	0.4000E-21
2299.	0.3968E-21
2353.	0.3936E-21
2408.	0.3904E-21
2464.	0.3873E-21
2521.	0.3842E-21
2579.	0.3810E-21
2637.	0.3780E-21
2697.	0.3749E-21
2757.	0.3718E-21
2818.	0.3687E-21
2880.	0.3657E-21
2944.	0.3627E-21
3008.	0.3597E-21
3073.	0.3568E-21
3139.	0.3538E-21
3205.	0.3508E-21
3274.	0.3479E-21
3342.	0.3450E-21
3412.	0.3421E-21
3483.	0.3393E-21
3555.	0.3364E-21
 
 
E/N (Td)	Coulomb logarithm
0.4396E-02	8.928
0.6080E-02	8.964
0.7576E-02	9.001
0.8988E-02	9.037
0.1038E-01	9.074
0.1176E-01	9.110
0.1316E-01	9.146
0.1460E-01	9.183
0.1606E-01	9.219
0.1759E-01	9.256
0.1916E-01	9.292
0.2079E-01	9.328
0.2249E-01	9.365
0.2426E-01	9.401
0.2608E-01	9.437
0.2802E-01	9.474
0.3004E-01	9.510
0.3216E-01	9.547
0.3439E-01	9.583
0.3671E-01	9.619
0.3916E-01	9.656
0.4172E-01	9.692
0.4441E-01	9.729
0.4723E-01	9.765
0.5020E-01	9.801
0.5332E-01	9.838
0.5659E-01	9.874
0.6003E-01	9.911
0.6365E-01	9.947
0.6746E-01	9.983
0.7146E-01	10.02
0.7568E-01	10.06
0.8011E-01	10.09
0.8478E-01	10.13
0.8969E-01	10.17
0.9486E-01	10.20
0.1003	10.24
0.1061	10.27
0.1121	10.31
0.1185	10.35
0.1252	10.38
0.1323	10.42
0.1398	10.46
0.1477	10.49
0.1560	10.53
0.1648	10.57
0.1741	10.60
0.1839	10.64
0.1943	10.67
0.2052	10.71
0.2168	10.75
0.2291	10.78
0.2421	10.82
0.2559	10.86
0.2705	10.89
0.2860	10.93
0.3024	10.97
0.3198	11.00
0.3383	11.04
0.3580	11.08
0.3789	11.11
0.4011	11.15
0.4247	11.18
0.4498	11.22
0.4764	11.26
0.5048	11.29
0.5350	11.33
0.5672	11.37
0.6014	11.40
0.6378	11.44
0.6764	11.48
0.7176	11.51
0.7613	11.55
0.8079	11.58
0.8573	11.62
0.9099	11.66
0.9658	11.69
1.025	11.73
1.088	11.77
1.155	11.80
1.227	11.84
1.303	11.88
1.384	11.91
1.470	11.95
1.562	11.99
1.660	12.02
1.766	12.06
1.878	12.09
1.999	12.13
2.129	12.17
2.270	12.20
2.422	12.24
2.587	12.28
2.767	12.31
2.965	12.35
3.184	12.39
3.427	12.42
3.700	12.46
4.012	12.49
4.370	12.53
4.788	12.57
5.287	12.60
5.895	12.64
6.660	12.68
7.653	12.71
8.993	12.75
10.86	12.79
13.48	12.82
17.12	12.86
21.92	12.89
27.94	12.93
35.22	12.97
43.78	13.00
53.69	13.04
64.99	13.08
77.65	13.11
91.78	13.15
107.3	13.19
124.1	13.22
142.2	13.26
161.5	13.30
182.0	13.33
203.4	13.37
225.8	13.40
249.0	13.44
272.9	13.48
297.6	13.51
322.9	13.55
348.8	13.59
375.4	13.62
402.4	13.66
429.9	13.70
457.8	13.73
486.3	13.77
515.2	13.80
544.5	13.84
574.3	13.88
604.4	13.91
634.9	13.95
665.7	13.99
697.0	14.02
728.7	14.06
760.8	14.10
793.2	14.13
826.0	14.17
859.2	14.21
892.9	14.24
926.9	14.28
961.3	14.31
996.2	14.35
1031.	14.39
1067.	14.42
1103.	14.46
1140.	14.50
1177.	14.53
1215.	14.57
1253.	14.61
1292.	14.64
1331.	14.68
1370.	14.71
1411.	14.75
1451.	14.79
1493.	14.82
1535.	14.86
1577.	14.90
1621.	14.93
1664.	14.97
1709.	15.01
1754.	15.04
1800.	15.08
1847.	15.12
1894.	15.15
1942.	15.19
1990.	15.22
2040.	15.26
2090.	15.30
2141.	15.33
2193.	15.37
2246.	15.41
2299.	15.44
2353.	15.48
2408.	15.52
2464.	15.55
2521.	15.59
2579.	15.62
2637.	15.66
2697.	15.70
2757.	15.73
2818.	15.77
2880.	15.81
2944.	15.84
3008.	15.88
3073.	15.92
3139.	15.95
3205.	15.99
3274.	16.03
3342.	16.06
3412.	16.10
3483.	16.13
3555.	16.17
 
 
E/N (Td)	Maximum energy
0.4396E-02	6.211
0.6080E-02	7.398
0.7576E-02	7.398
0.8988E-02	7.398
0.1038E-01	7.403
0.1176E-01	7.531
0.1316E-01	7.606
0.1460E-01	7.610
0.1606E-01	7.616
0.1759E-01	7.927
0.1916E-01	7.934
0.2079E-01	7.941
0.2249E-01	7.950
0.2426E-01	7.959
0.2608E-01	9.492
0.2802E-01	9.506
0.3004E-01	9.521
0.3216E-01	9.538
0.3439E-01	9.557
0.3671E-01	9.578
0.3916E-01	9.601
0.4172E-01	9.626
0.4441E-01	9.654
0.4723E-01	9.684
0.5020E-01	9.717
0.5332E-01	9.753
0.5659E-01	9.792
0.6003E-01	9.834
0.6365E-01	11.77
0.6746E-01	11.83
0.7146E-01	11.89
0.7568E-01	11.96
0.8011E-01	12.03
0.8478E-01	12.11
0.8969E-01	12.19
0.9486E-01	12.28
0.1003	12.38
0.1061	12.48
0.1121	12.59
0.1185	12.70
0.1252	12.83
0.1323	13.39
0.1398	13.53
0.1477	13.69
0.1560	13.85
0.1648	14.03
0.1741	14.22
0.1839	14.43
0.1943	14.59
0.2052	14.67
0.2168	14.75
0.2291	14.85
0.2421	12.57
0.2559	12.65
0.2705	12.75
0.2860	12.85
0.3024	12.97
0.3198	13.08
0.3383	13.21
0.3580	13.35
0.3789	13.49
0.4011	13.65
0.4247	13.81
0.4498	13.99
0.4764	14.17
0.5048	14.37
0.5350	14.57
0.5672	14.80
0.6014	15.03
0.6378	15.28
0.6764	15.51
0.7176	16.09
0.7613	16.30
0.8079	13.91
0.8573	14.10
0.9099	14.23
0.9658	14.37
1.025	14.54
1.088	14.66
1.155	14.80
1.227	14.94
1.303	15.11
1.384	15.24
1.470	15.35
1.562	15.66
1.660	15.76
1.766	15.89
1.878	16.04
1.999	16.16
2.129	16.29
2.270	16.48
2.422	16.60
2.587	16.75
2.767	16.90
2.965	17.19
3.184	17.37
3.427	17.55
3.700	17.74
4.012	18.01
4.370	18.18
4.788	18.55
5.287	18.86
5.895	19.17
6.660	19.69
7.653	20.14
8.993	17.47
10.86	18.32
13.48	19.21
17.12	20.38
21.92	21.79
27.94	23.74
35.22	25.67
43.78	27.86
53.69	30.18
64.99	33.45
77.65	36.24
91.78	39.22
107.3	43.49
124.1	46.78
142.2	51.15
161.5	55.52
182.0	60.59
203.4	66.37
225.8	72.92
249.0	77.29
272.9	85.07
297.6	90.11
322.9	95.36
348.8	105.3
375.4	111.4
402.4	117.7
429.9	124.1
457.8	136.7
486.3	143.8
515.2	151.1
544.5	158.7
574.3	166.6
604.4	184.1
634.9	193.2
665.7	202.8
697.0	212.7
728.7	223.0
760.8	233.6
793.2	244.6
826.0	302.6
859.2	316.4
892.9	297.7
926.9	311.6
961.3	326.0
996.2	340.9
1031.	356.5
1067.	372.8
1103.	389.6
1140.	407.1
1177.	425.4
1215.	444.5
1253.	464.6
1292.	485.5
1331.	506.7
1370.	528.4
1411.	550.7
1451.	678.4
1493.	706.7
1535.	674.8
1577.	704.0
1621.	734.6
1664.	766.5
1709.	799.5
1754.	834.2
1800.	870.6
1847.	908.2
1894.	947.6
1942.	989.3
1990.	1032.
2040.	1077.
2090.	1124.
2141.	1174.
2193.	1225.
2246.	1279.
2299.	1336.
2353.	1395.
2408.	1459.
2464.	1526.
2521.	1597.
2579.	1671.
2637.	1750.
2697.	1834.
2757.	1919.
2818.	2011.
2880.	2109.
2944.	2211.
3008.	2095.
3073.	2175.
3139.	2256.
3205.	2342.
3274.	2407.
3342.	2496.
3412.	2593.
3483.	2705.
3555.	2811.
 
 
E/N (Td)	# of iterations
0.4396E-02	81.00
0.6080E-02	272.0
0.7576E-02	255.0
0.8988E-02	246.0
0.1038E-01	230.0
0.1176E-01	219.0
0.1316E-01	213.0
0.1460E-01	183.0
0.1606E-01	99.00
0.1759E-01	89.00
0.1916E-01	92.00
0.2079E-01	91.00
0.2249E-01	89.00
0.2426E-01	87.00
0.2608E-01	202.0
0.2802E-01	193.0
0.3004E-01	186.0
0.3216E-01	110.0
0.3439E-01	110.0
0.3671E-01	109.0
0.3916E-01	107.0
0.4172E-01	106.0
0.4441E-01	105.0
0.4723E-01	102.0
0.5020E-01	102.0
0.5332E-01	100.0
0.5659E-01	98.00
0.6003E-01	98.00
0.6365E-01	122.0
0.6746E-01	123.0
0.7146E-01	130.0
0.7568E-01	168.0
0.8011E-01	170.0
0.8478E-01	165.0
0.8969E-01	163.0
0.9486E-01	158.0
0.1003	157.0
0.1061	162.0
0.1121	152.0
0.1185	155.0
0.1252	150.0
0.1323	146.0
0.1398	149.0
0.1477	146.0
0.1560	141.0
0.1648	140.0
0.1741	141.0
0.1839	136.0
0.1943	135.0
0.2052	136.0
0.2168	135.0
0.2291	129.0
0.2421	112.0
0.2559	112.0
0.2705	110.0
0.2860	105.0
0.3024	111.0
0.3198	136.0
0.3383	133.0
0.3580	131.0
0.3789	130.0
0.4011	131.0
0.4247	126.0
0.4498	123.0
0.4764	123.0
0.5048	124.0
0.5350	121.0
0.5672	121.0
0.6014	135.0
0.6378	135.0
0.6764	132.0
0.7176	108.0
0.7613	110.0
0.8079	81.00
0.8573	81.00
0.9099	80.00
0.9658	84.00
1.025	98.00
1.088	101.0
1.155	114.0
1.227	123.0
1.303	132.0
1.384	141.0
1.470	153.0
1.562	163.0
1.660	164.0
1.766	176.0
1.878	189.0
1.999	198.0
2.129	201.0
2.270	225.0
2.422	199.0
2.587	32.00
2.767	201.0
2.965	128.0
3.184	173.0
3.427	209.0
3.700	128.0
4.012	14.00
4.370	14.00
4.788	12.00
5.287	14.00
5.895	14.00
6.660	12.00
7.653	13.00
8.993	6.000
10.86	123.0
13.48	5.000
17.12	105.0
21.92	8.000
27.94	5.000
35.22	11.00
43.78	6.000
53.69	5.000
64.99	5.000
77.65	7.000
91.78	7.000
107.3	7.000
124.1	7.000
142.2	7.000
161.5	7.000
182.0	7.000
203.4	7.000
225.8	7.000
249.0	29.00
272.9	9.000
297.6	9.000
322.9	9.000
348.8	9.000
375.4	9.000
402.4	9.000
429.9	9.000
457.8	9.000
486.3	9.000
515.2	9.000
544.5	9.000
574.3	9.000
604.4	7.000
634.9	7.000
665.7	9.000
697.0	9.000
728.7	9.000
760.8	9.000
793.2	9.000
826.0	19.00
859.2	18.00
892.9	8.000
926.9	7.000
961.3	8.000
996.2	10.00
1031.	11.00
1067.	11.00
1103.	9.000
1140.	9.000
1177.	9.000
1215.	9.000
1253.	9.000
1292.	9.000
1331.	9.000
1370.	9.000
1411.	10.00
1451.	19.00
1493.	19.00
1535.	9.000
1577.	9.000
1621.	10.00
1664.	10.00
1709.	9.000
1754.	10.00
1800.	10.00
1847.	10.00
1894.	10.00
1942.	10.00
1990.	9.000
2040.	10.00
2090.	11.00
2141.	11.00
2193.	11.00
2246.	11.00
2299.	11.00
2353.	11.00
2408.	11.00
2464.	11.00
2521.	11.00
2579.	11.00
2637.	12.00
2697.	12.00
2757.	9.000
2818.	12.00
2880.	12.00
2944.	12.00
3008.	24.00
3073.	24.00
3139.	25.00
3205.	25.00
3274.	25.00
3342.	25.00
3412.	23.00
3483.	23.00
3555.	23.00
 
 
E/N (Td)	# of grid trials
0.4396E-02	1.000
0.6080E-02	2.000
0.7576E-02	2.000
0.8988E-02	2.000
0.1038E-01	2.000
0.1176E-01	2.000
0.1316E-01	2.000
0.1460E-01	2.000
0.1606E-01	2.000
0.1759E-01	2.000
0.1916E-01	2.000
0.2079E-01	2.000
0.2249E-01	2.000
0.2426E-01	2.000
0.2608E-01	3.000
0.2802E-01	3.000
0.3004E-01	3.000
0.3216E-01	3.000
0.3439E-01	3.000
0.3671E-01	3.000
0.3916E-01	3.000
0.4172E-01	3.000
0.4441E-01	3.000
0.4723E-01	3.000
0.5020E-01	3.000
0.5332E-01	3.000
0.5659E-01	3.000
0.6003E-01	3.000
0.6365E-01	4.000
0.6746E-01	4.000
0.7146E-01	4.000
0.7568E-01	4.000
0.8011E-01	4.000
0.8478E-01	4.000
0.8969E-01	4.000
0.9486E-01	4.000
0.1003	4.000
0.1061	4.000
0.1121	4.000
0.1185	4.000
0.1252	4.000
0.1323	4.000
0.1398	4.000
0.1477	4.000
0.1560	4.000
0.1648	4.000
0.1741	4.000
0.1839	4.000
0.1943	4.000
0.2052	4.000
0.2168	4.000
0.2291	4.000
0.2421	3.000
0.2559	3.000
0.2705	3.000
0.2860	3.000
0.3024	3.000
0.3198	3.000
0.3383	3.000
0.3580	3.000
0.3789	3.000
0.4011	3.000
0.4247	3.000
0.4498	3.000
0.4764	3.000
0.5048	3.000
0.5350	3.000
0.5672	3.000
0.6014	3.000
0.6378	3.000
0.6764	3.000
0.7176	3.000
0.7613	3.000
0.8079	2.000
0.8573	2.000
0.9099	2.000
0.9658	2.000
1.025	2.000
1.088	2.000
1.155	2.000
1.227	2.000
1.303	2.000
1.384	2.000
1.470	2.000
1.562	2.000
1.660	2.000
1.766	2.000
1.878	2.000
1.999	2.000
2.129	2.000
2.270	2.000
2.422	2.000
2.587	2.000
2.767	2.000
2.965	2.000
3.184	2.000
3.427	2.000
3.700	2.000
4.012	2.000
4.370	2.000
4.788	2.000
5.287	2.000
5.895	2.000
6.660	2.000
7.653	2.000
8.993	1.000
10.86	1.000
13.48	1.000
17.12	1.000
21.92	1.000
27.94	1.000
35.22	1.000
43.78	1.000
53.69	1.000
64.99	1.000
77.65	1.000
91.78	1.000
107.3	1.000
124.1	1.000
142.2	1.000
161.5	1.000
182.0	1.000
203.4	1.000
225.8	1.000
249.0	1.000
272.9	1.000
297.6	1.000
322.9	1.000
348.8	1.000
375.4	1.000
402.4	1.000
429.9	1.000
457.8	1.000
486.3	1.000
515.2	1.000
544.5	1.000
574.3	1.000
604.4	1.000
634.9	1.000
665.7	1.000
697.0	1.000
728.7	1.000
760.8	1.000
793.2	1.000
826.0	2.000
859.2	2.000
892.9	1.000
926.9	1.000
961.3	1.000
996.2	1.000
1031.	1.000
1067.	1.000
1103.	1.000
1140.	1.000
1177.	1.000
1215.	1.000
1253.	1.000
1292.	1.000
1331.	1.000
1370.	1.000
1411.	1.000
1451.	2.000
1493.	2.000
1535.	1.000
1577.	1.000
1621.	1.000
1664.	1.000
1709.	1.000
1754.	1.000
1800.	1.000
1847.	1.000
1894.	1.000
1942.	1.000
1990.	1.000
2040.	1.000
2090.	1.000
2141.	1.000
2193.	1.000
2246.	1.000
2299.	1.000
2353.	1.000
2408.	1.000
2464.	1.000
2521.	1.000
2579.	1.000
2637.	1.000
2697.	1.000
2757.	1.000
2818.	1.000
2880.	1.000
2944.	1.000
3008.	2.000
3073.	2.000
3139.	2.000
3205.	2.000
3274.	2.000
3342.	2.000
3412.	2.000
3483.	2.000
3555.	2.000
 
 
C1    Ar    Elastic                                             
E/N (Td)	Rate coefficient (m3/s)
0.4396E-02	0.2363E-14
0.6080E-02	0.2446E-14
0.7576E-02	0.2534E-14
0.8988E-02	0.2625E-14
0.1038E-01	0.2722E-14
0.1176E-01	0.2822E-14
0.1316E-01	0.2927E-14
0.1460E-01	0.3037E-14
0.1606E-01	0.3151E-14
0.1759E-01	0.3271E-14
0.1916E-01	0.3395E-14
0.2079E-01	0.3525E-14
0.2249E-01	0.3660E-14
0.2426E-01	0.3801E-14
0.2608E-01	0.3947E-14
0.2802E-01	0.4100E-14
0.3004E-01	0.4259E-14
0.3216E-01	0.4424E-14
0.3439E-01	0.4595E-14
0.3671E-01	0.4774E-14
0.3916E-01	0.4959E-14
0.4172E-01	0.5151E-14
0.4441E-01	0.5351E-14
0.4723E-01	0.5559E-14
0.5020E-01	0.5774E-14
0.5332E-01	0.5998E-14
0.5659E-01	0.6230E-14
0.6003E-01	0.6471E-14
0.6365E-01	0.6721E-14
0.6746E-01	0.6981E-14
0.7146E-01	0.7250E-14
0.7568E-01	0.7529E-14
0.8011E-01	0.7819E-14
0.8478E-01	0.8120E-14
0.8969E-01	0.8432E-14
0.9486E-01	0.8755E-14
0.1003	0.9091E-14
0.1061	0.9438E-14
0.1121	0.9799E-14
0.1185	0.1017E-13
0.1252	0.1056E-13
0.1323	0.1096E-13
0.1398	0.1138E-13
0.1477	0.1181E-13
0.1560	0.1226E-13
0.1648	0.1273E-13
0.1741	0.1321E-13
0.1839	0.1371E-13
0.1943	0.1423E-13
0.2052	0.1477E-13
0.2168	0.1533E-13
0.2291	0.1590E-13
0.2421	0.1650E-13
0.2559	0.1713E-13
0.2705	0.1777E-13
0.2860	0.1844E-13
0.3024	0.1913E-13
0.3198	0.1985E-13
0.3383	0.2060E-13
0.3580	0.2137E-13
0.3789	0.2217E-13
0.4011	0.2301E-13
0.4247	0.2387E-13
0.4498	0.2477E-13
0.4764	0.2570E-13
0.5048	0.2666E-13
0.5350	0.2766E-13
0.5672	0.2870E-13
0.6014	0.2978E-13
0.6378	0.3089E-13
0.6764	0.3206E-13
0.7176	0.3326E-13
0.7613	0.3451E-13
0.8079	0.3581E-13
0.8573	0.3716E-13
0.9099	0.3856E-13
0.9658	0.4001E-13
1.025	0.4152E-13
1.088	0.4309E-13
1.155	0.4472E-13
1.227	0.4641E-13
1.303	0.4816E-13
1.384	0.4999E-13
1.470	0.5188E-13
1.562	0.5385E-13
1.660	0.5589E-13
1.766	0.5801E-13
1.878	0.6021E-13
1.999	0.6250E-13
2.129	0.6487E-13
2.270	0.6733E-13
2.422	0.6989E-13
2.587	0.7253E-13
2.767	0.7528E-13
2.965	0.7813E-13
3.184	0.8108E-13
3.427	0.8413E-13
3.700	0.8729E-13
4.012	0.9058E-13
4.370	0.9397E-13
4.788	0.9748E-13
5.287	0.1011E-12
5.895	0.1048E-12
6.660	0.1087E-12
7.653	0.1126E-12
8.993	0.1167E-12
10.86	0.1208E-12
13.48	0.1249E-12
17.12	0.1291E-12
21.92	0.1332E-12
27.94	0.1373E-12
35.22	0.1414E-12
43.78	0.1454E-12
53.69	0.1493E-12
64.99	0.1532E-12
77.65	0.1569E-12
91.78	0.1606E-12
107.3	0.1642E-12
124.1	0.1676E-12
142.2	0.1709E-12
161.5	0.1741E-12
182.0	0.1771E-12
203.4	0.1800E-12
225.8	0.1828E-12
249.0	0.1855E-12
272.9	0.1880E-12
297.6	0.1905E-12
322.9	0.1928E-12
348.8	0.1950E-12
375.4	0.1971E-12
402.4	0.1990E-12
429.9	0.2009E-12
457.8	0.2027E-12
486.3	0.2043E-12
515.2	0.2059E-12
544.5	0.2074E-12
574.3	0.2088E-12
604.4	0.2100E-12
634.9	0.2112E-12
665.7	0.2123E-12
697.0	0.2133E-12
728.7	0.2142E-12
760.8	0.2150E-12
793.2	0.2158E-12
826.0	0.2165E-12
859.2	0.2170E-12
892.9	0.2176E-12
926.9	0.2180E-12
961.3	0.2184E-12
996.2	0.2187E-12
1031.	0.2189E-12
1067.	0.2190E-12
1103.	0.2191E-12
1140.	0.2192E-12
1177.	0.2191E-12
1215.	0.2191E-12
1253.	0.2189E-12
1292.	0.2187E-12
1331.	0.2185E-12
1370.	0.2181E-12
1411.	0.2178E-12
1451.	0.2174E-12
1493.	0.2169E-12
1535.	0.2164E-12
1577.	0.2158E-12
1621.	0.2152E-12
1664.	0.2146E-12
1709.	0.2139E-12
1754.	0.2132E-12
1800.	0.2124E-12
1847.	0.2116E-12
1894.	0.2108E-12
1942.	0.2099E-12
1990.	0.2090E-12
2040.	0.2080E-12
2090.	0.2070E-12
2141.	0.2060E-12
2193.	0.2050E-12
2246.	0.2039E-12
2299.	0.2028E-12
2353.	0.2016E-12
2408.	0.2005E-12
2464.	0.1993E-12
2521.	0.1981E-12
2579.	0.1968E-12
2637.	0.1956E-12
2697.	0.1943E-12
2757.	0.1930E-12
2818.	0.1917E-12
2880.	0.1903E-12
2944.	0.1890E-12
3008.	0.1876E-12
3073.	0.1862E-12
3139.	0.1848E-12
3205.	0.1834E-12
3274.	0.1820E-12
3342.	0.1805E-12
3412.	0.1791E-12
3483.	0.1776E-12
3555.	0.1761E-12
 
 
C2    Ar    Excitation    11.55 eV                              
E/N (Td)	Rate coefficient (m3/s)
0.4396E-02	0.000
0.6080E-02	0.000
0.7576E-02	0.000
0.8988E-02	0.000
0.1038E-01	0.000
0.1176E-01	0.000
0.1316E-01	0.000
0.1460E-01	0.000
0.1606E-01	0.000
0.1759E-01	0.000
0.1916E-01	0.000
0.2079E-01	0.000
0.2249E-01	0.000
0.2426E-01	0.000
0.2608E-01	0.000
0.2802E-01	0.000
0.3004E-01	0.000
0.3216E-01	0.000
0.3439E-01	0.000
0.3671E-01	0.000
0.3916E-01	0.000
0.4172E-01	0.000
0.4441E-01	0.000
0.4723E-01	0.000
0.5020E-01	0.000
0.5332E-01	0.000
0.5659E-01	0.000
0.6003E-01	0.000
0.6365E-01	0.5657E-28
0.6746E-01	0.1179E-27
0.7146E-01	0.2238E-27
0.7568E-01	0.3970E-27
0.8011E-01	0.6686E-27
0.8478E-01	0.1084E-26
0.8969E-01	0.1710E-26
0.9486E-01	0.2644E-26
0.1003	0.4031E-26
0.1061	0.6082E-26
0.1121	0.9109E-26
0.1185	0.1356E-25
0.1252	0.2008E-25
0.1323	0.2958E-25
0.1398	0.4339E-25
0.1477	0.6334E-25
0.1560	0.9206E-25
0.1648	0.1332E-24
0.1741	0.1919E-24
0.1839	0.2751E-24
0.1943	0.3928E-24
0.2052	0.5584E-24
0.2168	0.7905E-24
0.2291	0.1115E-23
0.2421	0.1562E-23
0.2559	0.2186E-23
0.2705	0.3046E-23
0.2860	0.4227E-23
0.3024	0.5841E-23
0.3198	0.8038E-23
0.3383	0.1102E-22
0.3580	0.1506E-22
0.3789	0.2050E-22
0.4011	0.2781E-22
0.4247	0.3760E-22
0.4498	0.5069E-22
0.4764	0.6809E-22
0.5048	0.9119E-22
0.5350	0.1218E-21
0.5672	0.1621E-21
0.6014	0.2153E-21
0.6378	0.2852E-21
0.6764	0.3768E-21
0.7176	0.4965E-21
0.7613	0.6529E-21
0.8079	0.8567E-21
0.8573	0.1122E-20
0.9099	0.1466E-20
0.9658	0.1911E-20
1.025	0.2488E-20
1.088	0.3234E-20
1.155	0.4196E-20
1.227	0.5436E-20
1.303	0.7033E-20
1.384	0.9088E-20
1.470	0.1173E-19
1.562	0.1512E-19
1.660	0.1948E-19
1.766	0.2507E-19
1.878	0.3224E-19
1.999	0.4145E-19
2.129	0.5328E-19
2.270	0.6847E-19
2.422	0.8801E-19
2.587	0.1132E-18
2.767	0.1457E-18
2.965	0.1879E-18
3.184	0.2428E-18
3.427	0.3147E-18
3.700	0.4094E-18
4.012	0.5360E-18
4.370	0.7058E-18
4.788	0.9377E-18
5.287	0.1260E-17
5.895	0.1719E-17
6.660	0.2390E-17
7.653	0.3406E-17
8.993	0.5000E-17
10.86	0.7578E-17
13.48	0.1178E-16
17.12	0.1845E-16
21.92	0.2840E-16
27.94	0.4227E-16
35.22	0.6056E-16
43.78	0.8360E-16
53.69	0.1116E-15
64.99	0.1445E-15
77.65	0.1821E-15
91.78	0.2245E-15
107.3	0.2711E-15
124.1	0.3218E-15
142.2	0.3760E-15
161.5	0.4336E-15
182.0	0.4945E-15
203.4	0.5579E-15
225.8	0.6238E-15
249.0	0.6921E-15
272.9	0.7626E-15
297.6	0.8352E-15
322.9	0.9096E-15
348.8	0.9864E-15
375.4	0.1065E-14
402.4	0.1145E-14
429.9	0.1227E-14
457.8	0.1311E-14
486.3	0.1397E-14
515.2	0.1484E-14
544.5	0.1574E-14
574.3	0.1665E-14
604.4	0.1758E-14
634.9	0.1852E-14
665.7	0.1949E-14
697.0	0.2047E-14
728.7	0.2146E-14
760.8	0.2247E-14
793.2	0.2350E-14
826.0	0.2455E-14
859.2	0.2560E-14
892.9	0.2668E-14
926.9	0.2776E-14
961.3	0.2886E-14
996.2	0.2998E-14
1031.	0.3110E-14
1067.	0.3224E-14
1103.	0.3339E-14
1140.	0.3455E-14
1177.	0.3572E-14
1215.	0.3690E-14
1253.	0.3810E-14
1292.	0.3930E-14
1331.	0.4051E-14
1370.	0.4172E-14
1411.	0.4295E-14
1451.	0.4418E-14
1493.	0.4541E-14
1535.	0.4666E-14
1577.	0.4791E-14
1621.	0.4916E-14
1664.	0.5041E-14
1709.	0.5167E-14
1754.	0.5293E-14
1800.	0.5419E-14
1847.	0.5546E-14
1894.	0.5672E-14
1942.	0.5799E-14
1990.	0.5925E-14
2040.	0.6051E-14
2090.	0.6177E-14
2141.	0.6302E-14
2193.	0.6428E-14
2246.	0.6552E-14
2299.	0.6676E-14
2353.	0.6800E-14
2408.	0.6923E-14
2464.	0.7045E-14
2521.	0.7167E-14
2579.	0.7288E-14
2637.	0.7407E-14
2697.	0.7526E-14
2757.	0.7644E-14
2818.	0.7760E-14
2880.	0.7876E-14
2944.	0.7990E-14
3008.	0.8104E-14
3073.	0.8215E-14
3139.	0.8326E-14
3205.	0.8435E-14
3274.	0.8543E-14
3342.	0.8648E-14
3412.	0.8753E-14
3483.	0.8857E-14
3555.	0.8957E-14
 
 
C3    Ar    Excitation    13.00 eV                              
E/N (Td)	Rate coefficient (m3/s)
0.4396E-02	0.000
0.6080E-02	0.000
0.7576E-02	0.000
0.8988E-02	0.000
0.1038E-01	0.000
0.1176E-01	0.000
0.1316E-01	0.000
0.1460E-01	0.000
0.1606E-01	0.000
0.1759E-01	0.000
0.1916E-01	0.000
0.2079E-01	0.000
0.2249E-01	0.000
0.2426E-01	0.000
0.2608E-01	0.000
0.2802E-01	0.000
0.3004E-01	0.000
0.3216E-01	0.000
0.3439E-01	0.000
0.3671E-01	0.000
0.3916E-01	0.000
0.4172E-01	0.000
0.4441E-01	0.000
0.4723E-01	0.000
0.5020E-01	0.000
0.5332E-01	0.000
0.5659E-01	0.000
0.6003E-01	0.000
0.6365E-01	0.000
0.6746E-01	0.000
0.7146E-01	0.000
0.7568E-01	0.000
0.8011E-01	0.000
0.8478E-01	0.000
0.8969E-01	0.000
0.9486E-01	0.000
0.1003	0.000
0.1061	0.000
0.1121	0.000
0.1185	0.000
0.1252	0.000
0.1323	0.2441E-29
0.1398	0.4032E-29
0.1477	0.6291E-29
0.1560	0.9691E-29
0.1648	0.1485E-28
0.1741	0.2265E-28
0.1839	0.3443E-28
0.1943	0.5217E-28
0.2052	0.7870E-28
0.2168	0.1183E-27
0.2291	0.1773E-27
0.2421	0.000
0.2559	0.000
0.2705	0.000
0.2860	0.000
0.3024	0.000
0.3198	0.3157E-27
0.3383	0.1518E-26
0.3580	0.3355E-26
0.3789	0.5610E-26
0.4011	0.8368E-26
0.4247	0.1217E-25
0.4498	0.1758E-25
0.4764	0.2532E-25
0.5048	0.3638E-25
0.5350	0.5215E-25
0.5672	0.7461E-25
0.6014	0.1066E-24
0.6378	0.1520E-24
0.6764	0.2164E-24
0.7176	0.3076E-24
0.7613	0.4368E-24
0.8079	0.6198E-24
0.8573	0.8792E-24
0.9099	0.1246E-23
0.9658	0.1764E-23
1.025	0.2497E-23
1.088	0.3535E-23
1.155	0.5005E-23
1.227	0.7088E-23
1.303	0.1004E-22
1.384	0.1424E-22
1.470	0.2021E-22
1.562	0.2873E-22
1.660	0.4088E-22
1.766	0.5830E-22
1.878	0.8333E-22
1.999	0.1194E-21
2.129	0.1716E-21
2.270	0.2476E-21
2.422	0.3587E-21
2.587	0.5222E-21
2.767	0.7648E-21
2.965	0.1128E-20
3.184	0.1678E-20
3.427	0.2522E-20
3.700	0.3837E-20
4.012	0.5936E-20
4.370	0.9341E-20
4.788	0.1504E-19
5.287	0.2490E-19
5.895	0.4271E-19
6.660	0.7659E-19
7.653	0.1449E-18
8.993	0.2921E-18
10.86	0.6266E-18
13.48	0.1403E-17
17.12	0.3132E-17
21.92	0.6616E-17
27.94	0.1285E-16
35.22	0.2286E-16
43.78	0.3766E-16
53.69	0.5821E-16
64.99	0.8535E-16
77.65	0.1196E-15
91.78	0.1619E-15
107.3	0.2123E-15
124.1	0.2711E-15
142.2	0.3383E-15
161.5	0.4140E-15
182.0	0.4980E-15
203.4	0.5896E-15
225.8	0.6888E-15
249.0	0.7952E-15
272.9	0.9084E-15
297.6	0.1028E-14
322.9	0.1154E-14
348.8	0.1286E-14
375.4	0.1424E-14
402.4	0.1566E-14
429.9	0.1714E-14
457.8	0.1866E-14
486.3	0.2024E-14
515.2	0.2185E-14
544.5	0.2351E-14
574.3	0.2520E-14
604.4	0.2694E-14
634.9	0.2871E-14
665.7	0.3051E-14
697.0	0.3234E-14
728.7	0.3420E-14
760.8	0.3609E-14
793.2	0.3800E-14
826.0	0.3994E-14
859.2	0.4189E-14
892.9	0.4387E-14
926.9	0.4587E-14
961.3	0.4788E-14
996.2	0.4990E-14
1031.	0.5194E-14
1067.	0.5400E-14
1103.	0.5606E-14
1140.	0.5813E-14
1177.	0.6021E-14
1215.	0.6229E-14
1253.	0.6438E-14
1292.	0.6647E-14
1331.	0.6857E-14
1370.	0.7066E-14
1411.	0.7276E-14
1451.	0.7485E-14
1493.	0.7695E-14
1535.	0.7903E-14
1577.	0.8112E-14
1621.	0.8320E-14
1664.	0.8527E-14
1709.	0.8733E-14
1754.	0.8938E-14
1800.	0.9143E-14
1847.	0.9346E-14
1894.	0.9548E-14
1942.	0.9749E-14
1990.	0.9948E-14
2040.	0.1015E-13
2090.	0.1034E-13
2141.	0.1053E-13
2193.	0.1073E-13
2246.	0.1092E-13
2299.	0.1111E-13
2353.	0.1129E-13
2408.	0.1148E-13
2464.	0.1166E-13
2521.	0.1184E-13
2579.	0.1202E-13
2637.	0.1219E-13
2697.	0.1236E-13
2757.	0.1253E-13
2818.	0.1270E-13
2880.	0.1287E-13
2944.	0.1303E-13
3008.	0.1319E-13
3073.	0.1334E-13
3139.	0.1350E-13
3205.	0.1365E-13
3274.	0.1379E-13
3342.	0.1394E-13
3412.	0.1408E-13
3483.	0.1422E-13
3555.	0.1435E-13
 
 
C4    Ar    Excitation    14.00 eV                              
E/N (Td)	Rate coefficient (m3/s)
0.4396E-02	0.000
0.6080E-02	0.000
0.7576E-02	0.000
0.8988E-02	0.000
0.1038E-01	0.000
0.1176E-01	0.000
0.1316E-01	0.000
0.1460E-01	0.000
0.1606E-01	0.000
0.1759E-01	0.000
0.1916E-01	0.000
0.2079E-01	0.000
0.2249E-01	0.000
0.2426E-01	0.000
0.2608E-01	0.000
0.2802E-01	0.000
0.3004E-01	0.000
0.3216E-01	0.000
0.3439E-01	0.000
0.3671E-01	0.000
0.3916E-01	0.000
0.4172E-01	0.000
0.4441E-01	0.000
0.4723E-01	0.000
0.5020E-01	0.000
0.5332E-01	0.000
0.5659E-01	0.000
0.6003E-01	0.000
0.6365E-01	0.000
0.6746E-01	0.000
0.7146E-01	0.000
0.7568E-01	0.000
0.8011E-01	0.000
0.8478E-01	0.000
0.8969E-01	0.000
0.9486E-01	0.000
0.1003	0.000
0.1061	0.000
0.1121	0.000
0.1185	0.000
0.1252	0.000
0.1323	0.000
0.1398	0.000
0.1477	0.000
0.1560	0.000
0.1648	0.8258E-35
0.1741	0.4582E-33
0.1839	0.8820E-33
0.1943	0.1431E-32
0.2052	0.2284E-32
0.2168	0.3635E-32
0.2291	0.5769E-32
0.2421	0.000
0.2559	0.000
0.2705	0.000
0.2860	0.000
0.3024	0.000
0.3198	0.000
0.3383	0.000
0.3580	0.000
0.3789	0.000
0.4011	0.000
0.4247	0.000
0.4498	0.000
0.4764	0.1196E-29
0.5048	0.2712E-29
0.5350	0.4358E-29
0.5672	0.6727E-29
0.6014	0.1034E-28
0.6378	0.1589E-28
0.6764	0.2439E-28
0.7176	0.3751E-28
0.7613	0.5760E-28
0.8079	0.000
0.8573	0.4092E-28
0.9099	0.1591E-27
0.9658	0.2998E-27
1.025	0.4888E-27
1.088	0.7626E-27
1.155	0.1186E-26
1.227	0.1845E-26
1.303	0.2877E-26
1.384	0.4502E-26
1.470	0.7070E-26
1.562	0.1116E-25
1.660	0.1768E-25
1.766	0.2816E-25
1.878	0.4512E-25
1.999	0.7276E-25
2.129	0.1182E-24
2.270	0.1936E-24
2.422	0.3199E-24
2.587	0.5342E-24
2.767	0.9031E-24
2.965	0.1548E-23
3.184	0.2697E-23
3.427	0.4787E-23
3.700	0.8690E-23
4.012	0.1624E-22
4.370	0.3129E-22
4.788	0.6268E-22
5.287	0.1317E-21
5.895	0.2938E-21
6.660	0.7051E-21
7.653	0.1847E-20
8.993	0.5348E-20
10.86	0.1708E-19
13.48	0.5789E-19
17.12	0.1924E-18
21.92	0.5747E-18
27.94	0.1477E-17
35.22	0.3272E-17
43.78	0.6386E-17
53.69	0.1126E-16
64.99	0.1830E-16
77.65	0.2784E-16
91.78	0.4027E-16
107.3	0.5581E-16
124.1	0.7468E-16
142.2	0.9702E-16
161.5	0.1230E-15
182.0	0.1527E-15
203.4	0.1861E-15
225.8	0.2232E-15
249.0	0.2642E-15
272.9	0.3090E-15
297.6	0.3575E-15
322.9	0.4097E-15
348.8	0.4660E-15
375.4	0.5259E-15
402.4	0.5896E-15
429.9	0.6567E-15
457.8	0.7277E-15
486.3	0.8026E-15
515.2	0.8810E-15
544.5	0.9633E-15
574.3	0.1049E-14
604.4	0.1139E-14
634.9	0.1232E-14
665.7	0.1329E-14
697.0	0.1429E-14
728.7	0.1533E-14
760.8	0.1641E-14
793.2	0.1752E-14
826.0	0.1866E-14
859.2	0.1984E-14
892.9	0.2106E-14
926.9	0.2231E-14
961.3	0.2360E-14
996.2	0.2492E-14
1031.	0.2627E-14
1067.	0.2766E-14
1103.	0.2908E-14
1140.	0.3054E-14
1177.	0.3203E-14
1215.	0.3355E-14
1253.	0.3511E-14
1292.	0.3670E-14
1331.	0.3832E-14
1370.	0.3997E-14
1411.	0.4166E-14
1451.	0.4338E-14
1493.	0.4513E-14
1535.	0.4691E-14
1577.	0.4873E-14
1621.	0.5057E-14
1664.	0.5245E-14
1709.	0.5435E-14
1754.	0.5629E-14
1800.	0.5825E-14
1847.	0.6024E-14
1894.	0.6227E-14
1942.	0.6432E-14
1990.	0.6639E-14
2040.	0.6850E-14
2090.	0.7062E-14
2141.	0.7278E-14
2193.	0.7496E-14
2246.	0.7716E-14
2299.	0.7939E-14
2353.	0.8163E-14
2408.	0.8390E-14
2464.	0.8619E-14
2521.	0.8850E-14
2579.	0.9083E-14
2637.	0.9317E-14
2697.	0.9553E-14
2757.	0.9791E-14
2818.	0.1003E-13
2880.	0.1027E-13
2944.	0.1051E-13
3008.	0.1076E-13
3073.	0.1100E-13
3139.	0.1124E-13
3205.	0.1149E-13
3274.	0.1174E-13
3342.	0.1198E-13
3412.	0.1223E-13
3483.	0.1248E-13
3555.	0.1272E-13
 
 
C5    Ar    Ionization    15.70 eV                              
E/N (Td)	Rate coefficient (m3/s)
0.4396E-02	0.000
0.6080E-02	0.000
0.7576E-02	0.000
0.8988E-02	0.000
0.1038E-01	0.000
0.1176E-01	0.000
0.1316E-01	0.000
0.1460E-01	0.000
0.1606E-01	0.000
0.1759E-01	0.000
0.1916E-01	0.000
0.2079E-01	0.000
0.2249E-01	0.000
0.2426E-01	0.000
0.2608E-01	0.000
0.2802E-01	0.000
0.3004E-01	0.000
0.3216E-01	0.000
0.3439E-01	0.000
0.3671E-01	0.000
0.3916E-01	0.000
0.4172E-01	0.000
0.4441E-01	0.000
0.4723E-01	0.000
0.5020E-01	0.000
0.5332E-01	0.000
0.5659E-01	0.000
0.6003E-01	0.000
0.6365E-01	0.000
0.6746E-01	0.000
0.7146E-01	0.000
0.7568E-01	0.000
0.8011E-01	0.000
0.8478E-01	0.000
0.8969E-01	0.000
0.9486E-01	0.000
0.1003	0.000
0.1061	0.000
0.1121	0.000
0.1185	0.000
0.1252	0.000
0.1323	0.000
0.1398	0.000
0.1477	0.000
0.1560	0.000
0.1648	0.000
0.1741	0.000
0.1839	0.000
0.1943	0.000
0.2052	0.000
0.2168	0.000
0.2291	0.000
0.2421	0.000
0.2559	0.000
0.2705	0.000
0.2860	0.000
0.3024	0.000
0.3198	0.000
0.3383	0.000
0.3580	0.000
0.3789	0.000
0.4011	0.000
0.4247	0.000
0.4498	0.000
0.4764	0.000
0.5048	0.000
0.5350	0.000
0.5672	0.000
0.6014	0.000
0.6378	0.000
0.6764	0.000
0.7176	0.9108E-36
0.7613	0.1882E-35
0.8079	0.000
0.8573	0.000
0.9099	0.000
0.9658	0.000
1.025	0.000
1.088	0.000
1.155	0.000
1.227	0.000
1.303	0.000
1.384	0.000
1.470	0.000
1.562	0.000
1.660	0.8414E-33
1.766	0.6837E-32
1.878	0.1858E-31
1.999	0.4170E-31
2.129	0.9295E-31
2.270	0.2099E-30
2.422	0.4824E-30
2.587	0.1137E-29
2.767	0.2755E-29
2.965	0.6903E-29
3.184	0.1789E-28
3.427	0.4827E-28
3.700	0.1366E-27
4.012	0.4108E-27
4.370	0.1314E-26
4.788	0.4553E-26
5.287	0.1734E-25
5.895	0.7413E-25
6.660	0.3651E-24
7.653	0.2120E-23
8.993	0.1469E-22
10.86	0.1218E-21
13.48	0.1101E-20
17.12	0.9260E-20
21.92	0.6186E-19
27.94	0.3061E-18
35.22	0.1140E-17
43.78	0.3368E-17
53.69	0.8287E-17
64.99	0.1770E-16
77.65	0.3374E-16
91.78	0.5903E-16
107.3	0.9610E-16
124.1	0.1476E-15
142.2	0.2159E-15
161.5	0.3032E-15
182.0	0.4117E-15
203.4	0.5424E-15
225.8	0.6969E-15
249.0	0.8763E-15
272.9	0.1081E-14
297.6	0.1312E-14
322.9	0.1570E-14
348.8	0.1856E-14
375.4	0.2169E-14
402.4	0.2510E-14
429.9	0.2876E-14
457.8	0.3272E-14
486.3	0.3695E-14
515.2	0.4146E-14
544.5	0.4626E-14
574.3	0.5132E-14
604.4	0.5666E-14
634.9	0.6228E-14
665.7	0.6816E-14
697.0	0.7431E-14
728.7	0.8072E-14
760.8	0.8740E-14
793.2	0.9434E-14
826.0	0.1015E-13
859.2	0.1090E-13
892.9	0.1167E-13
926.9	0.1247E-13
961.3	0.1328E-13
996.2	0.1413E-13
1031.	0.1500E-13
1067.	0.1589E-13
1103.	0.1680E-13
1140.	0.1774E-13
1177.	0.1870E-13
1215.	0.1969E-13
1253.	0.2069E-13
1292.	0.2172E-13
1331.	0.2277E-13
1370.	0.2384E-13
1411.	0.2494E-13
1451.	0.2605E-13
1493.	0.2718E-13
1535.	0.2834E-13
1577.	0.2951E-13
1621.	0.3070E-13
1664.	0.3192E-13
1709.	0.3315E-13
1754.	0.3440E-13
1800.	0.3566E-13
1847.	0.3695E-13
1894.	0.3825E-13
1942.	0.3957E-13
1990.	0.4090E-13
2040.	0.4225E-13
2090.	0.4362E-13
2141.	0.4500E-13
2193.	0.4639E-13
2246.	0.4781E-13
2299.	0.4923E-13
2353.	0.5066E-13
2408.	0.5211E-13
2464.	0.5357E-13
2521.	0.5504E-13
2579.	0.5652E-13
2637.	0.5801E-13
2697.	0.5951E-13
2757.	0.6102E-13
2818.	0.6254E-13
2880.	0.6407E-13
2944.	0.6560E-13
3008.	0.6714E-13
3073.	0.6869E-13
3139.	0.7024E-13
3205.	0.7180E-13
3274.	0.7336E-13
3342.	0.7491E-13
3412.	0.7648E-13
3483.	0.7805E-13
3555.	0.7962E-13
 
 
C6    Ar*    Ionization    4.20 eV                              
E/N (Td)	Rate coefficient (m3/s)
0.4396E-02	0.6244E-20
0.6080E-02	0.8998E-20
0.7576E-02	0.1282E-19
0.8988E-02	0.1812E-19
0.1038E-01	0.2546E-19
0.1176E-01	0.3552E-19
0.1316E-01	0.4920E-19
0.1460E-01	0.6777E-19
0.1606E-01	0.9243E-19
0.1759E-01	0.1256E-18
0.1916E-01	0.1695E-18
0.2079E-01	0.2272E-18
0.2249E-01	0.3028E-18
0.2426E-01	0.4011E-18
0.2608E-01	0.5278E-18
0.2802E-01	0.6915E-18
0.3004E-01	0.9002E-18
0.3216E-01	0.1165E-17
0.3439E-01	0.1501E-17
0.3671E-01	0.1922E-17
0.3916E-01	0.2449E-17
0.4172E-01	0.3105E-17
0.4441E-01	0.3916E-17
0.4723E-01	0.4916E-17
0.5020E-01	0.6142E-17
0.5332E-01	0.7636E-17
0.5659E-01	0.9452E-17
0.6003E-01	0.1165E-16
0.6365E-01	0.1429E-16
0.6746E-01	0.1745E-16
0.7146E-01	0.2123E-16
0.7568E-01	0.2572E-16
0.8011E-01	0.3104E-16
0.8478E-01	0.3731E-16
0.8969E-01	0.4467E-16
0.9486E-01	0.5328E-16
0.1003	0.6333E-16
0.1061	0.7500E-16
0.1121	0.8851E-16
0.1185	0.1041E-15
0.1252	0.1220E-15
0.1323	0.1426E-15
0.1398	0.1661E-15
0.1477	0.1929E-15
0.1560	0.2233E-15
0.1648	0.2578E-15
0.1741	0.2967E-15
0.1839	0.3405E-15
0.1943	0.3898E-15
0.2052	0.4451E-15
0.2168	0.5068E-15
0.2291	0.5757E-15
0.2421	0.6524E-15
0.2559	0.7376E-15
0.2705	0.8319E-15
0.2860	0.9362E-15
0.3024	0.1051E-14
0.3198	0.1178E-14
0.3383	0.1318E-14
0.3580	0.1471E-14
0.3789	0.1638E-14
0.4011	0.1821E-14
0.4247	0.2022E-14
0.4498	0.2240E-14
0.4764	0.2478E-14
0.5048	0.2736E-14
0.5350	0.3017E-14
0.5672	0.3322E-14
0.6014	0.3652E-14
0.6378	0.4009E-14
0.6764	0.4395E-14
0.7176	0.4812E-14
0.7613	0.5261E-14
0.8079	0.5745E-14
0.8573	0.6266E-14
0.9099	0.6826E-14
0.9658	0.7428E-14
1.025	0.8073E-14
1.088	0.8765E-14
1.155	0.9505E-14
1.227	0.1030E-13
1.303	0.1114E-13
1.384	0.1204E-13
1.470	0.1301E-13
1.562	0.1403E-13
1.660	0.1512E-13
1.766	0.1627E-13
1.878	0.1750E-13
1.999	0.1880E-13
2.129	0.2017E-13
2.270	0.2162E-13
2.422	0.2315E-13
2.587	0.2476E-13
2.767	0.2645E-13
2.965	0.2823E-13
3.184	0.3009E-13
3.427	0.3203E-13
3.700	0.3407E-13
4.012	0.3620E-13
4.370	0.3841E-13
4.788	0.4070E-13
5.287	0.4307E-13
5.895	0.4552E-13
6.660	0.4804E-13
7.653	0.5062E-13
8.993	0.5323E-13
10.86	0.5586E-13
13.48	0.5848E-13
17.12	0.6106E-13
21.92	0.6360E-13
27.94	0.6611E-13
35.22	0.6859E-13
43.78	0.7106E-13
53.69	0.7351E-13
64.99	0.7595E-13
77.65	0.7837E-13
91.78	0.8078E-13
107.3	0.8318E-13
124.1	0.8555E-13
142.2	0.8791E-13
161.5	0.9024E-13
182.0	0.9255E-13
203.4	0.9484E-13
225.8	0.9712E-13
249.0	0.9938E-13
272.9	0.1016E-12
297.6	0.1038E-12
322.9	0.1060E-12
348.8	0.1082E-12
375.4	0.1104E-12
402.4	0.1126E-12
429.9	0.1147E-12
457.8	0.1169E-12
486.3	0.1190E-12
515.2	0.1211E-12
544.5	0.1231E-12
574.3	0.1252E-12
604.4	0.1272E-12
634.9	0.1293E-12
665.7	0.1313E-12
697.0	0.1333E-12
728.7	0.1352E-12
760.8	0.1372E-12
793.2	0.1391E-12
826.0	0.1411E-12
859.2	0.1430E-12
892.9	0.1449E-12
926.9	0.1467E-12
961.3	0.1486E-12
996.2	0.1504E-12
1031.	0.1523E-12
1067.	0.1541E-12
1103.	0.1559E-12
1140.	0.1577E-12
1177.	0.1594E-12
1215.	0.1612E-12
1253.	0.1629E-12
1292.	0.1646E-12
1331.	0.1663E-12
1370.	0.1680E-12
1411.	0.1697E-12
1451.	0.1713E-12
1493.	0.1729E-12
1535.	0.1746E-12
1577.	0.1762E-12
1621.	0.1777E-12
1664.	0.1793E-12
1709.	0.1808E-12
1754.	0.1824E-12
1800.	0.1839E-12
1847.	0.1854E-12
1894.	0.1868E-12
1942.	0.1883E-12
1990.	0.1897E-12
2040.	0.1911E-12
2090.	0.1925E-12
2141.	0.1939E-12
2193.	0.1952E-12
2246.	0.1966E-12
2299.	0.1979E-12
2353.	0.1992E-12
2408.	0.2004E-12
2464.	0.2017E-12
2521.	0.2029E-12
2579.	0.2041E-12
2637.	0.2053E-12
2697.	0.2064E-12
2757.	0.2076E-12
2818.	0.2087E-12
2880.	0.2098E-12
2944.	0.2108E-12
3008.	0.2119E-12
3073.	0.2129E-12
3139.	0.2139E-12
3205.	0.2149E-12
3274.	0.2158E-12
3342.	0.2167E-12
3412.	0.2176E-12
3483.	0.2185E-12
3555.	0.2193E-12
 
 
Ar                                                              
E/N (Td)	Inelastic energy loss coefficient (eV m3/s)
0.4396E-02	-0.9131E-33
0.6080E-02	-0.9256E-33
0.7576E-02	-0.9382E-33
0.8988E-02	-0.9510E-33
0.1038E-01	-0.9640E-33
0.1176E-01	-0.9773E-33
0.1316E-01	-0.9907E-33
0.1460E-01	-0.1004E-32
0.1606E-01	-0.1018E-32
0.1759E-01	-0.1032E-32
0.1916E-01	-0.1047E-32
0.2079E-01	-0.1061E-32
0.2249E-01	-0.1076E-32
0.2426E-01	-0.1091E-32
0.2608E-01	-0.1106E-32
0.2802E-01	-0.1122E-32
0.3004E-01	-0.1137E-32
0.3216E-01	-0.1153E-32
0.3439E-01	-0.1170E-32
0.3671E-01	-0.1186E-32
0.3916E-01	-0.1203E-32
0.4172E-01	-0.1220E-32
0.4441E-01	-0.1237E-32
0.4723E-01	-0.1255E-32
0.5020E-01	-0.1272E-32
0.5332E-01	-0.1291E-32
0.5659E-01	-0.1309E-32
0.6003E-01	-0.1328E-32
0.6365E-01	0.6534E-27
0.6746E-01	0.1362E-26
0.7146E-01	0.2585E-26
0.7568E-01	0.4586E-26
0.8011E-01	0.7723E-26
0.8478E-01	0.1252E-25
0.8969E-01	0.1976E-25
0.9486E-01	0.3054E-25
0.1003	0.4655E-25
0.1061	0.7024E-25
0.1121	0.1052E-24
0.1185	0.1566E-24
0.1252	0.2319E-24
0.1323	0.3417E-24
0.1398	0.5012E-24
0.1477	0.7316E-24
0.1560	0.1063E-23
0.1648	0.1538E-23
0.1741	0.2216E-23
0.1839	0.3178E-23
0.1943	0.4538E-23
0.2052	0.6451E-23
0.2168	0.9131E-23
0.2291	0.1288E-22
0.2421	0.1804E-22
0.2559	0.2525E-22
0.2705	0.3518E-22
0.2860	0.4882E-22
0.3024	0.6746E-22
0.3198	0.9285E-22
0.3383	0.1273E-21
0.3580	0.1740E-21
0.3789	0.2368E-21
0.4011	0.3214E-21
0.4247	0.4345E-21
0.4498	0.5856E-21
0.4764	0.7867E-21
0.5048	0.1054E-20
0.5350	0.1407E-20
0.5672	0.1874E-20
0.6014	0.2488E-20
0.6378	0.3296E-20
0.6764	0.4354E-20
0.7176	0.5738E-20
0.7613	0.7547E-20
0.8079	0.9903E-20
0.8573	0.1297E-19
0.9099	0.1694E-19
0.9658	0.2210E-19
1.025	0.2877E-19
1.088	0.3739E-19
1.155	0.4852E-19
1.227	0.6288E-19
1.303	0.8137E-19
1.384	0.1052E-18
1.470	0.1357E-18
1.562	0.1750E-18
1.660	0.2255E-18
1.766	0.2903E-18
1.878	0.3735E-18
1.999	0.4803E-18
2.129	0.6176E-18
2.270	0.7941E-18
2.422	0.1021E-17
2.587	0.1314E-17
2.767	0.1693E-17
2.965	0.2185E-17
3.184	0.2827E-17
3.427	0.3668E-17
3.700	0.4778E-17
4.012	0.6268E-17
4.370	0.8274E-17
4.788	0.1103E-16
5.287	0.1488E-16
5.895	0.2041E-16
6.660	0.2861E-16
7.653	0.4125E-16
8.993	0.6162E-16
10.86	0.9591E-16
13.48	0.1551E-15
17.12	0.2566E-15
21.92	0.4230E-15
27.94	0.6808E-15
35.22	0.1060E-14
43.78	0.1598E-14
53.69	0.2333E-14
64.99	0.3313E-14
77.65	0.4578E-14
91.78	0.6188E-14
107.3	0.8182E-14
124.1	0.1060E-13
142.2	0.1349E-13
161.5	0.1687E-13
182.0	0.2079E-13
203.4	0.2523E-13
225.8	0.3023E-13
249.0	0.3579E-13
272.9	0.4192E-13
297.6	0.4862E-13
322.9	0.5589E-13
348.8	0.6377E-13
375.4	0.7223E-13
402.4	0.8125E-13
429.9	0.9080E-13
457.8	0.1010E-12
486.3	0.1117E-12
515.2	0.1230E-12
544.5	0.1349E-12
574.3	0.1473E-12
604.4	0.1602E-12
634.9	0.1737E-12
665.7	0.1878E-12
697.0	0.2024E-12
728.7	0.2175E-12
760.8	0.2331E-12
793.2	0.2492E-12
826.0	0.2658E-12
859.2	0.2830E-12
892.9	0.3006E-12
926.9	0.3187E-12
961.3	0.3372E-12
996.2	0.3562E-12
1031.	0.3757E-12
1067.	0.3956E-12
1103.	0.4160E-12
1140.	0.4368E-12
1177.	0.4581E-12
1215.	0.4797E-12
1253.	0.5018E-12
1292.	0.5243E-12
1331.	0.5472E-12
1370.	0.5704E-12
1411.	0.5941E-12
1451.	0.6181E-12
1493.	0.6425E-12
1535.	0.6673E-12
1577.	0.6924E-12
1621.	0.7178E-12
1664.	0.7436E-12
1709.	0.7698E-12
1754.	0.7962E-12
1800.	0.8230E-12
1847.	0.8500E-12
1894.	0.8774E-12
1942.	0.9051E-12
1990.	0.9329E-12
2040.	0.9612E-12
2090.	0.9895E-12
2141.	0.1018E-11
2193.	0.1047E-11
2246.	0.1076E-11
2299.	0.1106E-11
2353.	0.1135E-11
2408.	0.1165E-11
2464.	0.1195E-11
2521.	0.1225E-11
2579.	0.1255E-11
2637.	0.1285E-11
2697.	0.1316E-11
2757.	0.1347E-11
2818.	0.1377E-11
2880.	0.1408E-11
2944.	0.1439E-11
3008.	0.1470E-11
3073.	0.1501E-11
3139.	0.1532E-11
3205.	0.1563E-11
3274.	0.1594E-11
3342.	0.1625E-11
3412.	0.1656E-11
3483.	0.1687E-11
3555.	0.1718E-11
 
 
Ar*                                                             
E/N (Td)	Inelastic energy loss coefficient (eV m3/s)
0.4396E-02	0.2622E-19
0.6080E-02	0.3779E-19
0.7576E-02	0.5385E-19
0.8988E-02	0.7611E-19
0.1038E-01	0.1069E-18
0.1176E-01	0.1492E-18
0.1316E-01	0.2067E-18
0.1460E-01	0.2846E-18
0.1606E-01	0.3882E-18
0.1759E-01	0.5276E-18
0.1916E-01	0.7118E-18
0.2079E-01	0.9543E-18
0.2249E-01	0.1272E-17
0.2426E-01	0.1684E-17
0.2608E-01	0.2217E-17
0.2802E-01	0.2904E-17
0.3004E-01	0.3781E-17
0.3216E-01	0.4895E-17
0.3439E-01	0.6303E-17
0.3671E-01	0.8073E-17
0.3916E-01	0.1029E-16
0.4172E-01	0.1304E-16
0.4441E-01	0.1645E-16
0.4723E-01	0.2065E-16
0.5020E-01	0.2579E-16
0.5332E-01	0.3207E-16
0.5659E-01	0.3970E-16
0.6003E-01	0.4892E-16
0.6365E-01	0.6001E-16
0.6746E-01	0.7331E-16
0.7146E-01	0.8918E-16
0.7568E-01	0.1080E-15
0.8011E-01	0.1304E-15
0.8478E-01	0.1567E-15
0.8969E-01	0.1876E-15
0.9486E-01	0.2238E-15
0.1003	0.2660E-15
0.1061	0.3150E-15
0.1121	0.3718E-15
0.1185	0.4372E-15
0.1252	0.5126E-15
0.1323	0.5989E-15
0.1398	0.6976E-15
0.1477	0.8101E-15
0.1560	0.9378E-15
0.1648	0.1083E-14
0.1741	0.1246E-14
0.1839	0.1430E-14
0.1943	0.1637E-14
0.2052	0.1869E-14
0.2168	0.2129E-14
0.2291	0.2418E-14
0.2421	0.2740E-14
0.2559	0.3098E-14
0.2705	0.3494E-14
0.2860	0.3932E-14
0.3024	0.4416E-14
0.3198	0.4948E-14
0.3383	0.5534E-14
0.3580	0.6176E-14
0.3789	0.6880E-14
0.4011	0.7650E-14
0.4247	0.8491E-14
0.4498	0.9408E-14
0.4764	0.1041E-13
0.5048	0.1149E-13
0.5350	0.1267E-13
0.5672	0.1395E-13
0.6014	0.1534E-13
0.6378	0.1684E-13
0.6764	0.1846E-13
0.7176	0.2021E-13
0.7613	0.2210E-13
0.8079	0.2413E-13
0.8573	0.2632E-13
0.9099	0.2867E-13
0.9658	0.3120E-13
1.025	0.3391E-13
1.088	0.3681E-13
1.155	0.3992E-13
1.227	0.4325E-13
1.303	0.4680E-13
1.384	0.5059E-13
1.470	0.5462E-13
1.562	0.5892E-13
1.660	0.6349E-13
1.766	0.6835E-13
1.878	0.7349E-13
1.999	0.7894E-13
2.129	0.8471E-13
2.270	0.9079E-13
2.422	0.9721E-13
2.587	0.1040E-12
2.767	0.1111E-12
2.965	0.1185E-12
3.184	0.1264E-12
3.427	0.1345E-12
3.700	0.1431E-12
4.012	0.1520E-12
4.370	0.1613E-12
4.788	0.1709E-12
5.287	0.1809E-12
5.895	0.1912E-12
6.660	0.2018E-12
7.653	0.2126E-12
8.993	0.2236E-12
10.86	0.2346E-12
13.48	0.2456E-12
17.12	0.2565E-12
21.92	0.2671E-12
27.94	0.2777E-12
35.22	0.2881E-12
43.78	0.2984E-12
53.69	0.3087E-12
64.99	0.3190E-12
77.65	0.3292E-12
91.78	0.3393E-12
107.3	0.3493E-12
124.1	0.3593E-12
142.2	0.3692E-12
161.5	0.3790E-12
182.0	0.3887E-12
203.4	0.3983E-12
225.8	0.4079E-12
249.0	0.4174E-12
272.9	0.4268E-12
297.6	0.4361E-12
322.9	0.4454E-12
348.8	0.4546E-12
375.4	0.4638E-12
402.4	0.4729E-12
429.9	0.4819E-12
457.8	0.4908E-12
486.3	0.4997E-12
515.2	0.5085E-12
544.5	0.5172E-12
574.3	0.5259E-12
604.4	0.5344E-12
634.9	0.5429E-12
665.7	0.5514E-12
697.0	0.5597E-12
728.7	0.5680E-12
760.8	0.5763E-12
793.2	0.5844E-12
826.0	0.5925E-12
859.2	0.6005E-12
892.9	0.6085E-12
926.9	0.6163E-12
961.3	0.6241E-12
996.2	0.6319E-12
1031.	0.6396E-12
1067.	0.6472E-12
1103.	0.6547E-12
1140.	0.6622E-12
1177.	0.6696E-12
1215.	0.6769E-12
1253.	0.6842E-12
1292.	0.6914E-12
1331.	0.6985E-12
1370.	0.7056E-12
1411.	0.7126E-12
1451.	0.7195E-12
1493.	0.7264E-12
1535.	0.7332E-12
1577.	0.7399E-12
1621.	0.7465E-12
1664.	0.7531E-12
1709.	0.7596E-12
1754.	0.7660E-12
1800.	0.7723E-12
1847.	0.7786E-12
1894.	0.7847E-12
1942.	0.7908E-12
1990.	0.7968E-12
2040.	0.8028E-12
2090.	0.8086E-12
2141.	0.8143E-12
2193.	0.8200E-12
2246.	0.8256E-12
2299.	0.8311E-12
2353.	0.8365E-12
2408.	0.8418E-12
2464.	0.8470E-12
2521.	0.8522E-12
2579.	0.8572E-12
2637.	0.8621E-12
2697.	0.8670E-12
2757.	0.8718E-12
2818.	0.8764E-12
2880.	0.8810E-12
2944.	0.8854E-12
3008.	0.8899E-12
3073.	0.8941E-12
3139.	0.8983E-12
3205.	0.9024E-12
3274.	0.9064E-12
3342.	0.9102E-12
3412.	0.9140E-12
3483.	0.9177E-12
3555.	0.9212E-12
 
 
