BOLSIG+ version: 03/2016
Collision input data:
--------------------------------------------------
Ar                                                              
crs-Biagi_v7.1+step.txt
--------------------------------------------------
Ar*                                                             
crs-Biagi_v7.1+step.txt
 
 
 
Angular frequency / N (m3/s)               0.000    
Cosine of E-B field angle                  0.000    
Gas temperature (K)                        3000.    
Excitation temperature (K)                 3000.    
Transition energy (eV)                     0.000    
Ionization degree                         0.1000E-03
Plasma density (1/m3)                     0.8000E+17
Ion charge parameter                       1.000    
Ion/neutral mass ratio                     1.000    
e-e momentum effects                       1.000    
Energy sharing                             1.000    
Growth model                               1.000    
Maxwellian mean energy (eV)                0.000    
# of grid points                           200.0    
Grid type                                  0.000    
Maximum energy                             200.0    
Precision                                 0.1000E-09
Convergence                               0.1000E-03
Maximum # of iterations                    1000.    
Mole fraction Ar                           1.000    
Mole fraction Ar*                         0.1000E-04
 
 
E/N (Td)    	Electric field / N (Td)                                         
0.2628E-01	0.2628E-01
0.3462E-01	0.3462E-01
0.4183E-01	0.4183E-01
0.4763E-01	0.4763E-01
0.5277E-01	0.5277E-01
0.5714E-01	0.5714E-01
0.6146E-01	0.6146E-01
0.6555E-01	0.6555E-01
0.6947E-01	0.6947E-01
0.7325E-01	0.7325E-01
0.7694E-01	0.7694E-01
0.8056E-01	0.8056E-01
0.8415E-01	0.8415E-01
0.8772E-01	0.8772E-01
0.9095E-01	0.9095E-01
0.9457E-01	0.9457E-01
0.9824E-01	0.9824E-01
0.1020	0.1020
0.1058	0.1058
0.1097	0.1097
0.1137	0.1137
0.1178	0.1178
0.1220	0.1220
0.1264	0.1264
0.1310	0.1310
0.1358	0.1358
0.1407	0.1407
0.1458	0.1458
0.1512	0.1512
0.1568	0.1568
0.1626	0.1626
0.1687	0.1687
0.1752	0.1752
0.1819	0.1819
0.1889	0.1889
0.1963	0.1963
0.2041	0.2041
0.2123	0.2123
0.2209	0.2209
0.2299	0.2299
0.2394	0.2394
0.2495	0.2495
0.2601	0.2601
0.2713	0.2713
0.2832	0.2832
0.2958	0.2958
0.3093	0.3093
0.3236	0.3236
0.3389	0.3389
0.3553	0.3553
0.3729	0.3729
0.3919	0.3919
0.4126	0.4126
0.4349	0.4349
0.4593	0.4593
0.4860	0.4860
0.5153	0.5153
0.5474	0.5474
0.5829	0.5829
0.6219	0.6219
0.6651	0.6651
0.7128	0.7128
0.7654	0.7654
0.8237	0.8237
0.8879	0.8879
0.9588	0.9588
1.037	1.037
1.123	1.123
1.217	1.217
1.320	1.320
1.434	1.434
1.557	1.557
1.692	1.692
1.840	1.840
2.000	2.000
2.174	2.174
2.363	2.363
2.568	2.568
2.790	2.790
3.031	3.031
3.291	3.291
3.572	3.572
3.877	3.877
4.206	4.206
4.561	4.561
4.946	4.946
5.362	5.362
5.812	5.812
6.299	6.299
6.827	6.827
7.400	7.400
8.022	8.022
8.700	8.700
9.438	9.438
10.24	10.24
11.13	11.13
12.09	12.09
13.16	13.16
14.33	14.33
15.63	15.63
17.06	17.06
18.67	18.67
20.46	20.46
22.47	22.47
24.73	24.73
27.30	27.30
30.22	30.22
33.56	33.56
37.39	37.39
41.82	41.82
46.95	46.95
52.94	52.94
59.92	59.92
68.06	68.06
77.51	77.51
88.41	88.41
100.8	100.8
114.8	114.8
130.3	130.3
147.3	147.3
165.7	165.7
185.4	185.4
206.2	206.2
228.1	228.1
250.9	250.9
274.5	274.5
298.9	298.9
324.1	324.1
349.8	349.8
376.2	376.2
403.2	403.2
430.5	430.5
458.4	458.4
486.8	486.8
515.7	515.7
544.9	544.9
574.6	574.6
604.7	604.7
635.2	635.2
666.1	666.1
697.3	697.3
729.0	729.0
761.0	761.0
793.4	793.4
826.2	826.2
859.4	859.4
893.1	893.1
927.1	927.1
961.5	961.5
996.4	996.4
1032.	1032.
1067.	1067.
1104.	1104.
1140.	1140.
1177.	1177.
1215.	1215.
1253.	1253.
1292.	1292.
1331.	1331.
1370.	1370.
1411.	1411.
1452.	1452.
1493.	1493.
1535.	1535.
1577.	1577.
1621.	1621.
1665.	1665.
1709.	1709.
1754.	1754.
1800.	1800.
1847.	1847.
1894.	1894.
1942.	1942.
1991.	1991.
2040.	2040.
2090.	2090.
2141.	2141.
2193.	2193.
2246.	2246.
2299.	2299.
2353.	2353.
2409.	2409.
2464.	2464.
2521.	2521.
2579.	2579.
2638.	2638.
2697.	2697.
2757.	2757.
2818.	2818.
2881.	2881.
2944.	2944.
3008.	3008.
3073.	3073.
3139.	3139.
3205.	3205.
3274.	3274.
3342.	3342.
3412.	3412.
3483.	3483.
3555.	3555.
 
 
E/N (Td)	Mean energy (eV)
0.2628E-01	0.4000
0.3462E-01	0.4098
0.4183E-01	0.4199
0.4763E-01	0.4302
0.5277E-01	0.4408
0.5714E-01	0.4516
0.6146E-01	0.4627
0.6555E-01	0.4740
0.6947E-01	0.4857
0.7325E-01	0.4976
0.7694E-01	0.5098
0.8056E-01	0.5223
0.8415E-01	0.5352
0.8772E-01	0.5483
0.9095E-01	0.5618
0.9457E-01	0.5756
0.9824E-01	0.5897
0.1020	0.6042
0.1058	0.6191
0.1097	0.6343
0.1137	0.6498
0.1178	0.6658
0.1220	0.6821
0.1264	0.6989
0.1310	0.7161
0.1358	0.7337
0.1407	0.7517
0.1458	0.7701
0.1512	0.7890
0.1568	0.8084
0.1626	0.8283
0.1687	0.8486
0.1752	0.8695
0.1819	0.8908
0.1889	0.9127
0.1963	0.9351
0.2041	0.9581
0.2123	0.9816
0.2209	1.006
0.2299	1.030
0.2394	1.056
0.2495	1.082
0.2601	1.108
0.2713	1.135
0.2832	1.163
0.2958	1.192
0.3093	1.221
0.3236	1.251
0.3389	1.282
0.3553	1.313
0.3729	1.346
0.3919	1.379
0.4126	1.412
0.4349	1.447
0.4593	1.483
0.4860	1.519
0.5153	1.556
0.5474	1.595
0.5829	1.634
0.6219	1.674
0.6651	1.715
0.7128	1.757
0.7654	1.800
0.8237	1.845
0.8879	1.890
0.9588	1.936
1.037	1.984
1.123	2.033
1.217	2.082
1.320	2.134
1.434	2.186
1.557	2.240
1.692	2.295
1.840	2.351
2.000	2.409
2.174	2.468
2.363	2.529
2.568	2.591
2.790	2.654
3.031	2.719
3.291	2.786
3.572	2.855
3.877	2.925
4.206	2.997
4.561	3.070
4.946	3.146
5.362	3.223
5.812	3.302
6.299	3.383
6.827	3.466
7.400	3.551
8.022	3.639
8.700	3.728
9.438	3.819
10.24	3.913
11.13	4.009
12.09	4.108
13.16	4.209
14.33	4.312
15.63	4.418
17.06	4.526
18.67	4.638
20.46	4.751
22.47	4.868
24.73	4.988
27.30	5.111
30.22	5.236
33.56	5.365
37.39	5.496
41.82	5.631
46.95	5.770
52.94	5.911
59.92	6.057
68.06	6.205
77.51	6.358
88.41	6.514
100.8	6.674
114.8	6.837
130.3	7.005
147.3	7.177
165.7	7.354
185.4	7.535
206.2	7.720
228.1	7.909
250.9	8.104
274.5	8.303
298.9	8.507
324.1	8.715
349.8	8.929
376.2	9.149
403.2	9.374
430.5	9.604
458.4	9.840
486.8	10.08
515.7	10.33
544.9	10.58
574.6	10.84
604.7	11.11
635.2	11.38
666.1	11.66
697.3	11.95
729.0	12.24
761.0	12.54
793.4	12.85
826.2	13.17
859.4	13.49
893.1	13.82
927.1	14.16
961.5	14.51
996.4	14.86
1032.	15.23
1067.	15.60
1104.	15.99
1140.	16.38
1177.	16.78
1215.	17.19
1253.	17.61
1292.	18.05
1331.	18.49
1370.	18.94
1411.	19.41
1452.	19.89
1493.	20.37
1535.	20.88
1577.	21.39
1621.	21.91
1665.	22.45
1709.	23.00
1754.	23.57
1800.	24.15
1847.	24.74
1894.	25.35
1942.	25.97
1991.	26.61
2040.	27.26
2090.	27.93
2141.	28.62
2193.	29.32
2246.	30.04
2299.	30.78
2353.	31.53
2409.	32.31
2464.	33.10
2521.	33.92
2579.	34.75
2638.	35.60
2697.	36.47
2757.	37.37
2818.	38.29
2881.	39.23
2944.	40.19
3008.	41.18
3073.	42.19
3139.	43.23
3205.	44.29
3274.	45.38
3342.	46.49
3412.	47.63
3483.	48.80
3555.	50.00
 
 
E/N (Td)	Mobility *N (1/m/V/s)
0.2628E-01	0.1068E+26
0.3462E-01	0.1080E+26
0.4183E-01	0.1078E+26
0.4763E-01	0.1084E+26
0.5277E-01	0.1088E+26
0.5714E-01	0.1096E+26
0.6146E-01	0.1099E+26
0.6555E-01	0.1102E+26
0.6947E-01	0.1103E+26
0.7325E-01	0.1105E+26
0.7694E-01	0.1105E+26
0.8056E-01	0.1105E+26
0.8415E-01	0.1104E+26
0.8772E-01	0.1102E+26
0.9095E-01	0.1103E+26
0.9457E-01	0.1100E+26
0.9824E-01	0.1096E+26
0.1020	0.1092E+26
0.1058	0.1087E+26
0.1097	0.1082E+26
0.1137	0.1076E+26
0.1178	0.1070E+26
0.1220	0.1063E+26
0.1264	0.1055E+26
0.1310	0.1047E+26
0.1358	0.1039E+26
0.1407	0.1030E+26
0.1458	0.1021E+26
0.1512	0.1011E+26
0.1568	0.1002E+26
0.1626	0.9912E+25
0.1687	0.9805E+25
0.1752	0.9696E+25
0.1819	0.9583E+25
0.1889	0.9467E+25
0.1963	0.9349E+25
0.2041	0.9229E+25
0.2123	0.9106E+25
0.2209	0.8981E+25
0.2299	0.8854E+25
0.2394	0.8726E+25
0.2495	0.8596E+25
0.2601	0.8465E+25
0.2713	0.8333E+25
0.2832	0.8200E+25
0.2958	0.8066E+25
0.3093	0.7931E+25
0.3236	0.7796E+25
0.3389	0.7660E+25
0.3553	0.7524E+25
0.3729	0.7388E+25
0.3919	0.7251E+25
0.4126	0.7115E+25
0.4349	0.6979E+25
0.4593	0.6844E+25
0.4860	0.6708E+25
0.5153	0.6574E+25
0.5474	0.6440E+25
0.5829	0.6306E+25
0.6219	0.6173E+25
0.6651	0.6041E+25
0.7128	0.5910E+25
0.7654	0.5780E+25
0.8237	0.5650E+25
0.8879	0.5522E+25
0.9588	0.5395E+25
1.037	0.5268E+25
1.123	0.5143E+25
1.217	0.5019E+25
1.320	0.4896E+25
1.434	0.4774E+25
1.557	0.4653E+25
1.692	0.4534E+25
1.840	0.4415E+25
2.000	0.4298E+25
2.174	0.4181E+25
2.363	0.4066E+25
2.568	0.3952E+25
2.790	0.3839E+25
3.031	0.3727E+25
3.291	0.3615E+25
3.572	0.3505E+25
3.877	0.3396E+25
4.206	0.3288E+25
4.561	0.3181E+25
4.946	0.3075E+25
5.362	0.2969E+25
5.812	0.2865E+25
6.299	0.2762E+25
6.827	0.2660E+25
7.400	0.2559E+25
8.022	0.2459E+25
8.700	0.2360E+25
9.438	0.2263E+25
10.24	0.2167E+25
11.13	0.2073E+25
12.09	0.1980E+25
13.16	0.1890E+25
14.33	0.1801E+25
15.63	0.1715E+25
17.06	0.1631E+25
18.67	0.1551E+25
20.46	0.1473E+25
22.47	0.1399E+25
24.73	0.1328E+25
27.30	0.1261E+25
30.22	0.1198E+25
33.56	0.1140E+25
37.39	0.1086E+25
41.82	0.1036E+25
46.95	0.9907E+24
52.94	0.9498E+24
59.92	0.9133E+24
68.06	0.8809E+24
77.51	0.8523E+24
88.41	0.8272E+24
100.8	0.8053E+24
114.8	0.7860E+24
130.3	0.7688E+24
147.3	0.7535E+24
165.7	0.7397E+24
185.4	0.7270E+24
206.2	0.7155E+24
228.1	0.7048E+24
250.9	0.6948E+24
274.5	0.6856E+24
298.9	0.6770E+24
324.1	0.6689E+24
349.8	0.6614E+24
376.2	0.6544E+24
403.2	0.6477E+24
430.5	0.6415E+24
458.4	0.6357E+24
486.8	0.6303E+24
515.7	0.6251E+24
544.9	0.6203E+24
574.6	0.6156E+24
604.7	0.6113E+24
635.2	0.6071E+24
666.1	0.6032E+24
697.3	0.5994E+24
729.0	0.5957E+24
761.0	0.5922E+24
793.4	0.5889E+24
826.2	0.5856E+24
859.4	0.5825E+24
893.1	0.5793E+24
927.1	0.5763E+24
961.5	0.5734E+24
996.4	0.5706E+24
1032.	0.5677E+24
1067.	0.5650E+24
1104.	0.5623E+24
1140.	0.5597E+24
1177.	0.5571E+24
1215.	0.5545E+24
1253.	0.5518E+24
1292.	0.5493E+24
1331.	0.5469E+24
1370.	0.5443E+24
1411.	0.5418E+24
1452.	0.5393E+24
1493.	0.5369E+24
1535.	0.5344E+24
1577.	0.5320E+24
1621.	0.5295E+24
1665.	0.5271E+24
1709.	0.5246E+24
1754.	0.5222E+24
1800.	0.5198E+24
1847.	0.5173E+24
1894.	0.5150E+24
1942.	0.5125E+24
1991.	0.5102E+24
2040.	0.5077E+24
2090.	0.5053E+24
2141.	0.5029E+24
2193.	0.5006E+24
2246.	0.4981E+24
2299.	0.4958E+24
2353.	0.4934E+24
2409.	0.4910E+24
2464.	0.4887E+24
2521.	0.4863E+24
2579.	0.4841E+24
2638.	0.4816E+24
2697.	0.4794E+24
2757.	0.4771E+24
2818.	0.4748E+24
2881.	0.4726E+24
2944.	0.4703E+24
3008.	0.4682E+24
3073.	0.4659E+24
3139.	0.4637E+24
3205.	0.4616E+24
3274.	0.4594E+24
3342.	0.4573E+24
3412.	0.4552E+24
3483.	0.4532E+24
3555.	0.4510E+24
 
 
E/N (Td)	Diffusion coefficient *N (1/m/s)
0.2628E-01	0.2852E+25
0.3462E-01	0.2956E+25
0.4183E-01	0.3022E+25
0.4763E-01	0.3112E+25
0.5277E-01	0.3202E+25
0.5714E-01	0.3305E+25
0.6146E-01	0.3395E+25
0.6555E-01	0.3486E+25
0.6947E-01	0.3578E+25
0.7325E-01	0.3669E+25
0.7694E-01	0.3761E+25
0.8056E-01	0.3852E+25
0.8415E-01	0.3944E+25
0.8772E-01	0.4035E+25
0.9095E-01	0.4136E+25
0.9457E-01	0.4226E+25
0.9824E-01	0.4315E+25
0.1020	0.4404E+25
0.1058	0.4493E+25
0.1097	0.4580E+25
0.1137	0.4666E+25
0.1178	0.4753E+25
0.1220	0.4838E+25
0.1264	0.4922E+25
0.1310	0.5005E+25
0.1358	0.5087E+25
0.1407	0.5168E+25
0.1458	0.5247E+25
0.1512	0.5325E+25
0.1568	0.5402E+25
0.1626	0.5478E+25
0.1687	0.5552E+25
0.1752	0.5624E+25
0.1819	0.5695E+25
0.1889	0.5764E+25
0.1963	0.5832E+25
0.2041	0.5898E+25
0.2123	0.5963E+25
0.2209	0.6025E+25
0.2299	0.6086E+25
0.2394	0.6145E+25
0.2495	0.6203E+25
0.2601	0.6258E+25
0.2713	0.6312E+25
0.2832	0.6364E+25
0.2958	0.6413E+25
0.3093	0.6461E+25
0.3236	0.6507E+25
0.3389	0.6551E+25
0.3553	0.6593E+25
0.3729	0.6633E+25
0.3919	0.6671E+25
0.4126	0.6706E+25
0.4349	0.6740E+25
0.4593	0.6772E+25
0.4860	0.6802E+25
0.5153	0.6830E+25
0.5474	0.6856E+25
0.5829	0.6881E+25
0.6219	0.6903E+25
0.6651	0.6923E+25
0.7128	0.6941E+25
0.7654	0.6958E+25
0.8237	0.6972E+25
0.8879	0.6985E+25
0.9588	0.6995E+25
1.037	0.7004E+25
1.123	0.7012E+25
1.217	0.7017E+25
1.320	0.7021E+25
1.434	0.7023E+25
1.557	0.7023E+25
1.692	0.7022E+25
1.840	0.7019E+25
2.000	0.7014E+25
2.174	0.7008E+25
2.363	0.7000E+25
2.568	0.6991E+25
2.790	0.6980E+25
3.031	0.6968E+25
3.291	0.6954E+25
3.572	0.6939E+25
3.877	0.6923E+25
4.206	0.6905E+25
4.561	0.6885E+25
4.946	0.6864E+25
5.362	0.6842E+25
5.812	0.6819E+25
6.299	0.6794E+25
6.827	0.6768E+25
7.400	0.6740E+25
8.022	0.6711E+25
8.700	0.6681E+25
9.438	0.6649E+25
10.24	0.6616E+25
11.13	0.6581E+25
12.09	0.6545E+25
13.16	0.6507E+25
14.33	0.6468E+25
15.63	0.6427E+25
17.06	0.6385E+25
18.67	0.6341E+25
20.46	0.6296E+25
22.47	0.6249E+25
24.73	0.6201E+25
27.30	0.6153E+25
30.22	0.6103E+25
33.56	0.6054E+25
37.39	0.6004E+25
41.82	0.5955E+25
46.95	0.5906E+25
52.94	0.5860E+25
59.92	0.5815E+25
68.06	0.5773E+25
77.51	0.5735E+25
88.41	0.5699E+25
100.8	0.5668E+25
114.8	0.5640E+25
130.3	0.5616E+25
147.3	0.5595E+25
165.7	0.5578E+25
185.4	0.5564E+25
206.2	0.5552E+25
228.1	0.5544E+25
250.9	0.5538E+25
274.5	0.5536E+25
298.9	0.5536E+25
324.1	0.5538E+25
349.8	0.5544E+25
376.2	0.5553E+25
403.2	0.5564E+25
430.5	0.5579E+25
458.4	0.5597E+25
486.8	0.5618E+25
515.7	0.5642E+25
544.9	0.5671E+25
574.6	0.5702E+25
604.7	0.5737E+25
635.2	0.5775E+25
666.1	0.5817E+25
697.3	0.5862E+25
729.0	0.5910E+25
761.0	0.5962E+25
793.4	0.6018E+25
826.2	0.6078E+25
859.4	0.6141E+25
893.1	0.6207E+25
927.1	0.6277E+25
961.5	0.6351E+25
996.4	0.6428E+25
1032.	0.6508E+25
1067.	0.6592E+25
1104.	0.6680E+25
1140.	0.6771E+25
1177.	0.6866E+25
1215.	0.6964E+25
1253.	0.7064E+25
1292.	0.7170E+25
1331.	0.7279E+25
1370.	0.7390E+25
1411.	0.7506E+25
1452.	0.7625E+25
1493.	0.7748E+25
1535.	0.7873E+25
1577.	0.8003E+25
1621.	0.8136E+25
1665.	0.8272E+25
1709.	0.8412E+25
1754.	0.8555E+25
1800.	0.8703E+25
1847.	0.8853E+25
1894.	0.9009E+25
1942.	0.9166E+25
1991.	0.9330E+25
2040.	0.9495E+25
2090.	0.9664E+25
2141.	0.9838E+25
2193.	0.1002E+26
2246.	0.1020E+26
2299.	0.1038E+26
2353.	0.1057E+26
2409.	0.1077E+26
2464.	0.1097E+26
2521.	0.1117E+26
2579.	0.1138E+26
2638.	0.1159E+26
2697.	0.1181E+26
2757.	0.1203E+26
2818.	0.1226E+26
2881.	0.1249E+26
2944.	0.1273E+26
3008.	0.1297E+26
3073.	0.1322E+26
3139.	0.1347E+26
3205.	0.1373E+26
3274.	0.1400E+26
3342.	0.1427E+26
3412.	0.1455E+26
3483.	0.1483E+26
3555.	0.1512E+26
 
 
E/N (Td)	Energy mobility *N (1/m/V/s)
0.2628E-01	0.1925E+26
0.3462E-01	0.1936E+26
0.4183E-01	0.1919E+26
0.4763E-01	0.1916E+26
0.5277E-01	0.1912E+26
0.5714E-01	0.1914E+26
0.6146E-01	0.1907E+26
0.6555E-01	0.1899E+26
0.6947E-01	0.1889E+26
0.7325E-01	0.1878E+26
0.7694E-01	0.1866E+26
0.8056E-01	0.1852E+26
0.8415E-01	0.1838E+26
0.8772E-01	0.1822E+26
0.9095E-01	0.1810E+26
0.9457E-01	0.1792E+26
0.9824E-01	0.1773E+26
0.1020	0.1753E+26
0.1058	0.1732E+26
0.1097	0.1710E+26
0.1137	0.1688E+26
0.1178	0.1665E+26
0.1220	0.1642E+26
0.1264	0.1618E+26
0.1310	0.1593E+26
0.1358	0.1568E+26
0.1407	0.1543E+26
0.1458	0.1517E+26
0.1512	0.1490E+26
0.1568	0.1464E+26
0.1626	0.1437E+26
0.1687	0.1410E+26
0.1752	0.1383E+26
0.1819	0.1356E+26
0.1889	0.1329E+26
0.1963	0.1302E+26
0.2041	0.1274E+26
0.2123	0.1247E+26
0.2209	0.1220E+26
0.2299	0.1193E+26
0.2394	0.1166E+26
0.2495	0.1139E+26
0.2601	0.1113E+26
0.2713	0.1086E+26
0.2832	0.1060E+26
0.2958	0.1034E+26
0.3093	0.1008E+26
0.3236	0.9831E+25
0.3389	0.9580E+25
0.3553	0.9333E+25
0.3729	0.9088E+25
0.3919	0.8848E+25
0.4126	0.8610E+25
0.4349	0.8377E+25
0.4593	0.8147E+25
0.4860	0.7921E+25
0.5153	0.7699E+25
0.5474	0.7482E+25
0.5829	0.7268E+25
0.6219	0.7058E+25
0.6651	0.6853E+25
0.7128	0.6651E+25
0.7654	0.6454E+25
0.8237	0.6261E+25
0.8879	0.6072E+25
0.9588	0.5888E+25
1.037	0.5708E+25
1.123	0.5532E+25
1.217	0.5360E+25
1.320	0.5192E+25
1.434	0.5028E+25
1.557	0.4868E+25
1.692	0.4713E+25
1.840	0.4561E+25
2.000	0.4413E+25
2.174	0.4269E+25
2.363	0.4129E+25
2.568	0.3993E+25
2.790	0.3861E+25
3.031	0.3732E+25
3.291	0.3606E+25
3.572	0.3484E+25
3.877	0.3366E+25
4.206	0.3251E+25
4.561	0.3139E+25
4.946	0.3031E+25
5.362	0.2926E+25
5.812	0.2823E+25
6.299	0.2724E+25
6.827	0.2628E+25
7.400	0.2535E+25
8.022	0.2445E+25
8.700	0.2358E+25
9.438	0.2273E+25
10.24	0.2191E+25
11.13	0.2112E+25
12.09	0.2036E+25
13.16	0.1962E+25
14.33	0.1891E+25
15.63	0.1823E+25
17.06	0.1758E+25
18.67	0.1695E+25
20.46	0.1635E+25
22.47	0.1577E+25
24.73	0.1522E+25
27.30	0.1470E+25
30.22	0.1422E+25
33.56	0.1376E+25
37.39	0.1333E+25
41.82	0.1293E+25
46.95	0.1256E+25
52.94	0.1222E+25
59.92	0.1192E+25
68.06	0.1165E+25
77.51	0.1141E+25
88.41	0.1119E+25
100.8	0.1101E+25
114.8	0.1084E+25
130.3	0.1070E+25
147.3	0.1058E+25
165.7	0.1047E+25
185.4	0.1037E+25
206.2	0.1029E+25
228.1	0.1021E+25
250.9	0.1014E+25
274.5	0.1008E+25
298.9	0.1002E+25
324.1	0.9968E+24
349.8	0.9919E+24
376.2	0.9874E+24
403.2	0.9831E+24
430.5	0.9791E+24
458.4	0.9754E+24
486.8	0.9719E+24
515.7	0.9684E+24
544.9	0.9654E+24
574.6	0.9622E+24
604.7	0.9592E+24
635.2	0.9562E+24
666.1	0.9533E+24
697.3	0.9503E+24
729.0	0.9474E+24
761.0	0.9445E+24
793.4	0.9417E+24
826.2	0.9389E+24
859.4	0.9360E+24
893.1	0.9329E+24
927.1	0.9300E+24
961.5	0.9270E+24
996.4	0.9240E+24
1032.	0.9208E+24
1067.	0.9177E+24
1104.	0.9146E+24
1140.	0.9114E+24
1177.	0.9082E+24
1215.	0.9048E+24
1253.	0.9013E+24
1292.	0.8980E+24
1331.	0.8946E+24
1370.	0.8910E+24
1411.	0.8875E+24
1452.	0.8839E+24
1493.	0.8803E+24
1535.	0.8766E+24
1577.	0.8729E+24
1621.	0.8692E+24
1665.	0.8654E+24
1709.	0.8616E+24
1754.	0.8577E+24
1800.	0.8539E+24
1847.	0.8500E+24
1894.	0.8462E+24
1942.	0.8423E+24
1991.	0.8385E+24
2040.	0.8345E+24
2090.	0.8307E+24
2141.	0.8268E+24
2193.	0.8230E+24
2246.	0.8191E+24
2299.	0.8153E+24
2353.	0.8115E+24
2409.	0.8076E+24
2464.	0.8039E+24
2521.	0.8001E+24
2579.	0.7965E+24
2638.	0.7927E+24
2697.	0.7891E+24
2757.	0.7855E+24
2818.	0.7819E+24
2881.	0.7784E+24
2944.	0.7749E+24
3008.	0.7715E+24
3073.	0.7681E+24
3139.	0.7648E+24
3205.	0.7615E+24
3274.	0.7583E+24
3342.	0.7551E+24
3412.	0.7520E+24
3483.	0.7490E+24
3555.	0.7460E+24
 
 
E/N (Td)	Energy diffusion coef. D*N (1/m/s)
0.2628E-01	0.5132E+25
0.3462E-01	0.5287E+25
0.4183E-01	0.5371E+25
0.4763E-01	0.5495E+25
0.5277E-01	0.5618E+25
0.5714E-01	0.5762E+25
0.6146E-01	0.5881E+25
0.6555E-01	0.5998E+25
0.6947E-01	0.6114E+25
0.7325E-01	0.6228E+25
0.7694E-01	0.6339E+25
0.8056E-01	0.6448E+25
0.8415E-01	0.6555E+25
0.8772E-01	0.6658E+25
0.9095E-01	0.6776E+25
0.9457E-01	0.6873E+25
0.9824E-01	0.6967E+25
0.1020	0.7058E+25
0.1058	0.7146E+25
0.1097	0.7230E+25
0.1137	0.7311E+25
0.1178	0.7389E+25
0.1220	0.7464E+25
0.1264	0.7535E+25
0.1310	0.7603E+25
0.1358	0.7667E+25
0.1407	0.7728E+25
0.1458	0.7785E+25
0.1512	0.7838E+25
0.1568	0.7888E+25
0.1626	0.7935E+25
0.1687	0.7977E+25
0.1752	0.8017E+25
0.1819	0.8052E+25
0.1889	0.8084E+25
0.1963	0.8113E+25
0.2041	0.8138E+25
0.2123	0.8160E+25
0.2209	0.8178E+25
0.2299	0.8193E+25
0.2394	0.8205E+25
0.2495	0.8213E+25
0.2601	0.8219E+25
0.2713	0.8221E+25
0.2832	0.8220E+25
0.2958	0.8216E+25
0.3093	0.8209E+25
0.3236	0.8199E+25
0.3389	0.8186E+25
0.3553	0.8171E+25
0.3729	0.8153E+25
0.3919	0.8132E+25
0.4126	0.8108E+25
0.4349	0.8083E+25
0.4593	0.8054E+25
0.4860	0.8024E+25
0.5153	0.7991E+25
0.5474	0.7957E+25
0.5829	0.7920E+25
0.6219	0.7881E+25
0.6651	0.7841E+25
0.7128	0.7798E+25
0.7654	0.7754E+25
0.8237	0.7709E+25
0.8879	0.7662E+25
0.9588	0.7613E+25
1.037	0.7564E+25
1.123	0.7513E+25
1.217	0.7461E+25
1.320	0.7408E+25
1.434	0.7355E+25
1.557	0.7300E+25
1.692	0.7245E+25
1.840	0.7189E+25
2.000	0.7132E+25
2.174	0.7076E+25
2.363	0.7018E+25
2.568	0.6961E+25
2.790	0.6903E+25
3.031	0.6845E+25
3.291	0.6787E+25
3.572	0.6729E+25
3.877	0.6671E+25
4.206	0.6613E+25
4.561	0.6555E+25
4.946	0.6498E+25
5.362	0.6440E+25
5.812	0.6383E+25
6.299	0.6327E+25
6.827	0.6270E+25
7.400	0.6214E+25
8.022	0.6158E+25
8.700	0.6103E+25
9.438	0.6048E+25
10.24	0.5993E+25
11.13	0.5939E+25
12.09	0.5886E+25
13.16	0.5833E+25
14.33	0.5780E+25
15.63	0.5728E+25
17.06	0.5676E+25
18.67	0.5625E+25
20.46	0.5575E+25
22.47	0.5525E+25
24.73	0.5476E+25
27.30	0.5429E+25
30.22	0.5382E+25
33.56	0.5337E+25
37.39	0.5294E+25
41.82	0.5253E+25
46.95	0.5215E+25
52.94	0.5180E+25
59.92	0.5150E+25
68.06	0.5124E+25
77.51	0.5104E+25
88.41	0.5090E+25
100.8	0.5084E+25
114.8	0.5084E+25
130.3	0.5093E+25
147.3	0.5109E+25
165.7	0.5133E+25
185.4	0.5165E+25
206.2	0.5205E+25
228.1	0.5252E+25
250.9	0.5307E+25
274.5	0.5369E+25
298.9	0.5439E+25
324.1	0.5515E+25
349.8	0.5599E+25
376.2	0.5689E+25
403.2	0.5787E+25
430.5	0.5890E+25
458.4	0.6001E+25
486.8	0.6118E+25
515.7	0.6242E+25
544.9	0.6375E+25
574.6	0.6511E+25
604.7	0.6655E+25
635.2	0.6804E+25
666.1	0.6960E+25
697.3	0.7122E+25
729.0	0.7290E+25
761.0	0.7465E+25
793.4	0.7645E+25
826.2	0.7832E+25
859.4	0.8024E+25
893.1	0.8220E+25
927.1	0.8424E+25
961.5	0.8633E+25
996.4	0.8847E+25
1032.	0.9067E+25
1067.	0.9292E+25
1104.	0.9524E+25
1140.	0.9760E+25
1177.	0.1000E+26
1215.	0.1025E+26
1253.	0.1050E+26
1292.	0.1076E+26
1331.	0.1102E+26
1370.	0.1129E+26
1411.	0.1156E+26
1452.	0.1185E+26
1493.	0.1213E+26
1535.	0.1242E+26
1577.	0.1272E+26
1621.	0.1302E+26
1665.	0.1333E+26
1709.	0.1365E+26
1754.	0.1397E+26
1800.	0.1430E+26
1847.	0.1463E+26
1894.	0.1497E+26
1942.	0.1532E+26
1991.	0.1568E+26
2040.	0.1604E+26
2090.	0.1642E+26
2141.	0.1680E+26
2193.	0.1719E+26
2246.	0.1759E+26
2299.	0.1799E+26
2353.	0.1841E+26
2409.	0.1884E+26
2464.	0.1927E+26
2521.	0.1973E+26
2579.	0.2018E+26
2638.	0.2066E+26
2697.	0.2114E+26
2757.	0.2164E+26
2818.	0.2215E+26
2881.	0.2267E+26
2944.	0.2321E+26
3008.	0.2375E+26
3073.	0.2432E+26
3139.	0.2491E+26
3205.	0.2550E+26
3274.	0.2612E+26
3342.	0.2676E+26
3412.	0.2741E+26
3483.	0.2808E+26
3555.	0.2877E+26
 
 
E/N (Td)	Total collision freq. /N (m3/s)
0.2628E-01	0.2363E-14
0.3462E-01	0.2446E-14
0.4183E-01	0.2534E-14
0.4763E-01	0.2626E-14
0.5277E-01	0.2722E-14
0.5714E-01	0.2823E-14
0.6146E-01	0.2928E-14
0.6555E-01	0.3038E-14
0.6947E-01	0.3153E-14
0.7325E-01	0.3273E-14
0.7694E-01	0.3398E-14
0.8056E-01	0.3528E-14
0.8415E-01	0.3664E-14
0.8772E-01	0.3805E-14
0.9095E-01	0.3953E-14
0.9457E-01	0.4106E-14
0.9824E-01	0.4265E-14
0.1020	0.4431E-14
0.1058	0.4605E-14
0.1097	0.4784E-14
0.1137	0.4970E-14
0.1178	0.5164E-14
0.1220	0.5366E-14
0.1264	0.5575E-14
0.1310	0.5793E-14
0.1358	0.6019E-14
0.1407	0.6254E-14
0.1458	0.6499E-14
0.1512	0.6752E-14
0.1568	0.7016E-14
0.1626	0.7290E-14
0.1687	0.7574E-14
0.1752	0.7870E-14
0.1819	0.8177E-14
0.1889	0.8496E-14
0.1963	0.8827E-14
0.2041	0.9172E-14
0.2123	0.9529E-14
0.2209	0.9901E-14
0.2299	0.1029E-13
0.2394	0.1069E-13
0.2495	0.1111E-13
0.2601	0.1154E-13
0.2713	0.1199E-13
0.2832	0.1246E-13
0.2958	0.1295E-13
0.3093	0.1345E-13
0.3236	0.1398E-13
0.3389	0.1453E-13
0.3553	0.1510E-13
0.3729	0.1569E-13
0.3919	0.1631E-13
0.4126	0.1695E-13
0.4349	0.1761E-13
0.4593	0.1830E-13
0.4860	0.1902E-13
0.5153	0.1977E-13
0.5474	0.2055E-13
0.5829	0.2135E-13
0.6219	0.2219E-13
0.6651	0.2307E-13
0.7128	0.2397E-13
0.7654	0.2491E-13
0.8237	0.2589E-13
0.8879	0.2690E-13
0.9588	0.2796E-13
1.037	0.2905E-13
1.123	0.3018E-13
1.217	0.3136E-13
1.320	0.3257E-13
1.434	0.3383E-13
1.557	0.3514E-13
1.692	0.3649E-13
1.840	0.3789E-13
2.000	0.3934E-13
2.174	0.4084E-13
2.363	0.4240E-13
2.568	0.4400E-13
2.790	0.4566E-13
3.031	0.4737E-13
3.291	0.4914E-13
3.572	0.5096E-13
3.877	0.5285E-13
4.206	0.5479E-13
4.561	0.5680E-13
4.946	0.5887E-13
5.362	0.6101E-13
5.812	0.6321E-13
6.299	0.6547E-13
6.827	0.6781E-13
7.400	0.7022E-13
8.022	0.7270E-13
8.700	0.7526E-13
9.438	0.7789E-13
10.24	0.8060E-13
11.13	0.8339E-13
12.09	0.8626E-13
13.16	0.8922E-13
14.33	0.9226E-13
15.63	0.9540E-13
17.06	0.9862E-13
18.67	0.1019E-12
20.46	0.1053E-12
22.47	0.1088E-12
24.73	0.1124E-12
27.30	0.1161E-12
30.22	0.1199E-12
33.56	0.1238E-12
37.39	0.1277E-12
41.82	0.1317E-12
46.95	0.1358E-12
52.94	0.1399E-12
59.92	0.1440E-12
68.06	0.1481E-12
77.51	0.1521E-12
88.41	0.1562E-12
100.8	0.1601E-12
114.8	0.1639E-12
130.3	0.1677E-12
147.3	0.1713E-12
165.7	0.1748E-12
185.4	0.1782E-12
206.2	0.1815E-12
228.1	0.1847E-12
250.9	0.1878E-12
274.5	0.1908E-12
298.9	0.1938E-12
324.1	0.1966E-12
349.8	0.1994E-12
376.2	0.2021E-12
403.2	0.2047E-12
430.5	0.2073E-12
458.4	0.2097E-12
486.8	0.2122E-12
515.7	0.2145E-12
544.9	0.2168E-12
574.6	0.2190E-12
604.7	0.2212E-12
635.2	0.2233E-12
666.1	0.2254E-12
697.3	0.2274E-12
729.0	0.2293E-12
761.0	0.2312E-12
793.4	0.2331E-12
826.2	0.2349E-12
859.4	0.2366E-12
893.1	0.2383E-12
927.1	0.2400E-12
961.5	0.2416E-12
996.4	0.2432E-12
1032.	0.2448E-12
1067.	0.2463E-12
1104.	0.2478E-12
1140.	0.2492E-12
1177.	0.2506E-12
1215.	0.2520E-12
1253.	0.2533E-12
1292.	0.2547E-12
1331.	0.2559E-12
1370.	0.2572E-12
1411.	0.2584E-12
1452.	0.2596E-12
1493.	0.2608E-12
1535.	0.2620E-12
1577.	0.2631E-12
1621.	0.2642E-12
1665.	0.2653E-12
1709.	0.2664E-12
1754.	0.2674E-12
1800.	0.2685E-12
1847.	0.2695E-12
1894.	0.2705E-12
1942.	0.2714E-12
1991.	0.2724E-12
2040.	0.2733E-12
2090.	0.2742E-12
2141.	0.2751E-12
2193.	0.2760E-12
2246.	0.2769E-12
2299.	0.2777E-12
2353.	0.2785E-12
2409.	0.2794E-12
2464.	0.2802E-12
2521.	0.2810E-12
2579.	0.2817E-12
2638.	0.2825E-12
2697.	0.2832E-12
2757.	0.2840E-12
2818.	0.2847E-12
2881.	0.2854E-12
2944.	0.2861E-12
3008.	0.2868E-12
3073.	0.2874E-12
3139.	0.2881E-12
3205.	0.2887E-12
3274.	0.2894E-12
3342.	0.2900E-12
3412.	0.2906E-12
3483.	0.2912E-12
3555.	0.2918E-12
 
 
E/N (Td)	Momentum frequency /N (m3/s)
0.2628E-01	0.5040E-14
0.3462E-01	0.5206E-14
0.4183E-01	0.5360E-14
0.4763E-01	0.5527E-14
0.5277E-01	0.5697E-14
0.5714E-01	0.5876E-14
0.6146E-01	0.6053E-14
0.6555E-01	0.6234E-14
0.6947E-01	0.6419E-14
0.7325E-01	0.6608E-14
0.7694E-01	0.6801E-14
0.8056E-01	0.6998E-14
0.8415E-01	0.7200E-14
0.8772E-01	0.7405E-14
0.9095E-01	0.7618E-14
0.9457E-01	0.7832E-14
0.9824E-01	0.8050E-14
0.1020	0.8274E-14
0.1058	0.8503E-14
0.1097	0.8736E-14
0.1137	0.8973E-14
0.1178	0.9218E-14
0.1220	0.9467E-14
0.1264	0.9722E-14
0.1310	0.9983E-14
0.1358	0.1025E-13
0.1407	0.1052E-13
0.1458	0.1080E-13
0.1512	0.1109E-13
0.1568	0.1138E-13
0.1626	0.1168E-13
0.1687	0.1199E-13
0.1752	0.1230E-13
0.1819	0.1262E-13
0.1889	0.1295E-13
0.1963	0.1329E-13
0.2041	0.1364E-13
0.2123	0.1400E-13
0.2209	0.1436E-13
0.2299	0.1473E-13
0.2394	0.1512E-13
0.2495	0.1551E-13
0.2601	0.1592E-13
0.2713	0.1634E-13
0.2832	0.1676E-13
0.2958	0.1720E-13
0.3093	0.1765E-13
0.3236	0.1812E-13
0.3389	0.1860E-13
0.3553	0.1909E-13
0.3729	0.1959E-13
0.3919	0.2011E-13
0.4126	0.2065E-13
0.4349	0.2120E-13
0.4593	0.2177E-13
0.4860	0.2235E-13
0.5153	0.2296E-13
0.5474	0.2358E-13
0.5829	0.2422E-13
0.6219	0.2488E-13
0.6651	0.2557E-13
0.7128	0.2627E-13
0.7654	0.2700E-13
0.8237	0.2776E-13
0.8879	0.2854E-13
0.9588	0.2935E-13
1.037	0.3018E-13
1.123	0.3105E-13
1.217	0.3195E-13
1.320	0.3289E-13
1.434	0.3386E-13
1.557	0.3487E-13
1.692	0.3591E-13
1.840	0.3701E-13
2.000	0.3815E-13
2.174	0.3934E-13
2.363	0.4058E-13
2.568	0.4188E-13
2.790	0.4325E-13
3.031	0.4468E-13
3.291	0.4618E-13
3.572	0.4776E-13
3.877	0.4943E-13
4.206	0.5118E-13
4.561	0.5304E-13
4.946	0.5501E-13
5.362	0.5709E-13
5.812	0.5930E-13
6.299	0.6165E-13
6.827	0.6415E-13
7.400	0.6682E-13
8.022	0.6968E-13
8.700	0.7273E-13
9.438	0.7600E-13
10.24	0.7950E-13
11.13	0.8326E-13
12.09	0.8729E-13
13.16	0.9162E-13
14.33	0.9627E-13
15.63	0.1012E-12
17.06	0.1066E-12
18.67	0.1123E-12
20.46	0.1183E-12
22.47	0.1247E-12
24.73	0.1315E-12
27.30	0.1386E-12
30.22	0.1460E-12
33.56	0.1535E-12
37.39	0.1613E-12
41.82	0.1691E-12
46.95	0.1769E-12
52.94	0.1846E-12
59.92	0.1920E-12
68.06	0.1992E-12
77.51	0.2059E-12
88.41	0.2122E-12
100.8	0.2180E-12
114.8	0.2234E-12
130.3	0.2284E-12
147.3	0.2331E-12
165.7	0.2374E-12
185.4	0.2416E-12
206.2	0.2455E-12
228.1	0.2493E-12
250.9	0.2528E-12
274.5	0.2563E-12
298.9	0.2595E-12
324.1	0.2627E-12
349.8	0.2657E-12
376.2	0.2686E-12
403.2	0.2713E-12
430.5	0.2739E-12
458.4	0.2765E-12
486.8	0.2789E-12
515.7	0.2812E-12
544.9	0.2834E-12
574.6	0.2856E-12
604.7	0.2876E-12
635.2	0.2896E-12
666.1	0.2915E-12
697.3	0.2933E-12
729.0	0.2951E-12
761.0	0.2969E-12
793.4	0.2986E-12
826.2	0.3002E-12
859.4	0.3019E-12
893.1	0.3035E-12
927.1	0.3051E-12
961.5	0.3066E-12
996.4	0.3082E-12
1032.	0.3097E-12
1067.	0.3112E-12
1104.	0.3127E-12
1140.	0.3142E-12
1177.	0.3157E-12
1215.	0.3172E-12
1253.	0.3187E-12
1292.	0.3202E-12
1331.	0.3216E-12
1370.	0.3231E-12
1411.	0.3246E-12
1452.	0.3261E-12
1493.	0.3276E-12
1535.	0.3291E-12
1577.	0.3306E-12
1621.	0.3322E-12
1665.	0.3337E-12
1709.	0.3353E-12
1754.	0.3368E-12
1800.	0.3384E-12
1847.	0.3400E-12
1894.	0.3416E-12
1942.	0.3432E-12
1991.	0.3448E-12
2040.	0.3465E-12
2090.	0.3481E-12
2141.	0.3498E-12
2193.	0.3514E-12
2246.	0.3532E-12
2299.	0.3548E-12
2353.	0.3565E-12
2409.	0.3583E-12
2464.	0.3599E-12
2521.	0.3617E-12
2579.	0.3634E-12
2638.	0.3652E-12
2697.	0.3670E-12
2757.	0.3687E-12
2818.	0.3705E-12
2881.	0.3722E-12
2944.	0.3741E-12
3008.	0.3758E-12
3073.	0.3776E-12
3139.	0.3794E-12
3205.	0.3811E-12
3274.	0.3829E-12
3342.	0.3848E-12
3412.	0.3865E-12
3483.	0.3882E-12
3555.	0.3901E-12
 
 
E/N (Td)	e-i momentum frequency /N (m3/s)
0.2628E-01	0.1144E-13
0.3462E-01	0.1110E-13
0.4183E-01	0.1096E-13
0.4763E-01	0.1071E-13
0.5277E-01	0.1047E-13
0.5714E-01	0.1018E-13
0.6146E-01	0.9958E-14
0.6555E-01	0.9741E-14
0.6947E-01	0.9529E-14
0.7325E-01	0.9323E-14
0.7694E-01	0.9123E-14
0.8056E-01	0.8929E-14
0.8415E-01	0.8740E-14
0.8772E-01	0.8556E-14
0.9095E-01	0.8343E-14
0.9457E-01	0.8171E-14
0.9824E-01	0.8005E-14
0.1020	0.7843E-14
0.1058	0.7684E-14
0.1097	0.7530E-14
0.1137	0.7381E-14
0.1178	0.7234E-14
0.1220	0.7091E-14
0.1264	0.6952E-14
0.1310	0.6817E-14
0.1358	0.6684E-14
0.1407	0.6555E-14
0.1458	0.6429E-14
0.1512	0.6306E-14
0.1568	0.6187E-14
0.1626	0.6070E-14
0.1687	0.5955E-14
0.1752	0.5844E-14
0.1819	0.5735E-14
0.1889	0.5629E-14
0.1963	0.5525E-14
0.2041	0.5423E-14
0.2123	0.5324E-14
0.2209	0.5227E-14
0.2299	0.5132E-14
0.2394	0.5040E-14
0.2495	0.4949E-14
0.2601	0.4861E-14
0.2713	0.4774E-14
0.2832	0.4689E-14
0.2958	0.4606E-14
0.3093	0.4525E-14
0.3236	0.4446E-14
0.3389	0.4368E-14
0.3553	0.4292E-14
0.3729	0.4218E-14
0.3919	0.4145E-14
0.4126	0.4073E-14
0.4349	0.4003E-14
0.4593	0.3935E-14
0.4860	0.3867E-14
0.5153	0.3801E-14
0.5474	0.3737E-14
0.5829	0.3673E-14
0.6219	0.3611E-14
0.6651	0.3549E-14
0.7128	0.3489E-14
0.7654	0.3430E-14
0.8237	0.3372E-14
0.8879	0.3314E-14
0.9588	0.3258E-14
1.037	0.3202E-14
1.123	0.3147E-14
1.217	0.3093E-14
1.320	0.3039E-14
1.434	0.2986E-14
1.557	0.2933E-14
1.692	0.2881E-14
1.840	0.2829E-14
2.000	0.2777E-14
2.174	0.2726E-14
2.363	0.2674E-14
2.568	0.2623E-14
2.790	0.2572E-14
3.031	0.2520E-14
3.291	0.2468E-14
3.572	0.2416E-14
3.877	0.2363E-14
4.206	0.2309E-14
4.561	0.2255E-14
4.946	0.2201E-14
5.362	0.2145E-14
5.812	0.2088E-14
6.299	0.2030E-14
6.827	0.1971E-14
7.400	0.1911E-14
8.022	0.1849E-14
8.700	0.1785E-14
9.438	0.1720E-14
10.24	0.1654E-14
11.13	0.1586E-14
12.09	0.1517E-14
13.16	0.1446E-14
14.33	0.1375E-14
15.63	0.1302E-14
17.06	0.1230E-14
18.67	0.1157E-14
20.46	0.1086E-14
22.47	0.1015E-14
24.73	0.9468E-15
27.30	0.8808E-15
30.22	0.8183E-15
33.56	0.7595E-15
37.39	0.7049E-15
41.82	0.6546E-15
46.95	0.6088E-15
52.94	0.5674E-15
59.92	0.5302E-15
68.06	0.4969E-15
77.51	0.4669E-15
88.41	0.4398E-15
100.8	0.4151E-15
114.8	0.3924E-15
130.3	0.3713E-15
147.3	0.3515E-15
165.7	0.3330E-15
185.4	0.3157E-15
206.2	0.2996E-15
228.1	0.2845E-15
250.9	0.2704E-15
274.5	0.2572E-15
298.9	0.2450E-15
324.1	0.2335E-15
349.8	0.2229E-15
376.2	0.2129E-15
403.2	0.2036E-15
430.5	0.1949E-15
458.4	0.1867E-15
486.8	0.1791E-15
515.7	0.1718E-15
544.9	0.1651E-15
574.6	0.1587E-15
604.7	0.1527E-15
635.2	0.1470E-15
666.1	0.1416E-15
697.3	0.1365E-15
729.0	0.1317E-15
761.0	0.1271E-15
793.4	0.1227E-15
826.2	0.1185E-15
859.4	0.1145E-15
893.1	0.1107E-15
927.1	0.1071E-15
961.5	0.1036E-15
996.4	0.1003E-15
1032.	0.9713E-16
1067.	0.9407E-16
1104.	0.9114E-16
1140.	0.8833E-16
1177.	0.8562E-16
1215.	0.8302E-16
1253.	0.8050E-16
1292.	0.7809E-16
1331.	0.7577E-16
1370.	0.7352E-16
1411.	0.7135E-16
1452.	0.6925E-16
1493.	0.6723E-16
1535.	0.6528E-16
1577.	0.6339E-16
1621.	0.6156E-16
1665.	0.5979E-16
1709.	0.5808E-16
1754.	0.5642E-16
1800.	0.5482E-16
1847.	0.5326E-16
1894.	0.5176E-16
1942.	0.5029E-16
1991.	0.4888E-16
2040.	0.4749E-16
2090.	0.4617E-16
2141.	0.4487E-16
2193.	0.4362E-16
2246.	0.4239E-16
2299.	0.4121E-16
2353.	0.4006E-16
2409.	0.3894E-16
2464.	0.3786E-16
2521.	0.3679E-16
2579.	0.3578E-16
2638.	0.3478E-16
2697.	0.3382E-16
2757.	0.3288E-16
2818.	0.3196E-16
2881.	0.3108E-16
2944.	0.3020E-16
3008.	0.2938E-16
3073.	0.2856E-16
3139.	0.2776E-16
3205.	0.2700E-16
3274.	0.2625E-16
3342.	0.2552E-16
3412.	0.2481E-16
3483.	0.2413E-16
3555.	0.2345E-16
 
 
E/N (Td)	Total ionization freq. /N (m3/s)
0.2628E-01	0.6560E-25
0.3462E-01	0.9702E-25
0.4183E-01	0.1421E-24
0.4763E-01	0.2066E-24
0.5277E-01	0.2979E-24
0.5714E-01	0.4265E-24
0.6146E-01	0.6042E-24
0.6555E-01	0.8493E-24
0.6947E-01	0.1186E-23
0.7325E-01	0.1643E-23
0.7694E-01	0.2259E-23
0.8056E-01	0.3083E-23
0.8415E-01	0.4179E-23
0.8772E-01	0.5626E-23
0.9095E-01	0.7523E-23
0.9457E-01	0.9993E-23
0.9824E-01	0.1319E-22
0.1020	0.1729E-22
0.1058	0.2256E-22
0.1097	0.2921E-22
0.1137	0.3760E-22
0.1178	0.4819E-22
0.1220	0.6137E-22
0.1264	0.7775E-22
0.1310	0.9797E-22
0.1358	0.1228E-21
0.1407	0.1532E-21
0.1458	0.1901E-21
0.1512	0.2348E-21
0.1568	0.2887E-21
0.1626	0.3532E-21
0.1687	0.4303E-21
0.1752	0.5219E-21
0.1819	0.6303E-21
0.1889	0.7579E-21
0.1963	0.9077E-21
0.2041	0.1083E-20
0.2123	0.1287E-20
0.2209	0.1523E-20
0.2299	0.1796E-20
0.2394	0.2110E-20
0.2495	0.2470E-20
0.2601	0.2881E-20
0.2713	0.3350E-20
0.2832	0.3882E-20
0.2958	0.4483E-20
0.3093	0.5162E-20
0.3236	0.5924E-20
0.3389	0.6778E-20
0.3553	0.7732E-20
0.3729	0.8794E-20
0.3919	0.9973E-20
0.4126	0.1128E-19
0.4349	0.1272E-19
0.4593	0.1431E-19
0.4860	0.1605E-19
0.5153	0.1796E-19
0.5474	0.2005E-19
0.5829	0.2232E-19
0.6219	0.2479E-19
0.6651	0.2748E-19
0.7128	0.3038E-19
0.7654	0.3351E-19
0.8237	0.3689E-19
0.8879	0.4053E-19
0.9588	0.4444E-19
1.037	0.4862E-19
1.123	0.5310E-19
1.217	0.5789E-19
1.320	0.6301E-19
1.434	0.6846E-19
1.557	0.7427E-19
1.692	0.8046E-19
1.840	0.8705E-19
2.000	0.9405E-19
2.174	0.1015E-18
2.363	0.1095E-18
2.568	0.1179E-18
2.790	0.1269E-18
3.031	0.1366E-18
3.291	0.1469E-18
3.572	0.1580E-18
3.877	0.1698E-18
4.206	0.1827E-18
4.561	0.1966E-18
4.946	0.2116E-18
5.362	0.2281E-18
5.812	0.2462E-18
6.299	0.2661E-18
6.827	0.2882E-18
7.400	0.3130E-18
8.022	0.3408E-18
8.700	0.3723E-18
9.438	0.4084E-18
10.24	0.4500E-18
11.13	0.4985E-18
12.09	0.5557E-18
13.16	0.6237E-18
14.33	0.7057E-18
15.63	0.8058E-18
17.06	0.9297E-18
18.67	0.1085E-17
20.46	0.1284E-17
22.47	0.1543E-17
24.73	0.1884E-17
27.30	0.2346E-17
30.22	0.2978E-17
33.56	0.3861E-17
37.39	0.5117E-17
41.82	0.6935E-17
46.95	0.9606E-17
52.94	0.1358E-16
59.92	0.1951E-16
68.06	0.2840E-16
77.51	0.4160E-16
88.41	0.6090E-16
100.8	0.8852E-16
114.8	0.1268E-15
130.3	0.1786E-15
147.3	0.2466E-15
165.7	0.3329E-15
185.4	0.4397E-15
206.2	0.5689E-15
228.1	0.7217E-15
250.9	0.8993E-15
274.5	0.1103E-14
298.9	0.1332E-14
324.1	0.1589E-14
349.8	0.1872E-14
376.2	0.2184E-14
403.2	0.2524E-14
430.5	0.2890E-14
458.4	0.3284E-14
486.8	0.3707E-14
515.7	0.4158E-14
544.9	0.4636E-14
574.6	0.5142E-14
604.7	0.5675E-14
635.2	0.6236E-14
666.1	0.6824E-14
697.3	0.7438E-14
729.0	0.8079E-14
761.0	0.8747E-14
793.4	0.9441E-14
826.2	0.1016E-13
859.4	0.1090E-13
893.1	0.1167E-13
927.1	0.1247E-13
961.5	0.1329E-13
996.4	0.1413E-13
1032.	0.1500E-13
1067.	0.1589E-13
1104.	0.1681E-13
1140.	0.1775E-13
1177.	0.1871E-13
1215.	0.1969E-13
1253.	0.2070E-13
1292.	0.2173E-13
1331.	0.2278E-13
1370.	0.2385E-13
1411.	0.2494E-13
1452.	0.2605E-13
1493.	0.2719E-13
1535.	0.2834E-13
1577.	0.2951E-13
1621.	0.3071E-13
1665.	0.3192E-13
1709.	0.3315E-13
1754.	0.3440E-13
1800.	0.3566E-13
1847.	0.3695E-13
1894.	0.3825E-13
1942.	0.3957E-13
1991.	0.4090E-13
2040.	0.4226E-13
2090.	0.4362E-13
2141.	0.4500E-13
2193.	0.4639E-13
2246.	0.4781E-13
2299.	0.4923E-13
2353.	0.5066E-13
2409.	0.5211E-13
2464.	0.5357E-13
2521.	0.5504E-13
2579.	0.5652E-13
2638.	0.5801E-13
2697.	0.5951E-13
2757.	0.6102E-13
2818.	0.6254E-13
2881.	0.6407E-13
2944.	0.6560E-13
3008.	0.6714E-13
3073.	0.6869E-13
3139.	0.7024E-13
3205.	0.7180E-13
3274.	0.7336E-13
3342.	0.7492E-13
3412.	0.7648E-13
3483.	0.7805E-13
3555.	0.7962E-13
 
 
E/N (Td)	Townsend ioniz. coef. alpha/N (m2)
0.2628E-01	0.2338E-27
0.3462E-01	0.2596E-27
0.4183E-01	0.3151E-27
0.4763E-01	0.4003E-27
0.5277E-01	0.5186E-27
0.5714E-01	0.6811E-27
0.6146E-01	0.8944E-27
0.6555E-01	0.1176E-26
0.6947E-01	0.1547E-26
0.7325E-01	0.2030E-26
0.7694E-01	0.2657E-26
0.8056E-01	0.3464E-26
0.8415E-01	0.4499E-26
0.8772E-01	0.5817E-26
0.9095E-01	0.7501E-26
0.9457E-01	0.9609E-26
0.9824E-01	0.1225E-25
0.1020	0.1553E-25
0.1058	0.1962E-25
0.1097	0.2462E-25
0.1137	0.3074E-25
0.1178	0.3825E-25
0.1220	0.4732E-25
0.1264	0.5827E-25
0.1310	0.7140E-25
0.1358	0.8707E-25
0.1407	0.1057E-24
0.1458	0.1277E-24
0.1512	0.1536E-24
0.1568	0.1839E-24
0.1626	0.2191E-24
0.1687	0.2601E-24
0.1752	0.3073E-24
0.1819	0.3616E-24
0.1889	0.4237E-24
0.1963	0.4945E-24
0.2041	0.5749E-24
0.2123	0.6656E-24
0.2209	0.7677E-24
0.2299	0.8821E-24
0.2394	0.1010E-23
0.2495	0.1152E-23
0.2601	0.1309E-23
0.2713	0.1482E-23
0.2832	0.1672E-23
0.2958	0.1879E-23
0.3093	0.2104E-23
0.3236	0.2348E-23
0.3389	0.2611E-23
0.3553	0.2892E-23
0.3729	0.3192E-23
0.3919	0.3509E-23
0.4126	0.3842E-23
0.4349	0.4190E-23
0.4593	0.4552E-23
0.4860	0.4923E-23
0.5153	0.5302E-23
0.5474	0.5687E-23
0.5829	0.6073E-23
0.6219	0.6458E-23
0.6651	0.6838E-23
0.7128	0.7212E-23
0.7654	0.7576E-23
0.8237	0.7928E-23
0.8879	0.8267E-23
0.9588	0.8591E-23
1.037	0.8901E-23
1.123	0.9197E-23
1.217	0.9478E-23
1.320	0.9746E-23
1.434	0.1000E-22
1.557	0.1025E-22
1.692	0.1049E-22
1.840	0.1072E-22
2.000	0.1094E-22
2.174	0.1117E-22
2.363	0.1139E-22
2.568	0.1162E-22
2.790	0.1185E-22
3.031	0.1209E-22
3.291	0.1235E-22
3.572	0.1261E-22
3.877	0.1290E-22
4.206	0.1321E-22
4.561	0.1355E-22
4.946	0.1392E-22
5.362	0.1433E-22
5.812	0.1478E-22
6.299	0.1530E-22
6.827	0.1587E-22
7.400	0.1653E-22
8.022	0.1727E-22
8.700	0.1813E-22
9.438	0.1912E-22
10.24	0.2027E-22
11.13	0.2162E-22
12.09	0.2320E-22
13.16	0.2509E-22
14.33	0.2734E-22
15.63	0.3007E-22
17.06	0.3339E-22
18.67	0.3750E-22
20.46	0.4263E-22
22.47	0.4910E-22
24.73	0.5737E-22
27.30	0.6815E-22
30.22	0.8224E-22
33.56	0.1009E-21
37.39	0.1261E-21
41.82	0.1601E-21
46.95	0.2065E-21
52.94	0.2700E-21
59.92	0.3566E-21
68.06	0.4737E-21
77.51	0.6297E-21
88.41	0.8328E-21
100.8	0.1090E-20
114.8	0.1405E-20
130.3	0.1783E-20
147.3	0.2221E-20
165.7	0.2716E-20
185.4	0.3262E-20
206.2	0.3856E-20
228.1	0.4490E-20
250.9	0.5159E-20
274.5	0.5858E-20
298.9	0.6583E-20
324.1	0.7329E-20
349.8	0.8093E-20
376.2	0.8873E-20
403.2	0.9665E-20
430.5	0.1046E-19
458.4	0.1127E-19
486.8	0.1208E-19
515.7	0.1290E-19
544.9	0.1372E-19
574.6	0.1454E-19
604.7	0.1535E-19
635.2	0.1617E-19
666.1	0.1699E-19
697.3	0.1780E-19
729.0	0.1861E-19
761.0	0.1941E-19
793.4	0.2021E-19
826.2	0.2100E-19
859.4	0.2178E-19
893.1	0.2256E-19
927.1	0.2334E-19
961.5	0.2410E-19
996.4	0.2486E-19
1032.	0.2561E-19
1067.	0.2635E-19
1104.	0.2708E-19
1140.	0.2781E-19
1177.	0.2852E-19
1215.	0.2923E-19
1253.	0.2993E-19
1292.	0.3062E-19
1331.	0.3130E-19
1370.	0.3197E-19
1411.	0.3263E-19
1452.	0.3328E-19
1493.	0.3392E-19
1535.	0.3455E-19
1577.	0.3517E-19
1621.	0.3578E-19
1665.	0.3638E-19
1709.	0.3697E-19
1754.	0.3755E-19
1800.	0.3812E-19
1847.	0.3868E-19
1894.	0.3922E-19
1942.	0.3976E-19
1991.	0.4028E-19
2040.	0.4080E-19
2090.	0.4130E-19
2141.	0.4179E-19
2193.	0.4226E-19
2246.	0.4273E-19
2299.	0.4319E-19
2353.	0.4363E-19
2409.	0.4406E-19
2464.	0.4448E-19
2521.	0.4489E-19
2579.	0.4528E-19
2638.	0.4566E-19
2697.	0.4603E-19
2757.	0.4639E-19
2818.	0.4673E-19
2881.	0.4706E-19
2944.	0.4738E-19
3008.	0.4769E-19
3073.	0.4798E-19
3139.	0.4826E-19
3205.	0.4852E-19
3274.	0.4878E-19
3342.	0.4902E-19
3412.	0.4924E-19
3483.	0.4946E-19
3555.	0.4966E-19
 
 
E/N (Td)	Power /N (eV m3/s)
0.2628E-01	0.7373E-20
0.3462E-01	0.1294E-19
0.4183E-01	0.1887E-19
0.4763E-01	0.2459E-19
0.5277E-01	0.3031E-19
0.5714E-01	0.3578E-19
0.6146E-01	0.4152E-19
0.6555E-01	0.4734E-19
0.6947E-01	0.5325E-19
0.7325E-01	0.5927E-19
0.7694E-01	0.6541E-19
0.8056E-01	0.7171E-19
0.8415E-01	0.7817E-19
0.8772E-01	0.8483E-19
0.9095E-01	0.9121E-19
0.9457E-01	0.9836E-19
0.9824E-01	0.1058E-18
0.1020	0.1135E-18
0.1058	0.1217E-18
0.1097	0.1301E-18
0.1137	0.1390E-18
0.1178	0.1484E-18
0.1220	0.1583E-18
0.1264	0.1687E-18
0.1310	0.1798E-18
0.1358	0.1915E-18
0.1407	0.2039E-18
0.1458	0.2171E-18
0.1512	0.2312E-18
0.1568	0.2462E-18
0.1626	0.2622E-18
0.1687	0.2792E-18
0.1752	0.2975E-18
0.1819	0.3170E-18
0.1889	0.3379E-18
0.1963	0.3604E-18
0.2041	0.3844E-18
0.2123	0.4103E-18
0.2209	0.4381E-18
0.2299	0.4680E-18
0.2394	0.5002E-18
0.2495	0.5350E-18
0.2601	0.5727E-18
0.2713	0.6134E-18
0.2832	0.6577E-18
0.2958	0.7059E-18
0.3093	0.7585E-18
0.3236	0.8162E-18
0.3389	0.8796E-18
0.3553	0.9496E-18
0.3729	0.1027E-17
0.3919	0.1114E-17
0.4126	0.1211E-17
0.4349	0.1320E-17
0.4593	0.1444E-17
0.4860	0.1585E-17
0.5153	0.1745E-17
0.5474	0.1930E-17
0.5829	0.2142E-17
0.6219	0.2388E-17
0.6651	0.2672E-17
0.7128	0.3002E-17
0.7654	0.3386E-17
0.8237	0.3833E-17
0.8879	0.4353E-17
0.9588	0.4959E-17
1.037	0.5664E-17
1.123	0.6483E-17
1.217	0.7434E-17
1.320	0.8536E-17
1.434	0.9812E-17
1.557	0.1129E-16
1.692	0.1299E-16
1.840	0.1494E-16
2.000	0.1719E-16
2.174	0.1976E-16
2.363	0.2271E-16
2.568	0.2606E-16
2.790	0.2989E-16
3.031	0.3423E-16
3.291	0.3916E-16
3.572	0.4473E-16
3.877	0.5104E-16
4.206	0.5816E-16
4.561	0.6618E-16
4.946	0.7521E-16
5.362	0.8536E-16
5.812	0.9677E-16
6.299	0.1096E-15
6.827	0.1240E-15
7.400	0.1401E-15
8.022	0.1583E-15
8.700	0.1786E-15
9.438	0.2016E-15
10.24	0.2274E-15
11.13	0.2566E-15
12.09	0.2896E-15
13.16	0.3271E-15
14.33	0.3698E-15
15.63	0.4187E-15
17.06	0.4751E-15
18.67	0.5403E-15
20.46	0.6164E-15
22.47	0.7060E-15
24.73	0.8122E-15
27.30	0.9401E-15
30.22	0.1094E-14
33.56	0.1283E-14
37.39	0.1518E-14
41.82	0.1811E-14
46.95	0.2184E-14
52.94	0.2662E-14
59.92	0.3279E-14
68.06	0.4080E-14
77.51	0.5121E-14
88.41	0.6466E-14
100.8	0.8187E-14
114.8	0.1035E-13
130.3	0.1306E-13
147.3	0.1636E-13
165.7	0.2031E-13
185.4	0.2499E-13
206.2	0.3042E-13
228.1	0.3666E-13
250.9	0.4373E-13
274.5	0.5167E-13
298.9	0.6050E-13
324.1	0.7025E-13
349.8	0.8093E-13
376.2	0.9262E-13
403.2	0.1053E-12
430.5	0.1189E-12
458.4	0.1336E-12
486.8	0.1494E-12
515.7	0.1662E-12
544.9	0.1842E-12
574.6	0.2033E-12
604.7	0.2235E-12
635.2	0.2449E-12
666.1	0.2676E-12
697.3	0.2914E-12
729.0	0.3166E-12
761.0	0.3430E-12
793.4	0.3707E-12
826.2	0.3998E-12
859.4	0.4302E-12
893.1	0.4621E-12
927.1	0.4954E-12
961.5	0.5302E-12
996.4	0.5664E-12
1032.	0.6043E-12
1067.	0.6438E-12
1104.	0.6848E-12
1140.	0.7276E-12
1177.	0.7721E-12
1215.	0.8184E-12
1253.	0.8665E-12
1292.	0.9165E-12
1331.	0.9684E-12
1370.	0.1022E-11
1411.	0.1078E-11
1452.	0.1136E-11
1493.	0.1197E-11
1535.	0.1259E-11
1577.	0.1324E-11
1621.	0.1391E-11
1665.	0.1460E-11
1709.	0.1532E-11
1754.	0.1607E-11
1800.	0.1684E-11
1847.	0.1764E-11
1894.	0.1847E-11
1942.	0.1933E-11
1991.	0.2021E-11
2040.	0.2113E-11
2090.	0.2208E-11
2141.	0.2306E-11
2193.	0.2408E-11
2246.	0.2513E-11
2299.	0.2621E-11
2353.	0.2733E-11
2409.	0.2848E-11
2464.	0.2968E-11
2521.	0.3092E-11
2579.	0.3219E-11
2638.	0.3351E-11
2697.	0.3487E-11
2757.	0.3627E-11
2818.	0.3772E-11
2881.	0.3922E-11
2944.	0.4076E-11
3008.	0.4235E-11
3073.	0.4399E-11
3139.	0.4568E-11
3205.	0.4743E-11
3274.	0.4923E-11
3342.	0.5108E-11
3412.	0.5299E-11
3483.	0.5497E-11
3555.	0.5699E-11
 
 
E/N (Td)	Elastic power loss /N (eV m3/s)
0.2628E-01	0.1533E-20
0.3462E-01	0.2878E-20
0.4183E-01	0.4369E-20
0.4763E-01	0.6013E-20
0.5277E-01	0.7823E-20
0.5714E-01	0.9813E-20
0.6146E-01	0.1199E-19
0.6555E-01	0.1437E-19
0.6947E-01	0.1697E-19
0.7325E-01	0.1982E-19
0.7694E-01	0.2291E-19
0.8056E-01	0.2629E-19
0.8415E-01	0.2995E-19
0.8772E-01	0.3393E-19
0.9095E-01	0.3824E-19
0.9457E-01	0.4292E-19
0.9824E-01	0.4798E-19
0.1020	0.5345E-19
0.1058	0.5940E-19
0.1097	0.6578E-19
0.1137	0.7266E-19
0.1178	0.8013E-19
0.1220	0.8817E-19
0.1264	0.9683E-19
0.1310	0.1062E-18
0.1358	0.1162E-18
0.1407	0.1270E-18
0.1458	0.1387E-18
0.1512	0.1512E-18
0.1568	0.1647E-18
0.1626	0.1792E-18
0.1687	0.1947E-18
0.1752	0.2115E-18
0.1819	0.2294E-18
0.1889	0.2487E-18
0.1963	0.2694E-18
0.2041	0.2917E-18
0.2123	0.3156E-18
0.2209	0.3412E-18
0.2299	0.3687E-18
0.2394	0.3982E-18
0.2495	0.4299E-18
0.2601	0.4638E-18
0.2713	0.5002E-18
0.2832	0.5392E-18
0.2958	0.5810E-18
0.3093	0.6258E-18
0.3236	0.6738E-18
0.3389	0.7252E-18
0.3553	0.7802E-18
0.3729	0.8391E-18
0.3919	0.9021E-18
0.4126	0.9695E-18
0.4349	0.1042E-17
0.4593	0.1119E-17
0.4860	0.1201E-17
0.5153	0.1289E-17
0.5474	0.1382E-17
0.5829	0.1482E-17
0.6219	0.1589E-17
0.6651	0.1702E-17
0.7128	0.1823E-17
0.7654	0.1951E-17
0.8237	0.2088E-17
0.8879	0.2233E-17
0.9588	0.2387E-17
1.037	0.2550E-17
1.123	0.2723E-17
1.217	0.2906E-17
1.320	0.3099E-17
1.434	0.3304E-17
1.557	0.3520E-17
1.692	0.3748E-17
1.840	0.3988E-17
2.000	0.4241E-17
2.174	0.4508E-17
2.363	0.4788E-17
2.568	0.5082E-17
2.790	0.5391E-17
3.031	0.5716E-17
3.291	0.6056E-17
3.572	0.6413E-17
3.877	0.6786E-17
4.206	0.7177E-17
4.561	0.7586E-17
4.946	0.8014E-17
5.362	0.8461E-17
5.812	0.8928E-17
6.299	0.9416E-17
6.827	0.9925E-17
7.400	0.1046E-16
8.022	0.1101E-16
8.700	0.1159E-16
9.438	0.1219E-16
10.24	0.1283E-16
11.13	0.1348E-16
12.09	0.1417E-16
13.16	0.1489E-16
14.33	0.1564E-16
15.63	0.1643E-16
17.06	0.1725E-16
18.67	0.1811E-16
20.46	0.1901E-16
22.47	0.1995E-16
24.73	0.2094E-16
27.30	0.2198E-16
30.22	0.2308E-16
33.56	0.2422E-16
37.39	0.2543E-16
41.82	0.2669E-16
46.95	0.2802E-16
52.94	0.2941E-16
59.92	0.3086E-16
68.06	0.3237E-16
77.51	0.3395E-16
88.41	0.3558E-16
100.8	0.3726E-16
114.8	0.3898E-16
130.3	0.4074E-16
147.3	0.4254E-16
165.7	0.4438E-16
185.4	0.4624E-16
206.2	0.4814E-16
228.1	0.5006E-16
250.9	0.5201E-16
274.5	0.5398E-16
298.9	0.5599E-16
324.1	0.5803E-16
349.8	0.6010E-16
376.2	0.6222E-16
403.2	0.6436E-16
430.5	0.6653E-16
458.4	0.6875E-16
486.8	0.7101E-16
515.7	0.7331E-16
544.9	0.7565E-16
574.6	0.7804E-16
604.7	0.8047E-16
635.2	0.8295E-16
666.1	0.8548E-16
697.3	0.8806E-16
729.0	0.9069E-16
761.0	0.9338E-16
793.4	0.9612E-16
826.2	0.9892E-16
859.4	0.1018E-15
893.1	0.1047E-15
927.1	0.1077E-15
961.5	0.1107E-15
996.4	0.1139E-15
1032.	0.1171E-15
1067.	0.1203E-15
1104.	0.1237E-15
1140.	0.1271E-15
1177.	0.1306E-15
1215.	0.1341E-15
1253.	0.1378E-15
1292.	0.1416E-15
1331.	0.1454E-15
1370.	0.1493E-15
1411.	0.1533E-15
1452.	0.1575E-15
1493.	0.1617E-15
1535.	0.1660E-15
1577.	0.1705E-15
1621.	0.1750E-15
1665.	0.1797E-15
1709.	0.1844E-15
1754.	0.1893E-15
1800.	0.1943E-15
1847.	0.1995E-15
1894.	0.2048E-15
1942.	0.2102E-15
1991.	0.2157E-15
2040.	0.2214E-15
2090.	0.2272E-15
2141.	0.2331E-15
2193.	0.2392E-15
2246.	0.2455E-15
2299.	0.2519E-15
2353.	0.2585E-15
2409.	0.2653E-15
2464.	0.2722E-15
2521.	0.2793E-15
2579.	0.2865E-15
2638.	0.2940E-15
2697.	0.3016E-15
2757.	0.3094E-15
2818.	0.3174E-15
2881.	0.3256E-15
2944.	0.3340E-15
3008.	0.3426E-15
3073.	0.3514E-15
3139.	0.3604E-15
3205.	0.3697E-15
3274.	0.3791E-15
3342.	0.3888E-15
3412.	0.3987E-15
3483.	0.4089E-15
3555.	0.4192E-15
 
 
E/N (Td)	Inelastic power loss /N (eV m3/s)
0.2628E-01	0.2755E-24
0.3462E-01	0.4075E-24
0.4183E-01	0.5969E-24
0.4763E-01	0.8678E-24
0.5277E-01	0.1251E-23
0.5714E-01	0.1791E-23
0.6146E-01	0.2538E-23
0.6555E-01	0.3567E-23
0.6947E-01	0.4980E-23
0.7325E-01	0.6899E-23
0.7694E-01	0.9487E-23
0.8056E-01	0.1295E-22
0.8415E-01	0.1755E-22
0.8772E-01	0.2363E-22
0.9095E-01	0.3159E-22
0.9457E-01	0.4197E-22
0.9824E-01	0.5538E-22
0.1020	0.7263E-22
0.1058	0.9477E-22
0.1097	0.1227E-21
0.1137	0.1579E-21
0.1178	0.2024E-21
0.1220	0.2578E-21
0.1264	0.3266E-21
0.1310	0.4115E-21
0.1358	0.5158E-21
0.1407	0.6452E-21
0.1458	0.8016E-21
0.1512	0.9916E-21
0.1568	0.1221E-20
0.1626	0.1499E-20
0.1687	0.1832E-20
0.1752	0.2233E-20
0.1819	0.2713E-20
0.1889	0.3289E-20
0.1963	0.3979E-20
0.2041	0.4807E-20
0.2123	0.5803E-20
0.2209	0.7006E-20
0.2299	0.8464E-20
0.2394	0.1024E-19
0.2495	0.1242E-19
0.2601	0.1510E-19
0.2713	0.1842E-19
0.2832	0.2257E-19
0.2958	0.2777E-19
0.3093	0.3432E-19
0.3236	0.4260E-19
0.3389	0.5311E-19
0.3553	0.6645E-19
0.3729	0.8341E-19
0.3919	0.1050E-18
0.4126	0.1323E-18
0.4349	0.1670E-18
0.4593	0.2109E-18
0.4860	0.2661E-18
0.5153	0.3355E-18
0.5474	0.4223E-18
0.5829	0.5303E-18
0.6219	0.6644E-18
0.6651	0.8299E-18
0.7128	0.1033E-17
0.7654	0.1282E-17
0.8237	0.1585E-17
0.8879	0.1952E-17
0.9588	0.2394E-17
1.037	0.2925E-17
1.123	0.3560E-17
1.217	0.4316E-17
1.320	0.5212E-17
1.434	0.6268E-17
1.557	0.7510E-17
1.692	0.8965E-17
1.840	0.1066E-16
2.000	0.1263E-16
2.174	0.1492E-16
2.363	0.1755E-16
2.568	0.2059E-16
2.790	0.2407E-16
3.031	0.2806E-16
3.291	0.3261E-16
3.572	0.3779E-16
3.877	0.4367E-16
4.206	0.5035E-16
4.561	0.5791E-16
4.946	0.6645E-16
5.362	0.7608E-16
5.812	0.8695E-16
6.299	0.9919E-16
6.827	0.1130E-15
7.400	0.1285E-15
8.022	0.1459E-15
8.700	0.1656E-15
9.438	0.1878E-15
10.24	0.2128E-15
11.13	0.2410E-15
12.09	0.2731E-15
13.16	0.3095E-15
14.33	0.3511E-15
15.63	0.3987E-15
17.06	0.4536E-15
18.67	0.5171E-15
20.46	0.5913E-15
22.47	0.6784E-15
24.73	0.7818E-15
27.30	0.9060E-15
30.22	0.1056E-14
33.56	0.1238E-14
37.39	0.1464E-14
41.82	0.1746E-14
46.95	0.2101E-14
52.94	0.2552E-14
59.92	0.3130E-14
68.06	0.3872E-14
77.51	0.4822E-14
88.41	0.6033E-14
100.8	0.7559E-14
114.8	0.9447E-14
130.3	0.1176E-13
147.3	0.1454E-13
165.7	0.1782E-13
185.4	0.2163E-13
206.2	0.2598E-13
228.1	0.3090E-13
250.9	0.3639E-13
274.5	0.4246E-13
298.9	0.4911E-13
324.1	0.5634E-13
349.8	0.6415E-13
376.2	0.7257E-13
403.2	0.8156E-13
430.5	0.9109E-13
458.4	0.1012E-12
486.8	0.1119E-12
515.7	0.1232E-12
544.9	0.1351E-12
574.6	0.1474E-12
604.7	0.1604E-12
635.2	0.1739E-12
666.1	0.1879E-12
697.3	0.2025E-12
729.0	0.2176E-12
761.0	0.2332E-12
793.4	0.2493E-12
826.2	0.2659E-12
859.4	0.2830E-12
893.1	0.3006E-12
927.1	0.3187E-12
961.5	0.3373E-12
996.4	0.3563E-12
1032.	0.3757E-12
1067.	0.3957E-12
1104.	0.4160E-12
1140.	0.4368E-12
1177.	0.4581E-12
1215.	0.4797E-12
1253.	0.5018E-12
1292.	0.5243E-12
1331.	0.5471E-12
1370.	0.5704E-12
1411.	0.5940E-12
1452.	0.6181E-12
1493.	0.6425E-12
1535.	0.6672E-12
1577.	0.6923E-12
1621.	0.7178E-12
1665.	0.7436E-12
1709.	0.7697E-12
1754.	0.7961E-12
1800.	0.8229E-12
1847.	0.8499E-12
1894.	0.8773E-12
1942.	0.9050E-12
1991.	0.9329E-12
2040.	0.9611E-12
2090.	0.9894E-12
2141.	0.1018E-11
2193.	0.1047E-11
2246.	0.1076E-11
2299.	0.1105E-11
2353.	0.1135E-11
2409.	0.1165E-11
2464.	0.1195E-11
2521.	0.1225E-11
2579.	0.1255E-11
2638.	0.1285E-11
2697.	0.1316E-11
2757.	0.1346E-11
2818.	0.1377E-11
2881.	0.1408E-11
2944.	0.1439E-11
3008.	0.1470E-11
3073.	0.1501E-11
3139.	0.1532E-11
3205.	0.1563E-11
3274.	0.1594E-11
3342.	0.1625E-11
3412.	0.1656E-11
3483.	0.1687E-11
3555.	0.1718E-11
 
 
E/N (Td)	Growth power /N (eV m3/s)
0.2628E-01	0.2624E-25
0.3462E-01	0.3977E-25
0.4183E-01	0.5968E-25
0.4763E-01	0.8890E-25
0.5277E-01	0.1313E-24
0.5714E-01	0.1926E-24
0.6146E-01	0.2796E-24
0.6555E-01	0.4026E-24
0.6947E-01	0.5759E-24
0.7325E-01	0.8174E-24
0.7694E-01	0.1152E-23
0.8056E-01	0.1611E-23
0.8415E-01	0.2237E-23
0.8772E-01	0.3085E-23
0.9095E-01	0.4227E-23
0.9457E-01	0.5753E-23
0.9824E-01	0.7777E-23
0.1020	0.1045E-22
0.1058	0.1397E-22
0.1097	0.1853E-22
0.1137	0.2443E-22
0.1178	0.3208E-22
0.1220	0.4187E-22
0.1264	0.5434E-22
0.1310	0.7016E-22
0.1358	0.9011E-22
0.1407	0.1152E-21
0.1458	0.1464E-21
0.1512	0.1853E-21
0.1568	0.2334E-21
0.1626	0.2926E-21
0.1687	0.3652E-21
0.1752	0.4538E-21
0.1819	0.5615E-21
0.1889	0.6918E-21
0.1963	0.8489E-21
0.2041	0.1037E-20
0.2123	0.1263E-20
0.2209	0.1532E-20
0.2299	0.1850E-20
0.2394	0.2227E-20
0.2495	0.2672E-20
0.2601	0.3193E-20
0.2713	0.3804E-20
0.2832	0.4516E-20
0.2958	0.5344E-20
0.3093	0.6304E-20
0.3236	0.7412E-20
0.3389	0.8689E-20
0.3553	0.1015E-19
0.3729	0.1183E-19
0.3919	0.1375E-19
0.4126	0.1593E-19
0.4349	0.1841E-19
0.4593	0.2122E-19
0.4860	0.2438E-19
0.5153	0.2796E-19
0.5474	0.3197E-19
0.5829	0.3647E-19
0.6219	0.4150E-19
0.6651	0.4712E-19
0.7128	0.5338E-19
0.7654	0.6034E-19
0.8237	0.6805E-19
0.8879	0.7660E-19
0.9588	0.8604E-19
1.037	0.9646E-19
1.123	0.1079E-18
1.217	0.1206E-18
1.320	0.1344E-18
1.434	0.1497E-18
1.557	0.1664E-18
1.692	0.1846E-18
1.840	0.2047E-18
2.000	0.2266E-18
2.174	0.2505E-18
2.363	0.2768E-18
2.568	0.3055E-18
2.790	0.3370E-18
3.031	0.3714E-18
3.291	0.4093E-18
3.572	0.4509E-18
3.877	0.4968E-18
4.206	0.5474E-18
4.561	0.6035E-18
4.946	0.6658E-18
5.362	0.7352E-18
5.812	0.8129E-18
6.299	0.9003E-18
6.827	0.9991E-18
7.400	0.1111E-17
8.022	0.1240E-17
8.700	0.1388E-17
9.438	0.1560E-17
10.24	0.1761E-17
11.13	0.1999E-17
12.09	0.2283E-17
13.16	0.2625E-17
14.33	0.3043E-17
15.63	0.3560E-17
17.06	0.4208E-17
18.67	0.5034E-17
20.46	0.6103E-17
22.47	0.7511E-17
24.73	0.9399E-17
27.30	0.1199E-16
30.22	0.1559E-16
33.56	0.2071E-16
37.39	0.2813E-16
41.82	0.3905E-16
46.95	0.5543E-16
52.94	0.8026E-16
59.92	0.1182E-15
68.06	0.1762E-15
77.51	0.2645E-15
88.41	0.3967E-15
100.8	0.5908E-15
114.8	0.8668E-15
130.3	0.1252E-14
147.3	0.1770E-14
165.7	0.2448E-14
185.4	0.3313E-14
206.2	0.4392E-14
228.1	0.5708E-14
250.9	0.7288E-14
274.5	0.9156E-14
298.9	0.1133E-13
324.1	0.1385E-13
349.8	0.1672E-13
376.2	0.1999E-13
403.2	0.2366E-13
430.5	0.2775E-13
458.4	0.3232E-13
486.8	0.3738E-13
515.7	0.4295E-13
544.9	0.4907E-13
574.6	0.5576E-13
604.7	0.6306E-13
635.2	0.7098E-13
666.1	0.7959E-13
697.3	0.8888E-13
729.0	0.9891E-13
761.0	0.1097E-12
793.4	0.1213E-12
826.2	0.1338E-12
859.4	0.1471E-12
893.1	0.1614E-12
927.1	0.1766E-12
961.5	0.1928E-12
996.4	0.2101E-12
1032.	0.2285E-12
1067.	0.2480E-12
1104.	0.2687E-12
1140.	0.2907E-12
1177.	0.3140E-12
1215.	0.3386E-12
1253.	0.3647E-12
1292.	0.3922E-12
1331.	0.4212E-12
1370.	0.4519E-12
1411.	0.4842E-12
1452.	0.5182E-12
1493.	0.5541E-12
1535.	0.5918E-12
1577.	0.6314E-12
1621.	0.6730E-12
1665.	0.7168E-12
1709.	0.7627E-12
1754.	0.8109E-12
1800.	0.8614E-12
1847.	0.9144E-12
1894.	0.9698E-12
1942.	0.1028E-11
1991.	0.1089E-11
2040.	0.1152E-11
2090.	0.1219E-11
2141.	0.1288E-11
2193.	0.1361E-11
2246.	0.1437E-11
2299.	0.1516E-11
2353.	0.1598E-11
2409.	0.1684E-11
2464.	0.1774E-11
2521.	0.1868E-11
2579.	0.1965E-11
2638.	0.2066E-11
2697.	0.2172E-11
2757.	0.2281E-11
2818.	0.2396E-11
2881.	0.2515E-11
2944.	0.2638E-11
3008.	0.2766E-11
3073.	0.2899E-11
3139.	0.3037E-11
3205.	0.3181E-11
3274.	0.3331E-11
3342.	0.3484E-11
3412.	0.3645E-11
3483.	0.3811E-11
3555.	0.3983E-11
 
 
E/N (Td)	e-i power loss /N (eV m3/s)
0.2628E-01	0.5840E-20
0.3462E-01	0.1006E-19
0.4183E-01	0.1450E-19
0.4763E-01	0.1857E-19
0.5277E-01	0.2249E-19
0.5714E-01	0.2596E-19
0.6146E-01	0.2953E-19
0.6555E-01	0.3296E-19
0.6947E-01	0.3627E-19
0.7325E-01	0.3944E-19
0.7694E-01	0.4248E-19
0.8056E-01	0.4540E-19
0.8415E-01	0.4820E-19
0.8772E-01	0.5088E-19
0.9095E-01	0.5294E-19
0.9457E-01	0.5540E-19
0.9824E-01	0.5775E-19
0.1020	0.6000E-19
0.1058	0.6216E-19
0.1097	0.6421E-19
0.1137	0.6617E-19
0.1178	0.6805E-19
0.1220	0.6983E-19
0.1264	0.7153E-19
0.1310	0.7315E-19
0.1358	0.7468E-19
0.1407	0.7613E-19
0.1458	0.7751E-19
0.1512	0.7882E-19
0.1568	0.8006E-19
0.1626	0.8123E-19
0.1687	0.8233E-19
0.1752	0.8337E-19
0.1819	0.8435E-19
0.1889	0.8526E-19
0.1963	0.8612E-19
0.2041	0.8692E-19
0.2123	0.8766E-19
0.2209	0.8836E-19
0.2299	0.8900E-19
0.2394	0.8959E-19
0.2495	0.9013E-19
0.2601	0.9063E-19
0.2713	0.9108E-19
0.2832	0.9149E-19
0.2958	0.9186E-19
0.3093	0.9219E-19
0.3236	0.9247E-19
0.3389	0.9273E-19
0.3553	0.9294E-19
0.3729	0.9312E-19
0.3919	0.9327E-19
0.4126	0.9339E-19
0.4349	0.9347E-19
0.4593	0.9352E-19
0.4860	0.9355E-19
0.5153	0.9355E-19
0.5474	0.9352E-19
0.5829	0.9346E-19
0.6219	0.9338E-19
0.6651	0.9327E-19
0.7128	0.9314E-19
0.7654	0.9299E-19
0.8237	0.9281E-19
0.8879	0.9262E-19
0.9588	0.9240E-19
1.037	0.9217E-19
1.123	0.9191E-19
1.217	0.9164E-19
1.320	0.9135E-19
1.434	0.9104E-19
1.557	0.9071E-19
1.692	0.9036E-19
1.840	0.9000E-19
2.000	0.8962E-19
2.174	0.8923E-19
2.363	0.8882E-19
2.568	0.8839E-19
2.790	0.8795E-19
3.031	0.8749E-19
3.291	0.8701E-19
3.572	0.8652E-19
3.877	0.8602E-19
4.206	0.8550E-19
4.561	0.8496E-19
4.946	0.8441E-19
5.362	0.8384E-19
5.812	0.8326E-19
6.299	0.8266E-19
6.827	0.8205E-19
7.400	0.8142E-19
8.022	0.8078E-19
8.700	0.8012E-19
9.438	0.7945E-19
10.24	0.7877E-19
11.13	0.7807E-19
12.09	0.7736E-19
13.16	0.7664E-19
14.33	0.7592E-19
15.63	0.7518E-19
17.06	0.7444E-19
18.67	0.7369E-19
20.46	0.7294E-19
22.47	0.7219E-19
24.73	0.7144E-19
27.30	0.7069E-19
30.22	0.6995E-19
33.56	0.6923E-19
37.39	0.6851E-19
41.82	0.6781E-19
46.95	0.6713E-19
52.94	0.6646E-19
59.92	0.6582E-19
68.06	0.6520E-19
77.51	0.6460E-19
88.41	0.6403E-19
100.8	0.6348E-19
114.8	0.6295E-19
130.3	0.6244E-19
147.3	0.6194E-19
165.7	0.6145E-19
185.4	0.6098E-19
206.2	0.6051E-19
228.1	0.6005E-19
250.9	0.5960E-19
274.5	0.5916E-19
298.9	0.5872E-19
324.1	0.5829E-19
349.8	0.5786E-19
376.2	0.5744E-19
403.2	0.5702E-19
430.5	0.5661E-19
458.4	0.5620E-19
486.8	0.5580E-19
515.7	0.5540E-19
544.9	0.5501E-19
574.6	0.5462E-19
604.7	0.5423E-19
635.2	0.5384E-19
666.1	0.5346E-19
697.3	0.5308E-19
729.0	0.5271E-19
761.0	0.5233E-19
793.4	0.5196E-19
826.2	0.5159E-19
859.4	0.5122E-19
893.1	0.5086E-19
927.1	0.5050E-19
961.5	0.5014E-19
996.4	0.4979E-19
1032.	0.4943E-19
1067.	0.4908E-19
1104.	0.4872E-19
1140.	0.4837E-19
1177.	0.4802E-19
1215.	0.4768E-19
1253.	0.4733E-19
1292.	0.4698E-19
1331.	0.4664E-19
1370.	0.4630E-19
1411.	0.4596E-19
1452.	0.4561E-19
1493.	0.4527E-19
1535.	0.4494E-19
1577.	0.4460E-19
1621.	0.4426E-19
1665.	0.4393E-19
1709.	0.4359E-19
1754.	0.4326E-19
1800.	0.4293E-19
1847.	0.4260E-19
1894.	0.4227E-19
1942.	0.4194E-19
1991.	0.4161E-19
2040.	0.4129E-19
2090.	0.4096E-19
2141.	0.4064E-19
2193.	0.4032E-19
2246.	0.4000E-19
2299.	0.3968E-19
2353.	0.3936E-19
2409.	0.3905E-19
2464.	0.3873E-19
2521.	0.3842E-19
2579.	0.3810E-19
2638.	0.3780E-19
2697.	0.3749E-19
2757.	0.3718E-19
2818.	0.3688E-19
2881.	0.3657E-19
2944.	0.3627E-19
3008.	0.3597E-19
3073.	0.3568E-19
3139.	0.3538E-19
3205.	0.3508E-19
3274.	0.3479E-19
3342.	0.3450E-19
3412.	0.3421E-19
3483.	0.3393E-19
3555.	0.3364E-19
 
 
E/N (Td)	Coulomb logarithm
0.2628E-01	8.928
0.3462E-01	8.964
0.4183E-01	9.001
0.4763E-01	9.037
0.5277E-01	9.074
0.5714E-01	9.110
0.6146E-01	9.146
0.6555E-01	9.183
0.6947E-01	9.219
0.7325E-01	9.256
0.7694E-01	9.292
0.8056E-01	9.328
0.8415E-01	9.365
0.8772E-01	9.401
0.9095E-01	9.438
0.9457E-01	9.474
0.9824E-01	9.510
0.1020	9.547
0.1058	9.583
0.1097	9.620
0.1137	9.656
0.1178	9.692
0.1220	9.729
0.1264	9.765
0.1310	9.801
0.1358	9.838
0.1407	9.874
0.1458	9.911
0.1512	9.947
0.1568	9.983
0.1626	10.02
0.1687	10.06
0.1752	10.09
0.1819	10.13
0.1889	10.17
0.1963	10.20
0.2041	10.24
0.2123	10.27
0.2209	10.31
0.2299	10.35
0.2394	10.38
0.2495	10.42
0.2601	10.46
0.2713	10.49
0.2832	10.53
0.2958	10.57
0.3093	10.60
0.3236	10.64
0.3389	10.67
0.3553	10.71
0.3729	10.75
0.3919	10.78
0.4126	10.82
0.4349	10.86
0.4593	10.89
0.4860	10.93
0.5153	10.97
0.5474	11.00
0.5829	11.04
0.6219	11.08
0.6651	11.11
0.7128	11.15
0.7654	11.18
0.8237	11.22
0.8879	11.26
0.9588	11.29
1.037	11.33
1.123	11.37
1.217	11.40
1.320	11.44
1.434	11.48
1.557	11.51
1.692	11.55
1.840	11.58
2.000	11.62
2.174	11.66
2.363	11.69
2.568	11.73
2.790	11.77
3.031	11.80
3.291	11.84
3.572	11.88
3.877	11.91
4.206	11.95
4.561	11.99
4.946	12.02
5.362	12.06
5.812	12.09
6.299	12.13
6.827	12.17
7.400	12.20
8.022	12.24
8.700	12.28
9.438	12.31
10.24	12.35
11.13	12.39
12.09	12.42
13.16	12.46
14.33	12.49
15.63	12.53
17.06	12.57
18.67	12.60
20.46	12.64
22.47	12.68
24.73	12.71
27.30	12.75
30.22	12.79
33.56	12.82
37.39	12.86
41.82	12.89
46.95	12.93
52.94	12.97
59.92	13.00
68.06	13.04
77.51	13.08
88.41	13.11
100.8	13.15
114.8	13.19
130.3	13.22
147.3	13.26
165.7	13.30
185.4	13.33
206.2	13.37
228.1	13.40
250.9	13.44
274.5	13.48
298.9	13.51
324.1	13.55
349.8	13.59
376.2	13.62
403.2	13.66
430.5	13.70
458.4	13.73
486.8	13.77
515.7	13.80
544.9	13.84
574.6	13.88
604.7	13.91
635.2	13.95
666.1	13.99
697.3	14.02
729.0	14.06
761.0	14.10
793.4	14.13
826.2	14.17
859.4	14.21
893.1	14.24
927.1	14.28
961.5	14.31
996.4	14.35
1032.	14.39
1067.	14.42
1104.	14.46
1140.	14.50
1177.	14.53
1215.	14.57
1253.	14.61
1292.	14.64
1331.	14.68
1370.	14.71
1411.	14.75
1452.	14.79
1493.	14.82
1535.	14.86
1577.	14.90
1621.	14.93
1665.	14.97
1709.	15.01
1754.	15.04
1800.	15.08
1847.	15.12
1894.	15.15
1942.	15.19
1991.	15.22
2040.	15.26
2090.	15.30
2141.	15.33
2193.	15.37
2246.	15.41
2299.	15.44
2353.	15.48
2409.	15.52
2464.	15.55
2521.	15.59
2579.	15.62
2638.	15.66
2697.	15.70
2757.	15.73
2818.	15.77
2881.	15.81
2944.	15.84
3008.	15.88
3073.	15.92
3139.	15.95
3205.	15.99
3274.	16.03
3342.	16.06
3412.	16.10
3483.	16.13
3555.	16.17
 
 
E/N (Td)	Maximum energy
0.2628E-01	7.367
0.3462E-01	8.929
0.4183E-01	6.787
0.4763E-01	6.830
0.5277E-01	6.871
0.5714E-01	8.227
0.6146E-01	8.272
0.6555E-01	8.316
0.6947E-01	8.360
0.7325E-01	8.402
0.7694E-01	8.445
0.8056E-01	8.487
0.8415E-01	8.529
0.8772E-01	8.572
0.9095E-01	10.26
0.9457E-01	10.31
0.9824E-01	10.36
0.1020	10.42
0.1058	10.48
0.1097	10.54
0.1137	10.60
0.1178	10.66
0.1220	10.73
0.1264	10.80
0.1310	11.23
0.1358	11.31
0.1407	13.55
0.1458	13.65
0.1512	13.75
0.1568	13.87
0.1626	13.98
0.1687	14.11
0.1752	14.24
0.1819	14.38
0.1889	14.54
0.1963	14.61
0.2041	14.66
0.2123	14.72
0.2209	14.78
0.2299	14.85
0.2394	14.92
0.2495	15.00
0.2601	15.08
0.2713	15.17
0.2832	18.13
0.2958	18.25
0.3093	18.38
0.3236	18.51
0.3389	18.66
0.3553	18.82
0.3729	18.99
0.3919	19.17
0.4126	19.38
0.4349	19.59
0.4593	19.83
0.4860	16.92
0.5153	17.16
0.5474	17.42
0.5829	17.71
0.6219	18.02
0.6651	18.36
0.7128	19.09
0.7654	19.38
0.8237	19.72
0.8879	19.99
0.9588	20.25
1.037	20.52
1.123	20.79
1.217	21.06
1.320	21.33
1.434	21.60
1.557	22.07
1.692	22.29
1.840	22.53
2.000	22.77
2.174	23.03
2.363	19.64
2.568	19.89
2.790	20.09
3.031	20.45
3.291	20.75
3.572	20.94
3.877	21.23
4.206	21.59
4.561	21.69
4.946	22.13
5.362	22.44
5.812	22.70
6.299	23.16
6.827	23.45
7.400	23.76
8.022	24.09
8.700	24.45
9.438	25.07
10.24	25.49
11.13	25.92
12.09	26.39
13.16	26.89
14.33	23.13
15.63	23.63
17.06	24.16
18.67	24.75
20.46	25.37
22.47	26.02
24.73	27.11
27.30	27.94
30.22	28.87
33.56	29.92
37.39	31.10
41.82	32.44
46.95	33.91
52.94	35.56
59.92	37.45
68.06	34.13
77.51	36.21
88.41	38.52
100.8	41.06
114.8	45.00
130.3	47.85
147.3	51.82
165.7	56.13
185.4	61.13
206.2	66.85
228.1	73.35
250.9	77.65
274.5	85.40
298.9	90.39
324.1	95.61
349.8	105.5
376.2	111.5
403.2	117.8
430.5	124.3
458.4	136.8
486.8	143.9
515.7	151.2
544.9	158.8
574.6	166.7
604.7	184.2
635.2	193.3
666.1	202.9
697.3	212.8
729.0	223.1
761.0	233.7
793.4	244.6
826.2	302.7
859.4	316.5
893.1	297.8
927.1	311.7
961.5	326.1
996.4	341.0
1032.	356.6
1067.	372.9
1104.	389.7
1140.	407.2
1177.	425.5
1215.	444.6
1253.	464.7
1292.	485.6
1331.	506.8
1370.	528.5
1411.	550.8
1452.	678.5
1493.	706.9
1535.	674.9
1577.	704.1
1621.	734.7
1665.	766.7
1709.	799.6
1754.	834.3
1800.	870.7
1847.	908.3
1894.	947.7
1942.	989.4
1991.	1032.
2040.	1077.
2090.	1124.
2141.	1174.
2193.	1225.
2246.	1279.
2299.	1336.
2353.	1395.
2409.	1459.
2464.	1526.
2521.	1597.
2579.	1672.
2638.	1750.
2697.	1834.
2757.	1919.
2818.	2011.
2881.	2109.
2944.	2211.
3008.	2095.
3073.	2175.
3139.	2256.
3205.	2342.
3274.	2407.
3342.	2496.
3412.	2593.
3483.	2705.
3555.	2811.
 
 
E/N (Td)	# of iterations
0.2628E-01	469.0
0.3462E-01	238.0
0.4183E-01	216.0
0.4763E-01	91.00
0.5277E-01	100.0
0.5714E-01	335.0
0.6146E-01	341.0
0.6555E-01	340.0
0.6947E-01	340.0
0.7325E-01	338.0
0.7694E-01	328.0
0.8056E-01	320.0
0.8415E-01	179.0
0.8772E-01	188.0
0.9095E-01	408.0
0.9457E-01	405.0
0.9824E-01	392.0
0.1020	386.0
0.1058	382.0
0.1097	368.0
0.1137	454.0
0.1178	310.0
0.1220	325.0
0.1264	317.0
0.1310	301.0
0.1358	295.0
0.1407	444.0
0.1458	432.0
0.1512	413.0
0.1568	400.0
0.1626	394.0
0.1687	387.0
0.1752	375.0
0.1819	352.0
0.1889	283.0
0.1963	328.0
0.2041	336.0
0.2123	318.0
0.2209	321.0
0.2299	303.0
0.2394	300.0
0.2495	289.0
0.2601	287.0
0.2713	276.0
0.2832	306.0
0.2958	303.0
0.3093	332.0
0.3236	328.0
0.3389	325.0
0.3553	308.0
0.3729	299.0
0.3919	296.0
0.4126	283.0
0.4349	273.0
0.4593	256.0
0.4860	234.0
0.5153	220.0
0.5474	207.0
0.5829	192.0
0.6219	169.0
0.6651	154.0
0.7128	144.0
0.7654	142.0
0.8237	133.0
0.8879	127.0
0.9588	115.0
1.037	106.0
1.123	100.0
1.217	74.00
1.320	73.00
1.434	95.00
1.557	92.00
1.692	91.00
1.840	90.00
2.000	94.00
2.174	91.00
2.363	80.00
2.568	84.00
2.790	62.00
3.031	59.00
3.291	60.00
3.572	61.00
3.877	60.00
4.206	61.00
4.561	61.00
4.946	60.00
5.362	61.00
5.812	59.00
6.299	57.00
6.827	58.00
7.400	58.00
8.022	60.00
8.700	56.00
9.438	59.00
10.24	53.00
11.13	57.00
12.09	36.00
13.16	34.00
14.33	23.00
15.63	22.00
17.06	22.00
18.67	21.00
20.46	20.00
22.47	20.00
24.73	19.00
27.30	19.00
30.22	20.00
33.56	24.00
37.39	98.00
41.82	120.0
46.95	128.0
52.94	152.0
59.92	166.0
68.06	98.00
77.51	121.0
88.41	141.0
100.8	155.0
114.8	197.0
130.3	243.0
147.3	269.0
165.7	267.0
185.4	296.0
206.2	345.0
228.1	327.0
250.9	312.0
274.5	319.0
298.9	292.0
324.1	17.00
349.8	35.00
376.2	452.0
403.2	99.00
430.5	7.000
458.4	7.000
486.8	17.00
515.7	14.00
544.9	14.00
574.6	13.00
604.7	5.000
635.2	269.0
666.1	7.000
697.3	7.000
729.0	7.000
761.0	7.000
793.4	7.000
826.2	14.00
859.4	14.00
893.1	7.000
927.1	8.000
961.5	8.000
996.4	8.000
1032.	8.000
1067.	8.000
1104.	8.000
1140.	8.000
1177.	8.000
1215.	8.000
1253.	9.000
1292.	9.000
1331.	9.000
1370.	9.000
1411.	9.000
1452.	18.00
1493.	18.00
1535.	9.000
1577.	9.000
1621.	10.00
1665.	10.00
1709.	10.00
1754.	10.00
1800.	10.00
1847.	10.00
1894.	10.00
1942.	10.00
1991.	10.00
2040.	10.00
2090.	11.00
2141.	11.00
2193.	11.00
2246.	11.00
2299.	11.00
2353.	11.00
2409.	11.00
2464.	11.00
2521.	11.00
2579.	11.00
2638.	12.00
2697.	12.00
2757.	9.000
2818.	12.00
2881.	12.00
2944.	12.00
3008.	24.00
3073.	24.00
3139.	25.00
3205.	25.00
3274.	25.00
3342.	22.00
3412.	23.00
3483.	23.00
3555.	23.00
 
 
E/N (Td)	# of grid trials
0.2628E-01	2.000
0.3462E-01	1.000
0.4183E-01	1.000
0.4763E-01	1.000
0.5277E-01	1.000
0.5714E-01	2.000
0.6146E-01	2.000
0.6555E-01	2.000
0.6947E-01	2.000
0.7325E-01	2.000
0.7694E-01	2.000
0.8056E-01	2.000
0.8415E-01	2.000
0.8772E-01	2.000
0.9095E-01	3.000
0.9457E-01	3.000
0.9824E-01	3.000
0.1020	3.000
0.1058	3.000
0.1097	3.000
0.1137	3.000
0.1178	3.000
0.1220	3.000
0.1264	3.000
0.1310	3.000
0.1358	3.000
0.1407	4.000
0.1458	4.000
0.1512	4.000
0.1568	4.000
0.1626	4.000
0.1687	4.000
0.1752	4.000
0.1819	4.000
0.1889	4.000
0.1963	4.000
0.2041	4.000
0.2123	4.000
0.2209	4.000
0.2299	4.000
0.2394	4.000
0.2495	4.000
0.2601	4.000
0.2713	4.000
0.2832	5.000
0.2958	5.000
0.3093	5.000
0.3236	5.000
0.3389	5.000
0.3553	5.000
0.3729	5.000
0.3919	5.000
0.4126	5.000
0.4349	5.000
0.4593	5.000
0.4860	4.000
0.5153	4.000
0.5474	4.000
0.5829	4.000
0.6219	4.000
0.6651	4.000
0.7128	4.000
0.7654	4.000
0.8237	4.000
0.8879	4.000
0.9588	4.000
1.037	4.000
1.123	4.000
1.217	4.000
1.320	4.000
1.434	4.000
1.557	4.000
1.692	4.000
1.840	4.000
2.000	4.000
2.174	4.000
2.363	3.000
2.568	3.000
2.790	3.000
3.031	3.000
3.291	3.000
3.572	3.000
3.877	3.000
4.206	3.000
4.561	3.000
4.946	3.000
5.362	3.000
5.812	3.000
6.299	3.000
6.827	3.000
7.400	3.000
8.022	3.000
8.700	3.000
9.438	3.000
10.24	3.000
11.13	3.000
12.09	3.000
13.16	3.000
14.33	2.000
15.63	2.000
17.06	2.000
18.67	2.000
20.46	2.000
22.47	2.000
24.73	2.000
27.30	2.000
30.22	2.000
33.56	2.000
37.39	2.000
41.82	2.000
46.95	2.000
52.94	2.000
59.92	2.000
68.06	1.000
77.51	1.000
88.41	1.000
100.8	1.000
114.8	1.000
130.3	1.000
147.3	1.000
165.7	1.000
185.4	1.000
206.2	1.000
228.1	1.000
250.9	1.000
274.5	1.000
298.9	1.000
324.1	1.000
349.8	1.000
376.2	1.000
403.2	1.000
430.5	1.000
458.4	1.000
486.8	1.000
515.7	1.000
544.9	1.000
574.6	1.000
604.7	1.000
635.2	1.000
666.1	1.000
697.3	1.000
729.0	1.000
761.0	1.000
793.4	1.000
826.2	2.000
859.4	2.000
893.1	1.000
927.1	1.000
961.5	1.000
996.4	1.000
1032.	1.000
1067.	1.000
1104.	1.000
1140.	1.000
1177.	1.000
1215.	1.000
1253.	1.000
1292.	1.000
1331.	1.000
1370.	1.000
1411.	1.000
1452.	2.000
1493.	2.000
1535.	1.000
1577.	1.000
1621.	1.000
1665.	1.000
1709.	1.000
1754.	1.000
1800.	1.000
1847.	1.000
1894.	1.000
1942.	1.000
1991.	1.000
2040.	1.000
2090.	1.000
2141.	1.000
2193.	1.000
2246.	1.000
2299.	1.000
2353.	1.000
2409.	1.000
2464.	1.000
2521.	1.000
2579.	1.000
2638.	1.000
2697.	1.000
2757.	1.000
2818.	1.000
2881.	1.000
2944.	1.000
3008.	2.000
3073.	2.000
3139.	2.000
3205.	2.000
3274.	2.000
3342.	2.000
3412.	2.000
3483.	2.000
3555.	2.000
 
 
C1    Ar    Elastic                                             
E/N (Td)	Rate coefficient (m3/s)
0.2628E-01	0.2363E-14
0.3462E-01	0.2446E-14
0.4183E-01	0.2534E-14
0.4763E-01	0.2626E-14
0.5277E-01	0.2722E-14
0.5714E-01	0.2823E-14
0.6146E-01	0.2928E-14
0.6555E-01	0.3038E-14
0.6947E-01	0.3153E-14
0.7325E-01	0.3273E-14
0.7694E-01	0.3398E-14
0.8056E-01	0.3528E-14
0.8415E-01	0.3664E-14
0.8772E-01	0.3805E-14
0.9095E-01	0.3953E-14
0.9457E-01	0.4106E-14
0.9824E-01	0.4266E-14
0.1020	0.4431E-14
0.1058	0.4605E-14
0.1097	0.4784E-14
0.1137	0.4970E-14
0.1178	0.5164E-14
0.1220	0.5366E-14
0.1264	0.5575E-14
0.1310	0.5793E-14
0.1358	0.6019E-14
0.1407	0.6254E-14
0.1458	0.6499E-14
0.1512	0.6752E-14
0.1568	0.7016E-14
0.1626	0.7290E-14
0.1687	0.7574E-14
0.1752	0.7870E-14
0.1819	0.8177E-14
0.1889	0.8496E-14
0.1963	0.8827E-14
0.2041	0.9172E-14
0.2123	0.9529E-14
0.2209	0.9901E-14
0.2299	0.1029E-13
0.2394	0.1069E-13
0.2495	0.1111E-13
0.2601	0.1154E-13
0.2713	0.1199E-13
0.2832	0.1246E-13
0.2958	0.1295E-13
0.3093	0.1345E-13
0.3236	0.1398E-13
0.3389	0.1453E-13
0.3553	0.1510E-13
0.3729	0.1569E-13
0.3919	0.1631E-13
0.4126	0.1695E-13
0.4349	0.1761E-13
0.4593	0.1830E-13
0.4860	0.1902E-13
0.5153	0.1977E-13
0.5474	0.2055E-13
0.5829	0.2135E-13
0.6219	0.2219E-13
0.6651	0.2307E-13
0.7128	0.2397E-13
0.7654	0.2491E-13
0.8237	0.2589E-13
0.8879	0.2690E-13
0.9588	0.2796E-13
1.037	0.2905E-13
1.123	0.3018E-13
1.217	0.3135E-13
1.320	0.3257E-13
1.434	0.3383E-13
1.557	0.3514E-13
1.692	0.3649E-13
1.840	0.3789E-13
2.000	0.3934E-13
2.174	0.4084E-13
2.363	0.4239E-13
2.568	0.4400E-13
2.790	0.4565E-13
3.031	0.4737E-13
3.291	0.4913E-13
3.572	0.5096E-13
3.877	0.5285E-13
4.206	0.5479E-13
4.561	0.5680E-13
4.946	0.5887E-13
5.362	0.6100E-13
5.812	0.6320E-13
6.299	0.6547E-13
6.827	0.6780E-13
7.400	0.7021E-13
8.022	0.7269E-13
8.700	0.7524E-13
9.438	0.7787E-13
10.24	0.8058E-13
11.13	0.8337E-13
12.09	0.8624E-13
13.16	0.8919E-13
14.33	0.9223E-13
15.63	0.9536E-13
17.06	0.9858E-13
18.67	0.1019E-12
20.46	0.1053E-12
22.47	0.1088E-12
24.73	0.1124E-12
27.30	0.1161E-12
30.22	0.1198E-12
33.56	0.1237E-12
37.39	0.1276E-12
41.82	0.1316E-12
46.95	0.1356E-12
52.94	0.1397E-12
59.92	0.1437E-12
68.06	0.1478E-12
77.51	0.1518E-12
88.41	0.1557E-12
100.8	0.1595E-12
114.8	0.1632E-12
130.3	0.1668E-12
147.3	0.1702E-12
165.7	0.1735E-12
185.4	0.1766E-12
206.2	0.1796E-12
228.1	0.1824E-12
250.9	0.1852E-12
274.5	0.1877E-12
298.9	0.1902E-12
324.1	0.1925E-12
349.8	0.1948E-12
376.2	0.1969E-12
403.2	0.1989E-12
430.5	0.2008E-12
458.4	0.2026E-12
486.8	0.2042E-12
515.7	0.2058E-12
544.9	0.2073E-12
574.6	0.2087E-12
604.7	0.2099E-12
635.2	0.2111E-12
666.1	0.2122E-12
697.3	0.2132E-12
729.0	0.2142E-12
761.0	0.2150E-12
793.4	0.2157E-12
826.2	0.2164E-12
859.4	0.2170E-12
893.1	0.2175E-12
927.1	0.2179E-12
961.5	0.2183E-12
996.4	0.2186E-12
1032.	0.2188E-12
1067.	0.2190E-12
1104.	0.2191E-12
1140.	0.2191E-12
1177.	0.2191E-12
1215.	0.2190E-12
1253.	0.2189E-12
1292.	0.2187E-12
1331.	0.2184E-12
1370.	0.2181E-12
1411.	0.2178E-12
1452.	0.2174E-12
1493.	0.2169E-12
1535.	0.2164E-12
1577.	0.2158E-12
1621.	0.2152E-12
1665.	0.2146E-12
1709.	0.2139E-12
1754.	0.2132E-12
1800.	0.2124E-12
1847.	0.2116E-12
1894.	0.2108E-12
1942.	0.2099E-12
1991.	0.2090E-12
2040.	0.2080E-12
2090.	0.2070E-12
2141.	0.2060E-12
2193.	0.2050E-12
2246.	0.2039E-12
2299.	0.2028E-12
2353.	0.2016E-12
2409.	0.2005E-12
2464.	0.1993E-12
2521.	0.1981E-12
2579.	0.1968E-12
2638.	0.1956E-12
2697.	0.1943E-12
2757.	0.1930E-12
2818.	0.1917E-12
2881.	0.1903E-12
2944.	0.1890E-12
3008.	0.1876E-12
3073.	0.1862E-12
3139.	0.1848E-12
3205.	0.1834E-12
3274.	0.1820E-12
3342.	0.1805E-12
3412.	0.1791E-12
3483.	0.1776E-12
3555.	0.1761E-12
 
 
C2    Ar    Excitation    11.55 eV                              
E/N (Td)	Rate coefficient (m3/s)
0.2628E-01	0.000
0.3462E-01	0.000
0.4183E-01	0.000
0.4763E-01	0.000
0.5277E-01	0.000
0.5714E-01	0.000
0.6146E-01	0.000
0.6555E-01	0.000
0.6947E-01	0.000
0.7325E-01	0.000
0.7694E-01	0.000
0.8056E-01	0.000
0.8415E-01	0.000
0.8772E-01	0.000
0.9095E-01	0.000
0.9457E-01	0.000
0.9824E-01	0.000
0.1020	0.000
0.1058	0.000
0.1097	0.000
0.1137	0.000
0.1178	0.000
0.1220	0.000
0.1264	0.000
0.1310	0.000
0.1358	0.000
0.1407	0.1494E-24
0.1458	0.2598E-24
0.1512	0.4455E-24
0.1568	0.7538E-24
0.1626	0.1259E-23
0.1687	0.2076E-23
0.1752	0.3380E-23
0.1819	0.5438E-23
0.1889	0.8647E-23
0.1963	0.1359E-22
0.2041	0.2113E-22
0.2123	0.3250E-22
0.2209	0.4944E-22
0.2299	0.7443E-22
0.2394	0.1109E-21
0.2495	0.1637E-21
0.2601	0.2392E-21
0.2713	0.3462E-21
0.2832	0.4963E-21
0.2958	0.7052E-21
0.3093	0.9933E-21
0.3236	0.1387E-20
0.3389	0.1920E-20
0.3553	0.2637E-20
0.3729	0.3591E-20
0.3919	0.4853E-20
0.4126	0.6507E-20
0.4349	0.8661E-20
0.4593	0.1144E-19
0.4860	0.1501E-19
0.5153	0.1955E-19
0.5474	0.2530E-19
0.5829	0.3251E-19
0.6219	0.4152E-19
0.6651	0.5269E-19
0.7128	0.6646E-19
0.7654	0.8332E-19
0.8237	0.1039E-18
0.8879	0.1287E-18
0.9588	0.1587E-18
1.037	0.1946E-18
1.123	0.2375E-18
1.217	0.2883E-18
1.320	0.3483E-18
1.434	0.4188E-18
1.557	0.5013E-18
1.692	0.5974E-18
1.840	0.7091E-18
2.000	0.8381E-18
2.174	0.9868E-18
2.363	0.1158E-17
2.568	0.1353E-17
2.790	0.1576E-17
3.031	0.1829E-17
3.291	0.2116E-17
3.572	0.2441E-17
3.877	0.2808E-17
4.206	0.3221E-17
4.561	0.3685E-17
4.946	0.4206E-17
5.362	0.4789E-17
5.812	0.5441E-17
6.299	0.6170E-17
6.827	0.6984E-17
7.400	0.7891E-17
8.022	0.8903E-17
8.700	0.1003E-16
9.438	0.1129E-16
10.24	0.1270E-16
11.13	0.1427E-16
12.09	0.1603E-16
13.16	0.1801E-16
14.33	0.2023E-16
15.63	0.2274E-16
17.06	0.2559E-16
18.67	0.2882E-16
20.46	0.3253E-16
22.47	0.3679E-16
24.73	0.4172E-16
27.30	0.4749E-16
30.22	0.5423E-16
33.56	0.6217E-16
37.39	0.7161E-16
41.82	0.8288E-16
46.95	0.9637E-16
52.94	0.1126E-15
59.92	0.1320E-15
68.06	0.1552E-15
77.51	0.1827E-15
88.41	0.2148E-15
100.8	0.2518E-15
114.8	0.2934E-15
130.3	0.3398E-15
147.3	0.3906E-15
165.7	0.4454E-15
185.4	0.5038E-15
206.2	0.5654E-15
228.1	0.6300E-15
250.9	0.6972E-15
274.5	0.7668E-15
298.9	0.8387E-15
324.1	0.9127E-15
349.8	0.9887E-15
376.2	0.1067E-14
403.2	0.1147E-14
430.5	0.1229E-14
458.4	0.1312E-14
486.8	0.1398E-14
515.7	0.1485E-14
544.9	0.1575E-14
574.6	0.1666E-14
604.7	0.1758E-14
635.2	0.1853E-14
666.1	0.1949E-14
697.3	0.2047E-14
729.0	0.2147E-14
761.0	0.2248E-14
793.4	0.2351E-14
826.2	0.2455E-14
859.4	0.2561E-14
893.1	0.2668E-14
927.1	0.2776E-14
961.5	0.2886E-14
996.4	0.2998E-14
1032.	0.3110E-14
1067.	0.3224E-14
1104.	0.3339E-14
1140.	0.3455E-14
1177.	0.3572E-14
1215.	0.3690E-14
1253.	0.3809E-14
1292.	0.3930E-14
1331.	0.4051E-14
1370.	0.4172E-14
1411.	0.4295E-14
1452.	0.4418E-14
1493.	0.4541E-14
1535.	0.4666E-14
1577.	0.4790E-14
1621.	0.4916E-14
1665.	0.5041E-14
1709.	0.5167E-14
1754.	0.5293E-14
1800.	0.5419E-14
1847.	0.5546E-14
1894.	0.5672E-14
1942.	0.5799E-14
1991.	0.5925E-14
2040.	0.6051E-14
2090.	0.6177E-14
2141.	0.6302E-14
2193.	0.6427E-14
2246.	0.6552E-14
2299.	0.6676E-14
2353.	0.6800E-14
2409.	0.6923E-14
2464.	0.7045E-14
2521.	0.7167E-14
2579.	0.7288E-14
2638.	0.7407E-14
2697.	0.7526E-14
2757.	0.7643E-14
2818.	0.7760E-14
2881.	0.7876E-14
2944.	0.7990E-14
3008.	0.8104E-14
3073.	0.8215E-14
3139.	0.8325E-14
3205.	0.8435E-14
3274.	0.8543E-14
3342.	0.8648E-14
3412.	0.8753E-14
3483.	0.8857E-14
3555.	0.8957E-14
 
 
C3    Ar    Excitation    13.00 eV                              
E/N (Td)	Rate coefficient (m3/s)
0.2628E-01	0.000
0.3462E-01	0.000
0.4183E-01	0.000
0.4763E-01	0.000
0.5277E-01	0.000
0.5714E-01	0.000
0.6146E-01	0.000
0.6555E-01	0.000
0.6947E-01	0.000
0.7325E-01	0.000
0.7694E-01	0.000
0.8056E-01	0.000
0.8415E-01	0.000
0.8772E-01	0.000
0.9095E-01	0.000
0.9457E-01	0.000
0.9824E-01	0.000
0.1020	0.000
0.1058	0.000
0.1097	0.000
0.1137	0.000
0.1178	0.000
0.1220	0.000
0.1264	0.000
0.1310	0.000
0.1358	0.000
0.1407	0.2830E-26
0.1458	0.6032E-26
0.1512	0.1217E-25
0.1568	0.2353E-25
0.1626	0.4396E-25
0.1687	0.7977E-25
0.1752	0.1412E-24
0.1819	0.2446E-24
0.1889	0.4158E-24
0.1963	0.6923E-24
0.2041	0.1137E-23
0.2123	0.1845E-23
0.2209	0.2957E-23
0.2299	0.4686E-23
0.2394	0.7340E-23
0.2495	0.1137E-22
0.2601	0.1742E-22
0.2713	0.2640E-22
0.2832	0.3965E-22
0.2958	0.5885E-22
0.3093	0.8650E-22
0.3236	0.1259E-21
0.3389	0.1816E-21
0.3553	0.2595E-21
0.3729	0.3676E-21
0.3919	0.5161E-21
0.4126	0.7185E-21
0.4349	0.9919E-21
0.4593	0.1358E-20
0.4860	0.1846E-20
0.5153	0.2489E-20
0.5474	0.3331E-20
0.5829	0.4425E-20
0.6219	0.5837E-20
0.6651	0.7647E-20
0.7128	0.9950E-20
0.7654	0.1286E-19
0.8237	0.1652E-19
0.8879	0.2109E-19
0.9588	0.2676E-19
1.037	0.3376E-19
1.123	0.4235E-19
1.217	0.5283E-19
1.320	0.6556E-19
1.434	0.8094E-19
1.557	0.9943E-19
1.692	0.1216E-18
1.840	0.1479E-18
2.000	0.1792E-18
2.174	0.2162E-18
2.363	0.2598E-18
2.568	0.3109E-18
2.790	0.3706E-18
3.031	0.4401E-18
3.291	0.5210E-18
3.572	0.6146E-18
3.877	0.7228E-18
4.206	0.8476E-18
4.561	0.9911E-18
4.946	0.1156E-17
5.362	0.1345E-17
5.812	0.1561E-17
6.299	0.1808E-17
6.827	0.2091E-17
7.400	0.2413E-17
8.022	0.2782E-17
8.700	0.3203E-17
9.438	0.3684E-17
10.24	0.4235E-17
11.13	0.4867E-17
12.09	0.5594E-17
13.16	0.6433E-17
14.33	0.7404E-17
15.63	0.8532E-17
17.06	0.9851E-17
18.67	0.1140E-16
20.46	0.1324E-16
22.47	0.1543E-16
24.73	0.1806E-16
27.30	0.2127E-16
30.22	0.2518E-16
33.56	0.3002E-16
37.39	0.3605E-16
41.82	0.4365E-16
46.95	0.5327E-16
52.94	0.6552E-16
59.92	0.8115E-16
68.06	0.1011E-15
77.51	0.1262E-15
88.41	0.1576E-15
100.8	0.1962E-15
114.8	0.2426E-15
130.3	0.2975E-15
147.3	0.3612E-15
165.7	0.4336E-15
185.4	0.5145E-15
206.2	0.6037E-15
228.1	0.7009E-15
250.9	0.8055E-15
274.5	0.9173E-15
298.9	0.1036E-14
324.1	0.1161E-14
349.8	0.1291E-14
376.2	0.1428E-14
403.2	0.1571E-14
430.5	0.1717E-14
458.4	0.1870E-14
486.8	0.2026E-14
515.7	0.2188E-14
544.9	0.2353E-14
574.6	0.2522E-14
604.7	0.2696E-14
635.2	0.2872E-14
666.1	0.3052E-14
697.3	0.3235E-14
729.0	0.3421E-14
761.0	0.3610E-14
793.4	0.3801E-14
826.2	0.3994E-14
859.4	0.4190E-14
893.1	0.4388E-14
927.1	0.4587E-14
961.5	0.4788E-14
996.4	0.4991E-14
1032.	0.5195E-14
1067.	0.5400E-14
1104.	0.5606E-14
1140.	0.5813E-14
1177.	0.6021E-14
1215.	0.6229E-14
1253.	0.6438E-14
1292.	0.6647E-14
1331.	0.6857E-14
1370.	0.7066E-14
1411.	0.7276E-14
1452.	0.7485E-14
1493.	0.7694E-14
1535.	0.7903E-14
1577.	0.8112E-14
1621.	0.8319E-14
1665.	0.8527E-14
1709.	0.8733E-14
1754.	0.8938E-14
1800.	0.9143E-14
1847.	0.9345E-14
1894.	0.9548E-14
1942.	0.9748E-14
1991.	0.9947E-14
2040.	0.1014E-13
2090.	0.1034E-13
2141.	0.1053E-13
2193.	0.1073E-13
2246.	0.1092E-13
2299.	0.1111E-13
2353.	0.1129E-13
2409.	0.1148E-13
2464.	0.1166E-13
2521.	0.1184E-13
2579.	0.1202E-13
2638.	0.1219E-13
2697.	0.1236E-13
2757.	0.1253E-13
2818.	0.1270E-13
2881.	0.1287E-13
2944.	0.1303E-13
3008.	0.1319E-13
3073.	0.1334E-13
3139.	0.1350E-13
3205.	0.1365E-13
3274.	0.1379E-13
3342.	0.1394E-13
3412.	0.1408E-13
3483.	0.1422E-13
3555.	0.1435E-13
 
 
C4    Ar    Excitation    14.00 eV                              
E/N (Td)	Rate coefficient (m3/s)
0.2628E-01	0.000
0.3462E-01	0.000
0.4183E-01	0.000
0.4763E-01	0.000
0.5277E-01	0.000
0.5714E-01	0.000
0.6146E-01	0.000
0.6555E-01	0.000
0.6947E-01	0.000
0.7325E-01	0.000
0.7694E-01	0.000
0.8056E-01	0.000
0.8415E-01	0.000
0.8772E-01	0.000
0.9095E-01	0.000
0.9457E-01	0.000
0.9824E-01	0.000
0.1020	0.000
0.1058	0.000
0.1097	0.000
0.1137	0.000
0.1178	0.000
0.1220	0.000
0.1264	0.000
0.1310	0.000
0.1358	0.000
0.1407	0.000
0.1458	0.000
0.1512	0.000
0.1568	0.000
0.1626	0.000
0.1687	0.1129E-27
0.1752	0.7637E-27
0.1819	0.2484E-26
0.1889	0.6101E-26
0.1963	0.1166E-25
0.2041	0.2111E-25
0.2123	0.3751E-25
0.2209	0.6544E-25
0.2299	0.1122E-24
0.2394	0.1890E-24
0.2495	0.3130E-24
0.2601	0.5105E-24
0.2713	0.8200E-24
0.2832	0.1356E-23
0.2958	0.2091E-23
0.3093	0.3191E-23
0.3236	0.4821E-23
0.3389	0.7209E-23
0.3553	0.1068E-22
0.3729	0.1566E-22
0.3919	0.2275E-22
0.4126	0.3275E-22
0.4349	0.4674E-22
0.4593	0.6612E-22
0.4860	0.9280E-22
0.5153	0.1291E-21
0.5474	0.1782E-21
0.5829	0.2439E-21
0.6219	0.3314E-21
0.6651	0.4470E-21
0.7128	0.5985E-21
0.7654	0.7958E-21
0.8237	0.1051E-20
0.8879	0.1378E-20
0.9588	0.1796E-20
1.037	0.2327E-20
1.123	0.2995E-20
1.217	0.3833E-20
1.320	0.4876E-20
1.434	0.6170E-20
1.557	0.7766E-20
1.692	0.9724E-20
1.840	0.1212E-19
2.000	0.1502E-19
2.174	0.1854E-19
2.363	0.2279E-19
2.568	0.2788E-19
2.790	0.3397E-19
3.031	0.4124E-19
3.291	0.4987E-19
3.572	0.6010E-19
3.877	0.7218E-19
4.206	0.8642E-19
4.561	0.1032E-18
4.946	0.1228E-18
5.362	0.1458E-18
5.812	0.1728E-18
6.299	0.2042E-18
6.827	0.2410E-18
7.400	0.2839E-18
8.022	0.3340E-18
8.700	0.3926E-18
9.438	0.4611E-18
10.24	0.5414E-18
11.13	0.6356E-18
12.09	0.7467E-18
13.16	0.8780E-18
14.33	0.1034E-17
15.63	0.1220E-17
17.06	0.1444E-17
18.67	0.1715E-17
20.46	0.2045E-17
22.47	0.2451E-17
24.73	0.2956E-17
27.30	0.3592E-17
30.22	0.4397E-17
33.56	0.5429E-17
37.39	0.6767E-17
41.82	0.8518E-17
46.95	0.1083E-16
52.94	0.1389E-16
59.92	0.1797E-16
68.06	0.2338E-16
77.51	0.3048E-16
88.41	0.3970E-16
100.8	0.5145E-16
114.8	0.6604E-16
130.3	0.8393E-16
147.3	0.1053E-15
165.7	0.1303E-15
185.4	0.1591E-15
206.2	0.1917E-15
228.1	0.2282E-15
250.9	0.2686E-15
274.5	0.3128E-15
298.9	0.3609E-15
324.1	0.4129E-15
349.8	0.4686E-15
376.2	0.5283E-15
403.2	0.5918E-15
430.5	0.6587E-15
458.4	0.7295E-15
486.8	0.8042E-15
515.7	0.8826E-15
544.9	0.9647E-15
574.6	0.1050E-14
604.7	0.1140E-14
635.2	0.1233E-14
666.1	0.1330E-14
697.3	0.1430E-14
729.0	0.1534E-14
761.0	0.1641E-14
793.4	0.1752E-14
826.2	0.1867E-14
859.4	0.1985E-14
893.1	0.2107E-14
927.1	0.2232E-14
961.5	0.2360E-14
996.4	0.2492E-14
1032.	0.2627E-14
1067.	0.2766E-14
1104.	0.2908E-14
1140.	0.3054E-14
1177.	0.3203E-14
1215.	0.3355E-14
1253.	0.3511E-14
1292.	0.3670E-14
1331.	0.3832E-14
1370.	0.3997E-14
1411.	0.4166E-14
1452.	0.4338E-14
1493.	0.4513E-14
1535.	0.4691E-14
1577.	0.4873E-14
1621.	0.5057E-14
1665.	0.5245E-14
1709.	0.5435E-14
1754.	0.5629E-14
1800.	0.5825E-14
1847.	0.6024E-14
1894.	0.6227E-14
1942.	0.6432E-14
1991.	0.6639E-14
2040.	0.6850E-14
2090.	0.7062E-14
2141.	0.7278E-14
2193.	0.7496E-14
2246.	0.7716E-14
2299.	0.7938E-14
2353.	0.8163E-14
2409.	0.8390E-14
2464.	0.8619E-14
2521.	0.8850E-14
2579.	0.9083E-14
2638.	0.9317E-14
2697.	0.9553E-14
2757.	0.9791E-14
2818.	0.1003E-13
2881.	0.1027E-13
2944.	0.1051E-13
3008.	0.1076E-13
3073.	0.1100E-13
3139.	0.1124E-13
3205.	0.1149E-13
3274.	0.1174E-13
3342.	0.1198E-13
3412.	0.1223E-13
3483.	0.1248E-13
3555.	0.1272E-13
 
 
C5    Ar    Ionization    15.70 eV                              
E/N (Td)	Rate coefficient (m3/s)
0.2628E-01	0.000
0.3462E-01	0.000
0.4183E-01	0.000
0.4763E-01	0.000
0.5277E-01	0.000
0.5714E-01	0.000
0.6146E-01	0.000
0.6555E-01	0.000
0.6947E-01	0.000
0.7325E-01	0.000
0.7694E-01	0.000
0.8056E-01	0.000
0.8415E-01	0.000
0.8772E-01	0.000
0.9095E-01	0.000
0.9457E-01	0.000
0.9824E-01	0.000
0.1020	0.000
0.1058	0.000
0.1097	0.000
0.1137	0.000
0.1178	0.000
0.1220	0.000
0.1264	0.000
0.1310	0.000
0.1358	0.000
0.1407	0.000
0.1458	0.000
0.1512	0.000
0.1568	0.000
0.1626	0.000
0.1687	0.000
0.1752	0.000
0.1819	0.000
0.1889	0.000
0.1963	0.000
0.2041	0.000
0.2123	0.000
0.2209	0.000
0.2299	0.000
0.2394	0.000
0.2495	0.000
0.2601	0.000
0.2713	0.000
0.2832	0.1930E-25
0.2958	0.3225E-25
0.3093	0.5328E-25
0.3236	0.8699E-25
0.3389	0.1404E-24
0.3553	0.2241E-24
0.3729	0.3539E-24
0.3919	0.5529E-24
0.4126	0.8550E-24
0.4349	0.1309E-23
0.4593	0.1984E-23
0.4860	0.2862E-23
0.5153	0.4357E-23
0.5474	0.6487E-23
0.5829	0.9514E-23
0.6219	0.1380E-22
0.6651	0.1982E-22
0.7128	0.2822E-22
0.7654	0.3986E-22
0.8237	0.5586E-22
0.8879	0.7769E-22
0.9588	0.1073E-21
1.037	0.1471E-21
1.123	0.2002E-21
1.217	0.2708E-21
1.320	0.3637E-21
1.434	0.4856E-21
1.557	0.6444E-21
1.692	0.8502E-21
1.840	0.1115E-20
2.000	0.1455E-20
2.174	0.1889E-20
2.363	0.2440E-20
2.568	0.3136E-20
2.790	0.4012E-20
3.031	0.5111E-20
3.291	0.6484E-20
3.572	0.8195E-20
3.877	0.1032E-19
4.206	0.1295E-19
4.561	0.1620E-19
4.946	0.2021E-19
5.362	0.2514E-19
5.812	0.3121E-19
6.299	0.3867E-19
6.827	0.4783E-19
7.400	0.5909E-19
8.022	0.7292E-19
8.700	0.8997E-19
9.438	0.1110E-18
10.24	0.1370E-18
11.13	0.1694E-18
12.09	0.2097E-18
13.16	0.2603E-18
14.33	0.3243E-18
15.63	0.4058E-18
17.06	0.5104E-18
18.67	0.6463E-18
20.46	0.8246E-18
22.47	0.1062E-17
24.73	0.1381E-17
27.30	0.1820E-17
30.22	0.2429E-17
33.56	0.3287E-17
37.39	0.4519E-17
41.82	0.6312E-17
46.95	0.8958E-17
52.94	0.1290E-16
59.92	0.1881E-16
68.06	0.2768E-16
77.51	0.4085E-16
88.41	0.6013E-16
100.8	0.8771E-16
114.8	0.1259E-15
130.3	0.1778E-15
147.3	0.2457E-15
165.7	0.3320E-15
185.4	0.4388E-15
206.2	0.5679E-15
228.1	0.7207E-15
250.9	0.8983E-15
274.5	0.1102E-14
298.9	0.1331E-14
324.1	0.1588E-14
349.8	0.1871E-14
376.2	0.2183E-14
403.2	0.2523E-14
430.5	0.2888E-14
458.4	0.3283E-14
486.8	0.3706E-14
515.7	0.4156E-14
544.9	0.4635E-14
574.6	0.5141E-14
604.7	0.5674E-14
635.2	0.6235E-14
666.1	0.6823E-14
697.3	0.7437E-14
729.0	0.8078E-14
761.0	0.8746E-14
793.4	0.9439E-14
826.2	0.1016E-13
859.4	0.1090E-13
893.1	0.1167E-13
927.1	0.1247E-13
961.5	0.1329E-13
996.4	0.1413E-13
1032.	0.1500E-13
1067.	0.1589E-13
1104.	0.1681E-13
1140.	0.1775E-13
1177.	0.1871E-13
1215.	0.1969E-13
1253.	0.2070E-13
1292.	0.2172E-13
1331.	0.2277E-13
1370.	0.2385E-13
1411.	0.2494E-13
1452.	0.2605E-13
1493.	0.2718E-13
1535.	0.2834E-13
1577.	0.2951E-13
1621.	0.3070E-13
1665.	0.3192E-13
1709.	0.3315E-13
1754.	0.3440E-13
1800.	0.3566E-13
1847.	0.3695E-13
1894.	0.3825E-13
1942.	0.3957E-13
1991.	0.4090E-13
2040.	0.4225E-13
2090.	0.4362E-13
2141.	0.4500E-13
2193.	0.4639E-13
2246.	0.4781E-13
2299.	0.4922E-13
2353.	0.5066E-13
2409.	0.5211E-13
2464.	0.5357E-13
2521.	0.5504E-13
2579.	0.5652E-13
2638.	0.5801E-13
2697.	0.5951E-13
2757.	0.6102E-13
2818.	0.6254E-13
2881.	0.6407E-13
2944.	0.6560E-13
3008.	0.6714E-13
3073.	0.6869E-13
3139.	0.7024E-13
3205.	0.7180E-13
3274.	0.7336E-13
3342.	0.7491E-13
3412.	0.7648E-13
3483.	0.7805E-13
3555.	0.7962E-13
 
 
C6    Ar*    Ionization    4.20 eV                              
E/N (Td)	Rate coefficient (m3/s)
0.2628E-01	0.6560E-20
0.3462E-01	0.9702E-20
0.4183E-01	0.1421E-19
0.4763E-01	0.2066E-19
0.5277E-01	0.2979E-19
0.5714E-01	0.4265E-19
0.6146E-01	0.6042E-19
0.6555E-01	0.8493E-19
0.6947E-01	0.1186E-18
0.7325E-01	0.1643E-18
0.7694E-01	0.2259E-18
0.8056E-01	0.3083E-18
0.8415E-01	0.4179E-18
0.8772E-01	0.5626E-18
0.9095E-01	0.7523E-18
0.9457E-01	0.9993E-18
0.9824E-01	0.1319E-17
0.1020	0.1729E-17
0.1058	0.2256E-17
0.1097	0.2921E-17
0.1137	0.3760E-17
0.1178	0.4819E-17
0.1220	0.6137E-17
0.1264	0.7775E-17
0.1310	0.9797E-17
0.1358	0.1228E-16
0.1407	0.1532E-16
0.1458	0.1901E-16
0.1512	0.2348E-16
0.1568	0.2887E-16
0.1626	0.3532E-16
0.1687	0.4303E-16
0.1752	0.5219E-16
0.1819	0.6303E-16
0.1889	0.7579E-16
0.1963	0.9077E-16
0.2041	0.1083E-15
0.2123	0.1287E-15
0.2209	0.1523E-15
0.2299	0.1796E-15
0.2394	0.2110E-15
0.2495	0.2470E-15
0.2601	0.2881E-15
0.2713	0.3350E-15
0.2832	0.3882E-15
0.2958	0.4483E-15
0.3093	0.5162E-15
0.3236	0.5924E-15
0.3389	0.6778E-15
0.3553	0.7731E-15
0.3729	0.8793E-15
0.3919	0.9973E-15
0.4126	0.1128E-14
0.4349	0.1272E-14
0.4593	0.1431E-14
0.4860	0.1605E-14
0.5153	0.1796E-14
0.5474	0.2004E-14
0.5829	0.2231E-14
0.6219	0.2478E-14
0.6651	0.2746E-14
0.7128	0.3035E-14
0.7654	0.3347E-14
0.8237	0.3684E-14
0.8879	0.4045E-14
0.9588	0.4433E-14
1.037	0.4847E-14
1.123	0.5290E-14
1.217	0.5762E-14
1.320	0.6264E-14
1.434	0.6798E-14
1.557	0.7363E-14
1.692	0.7961E-14
1.840	0.8593E-14
2.000	0.9260E-14
2.174	0.9962E-14
2.363	0.1070E-13
2.568	0.1148E-13
2.790	0.1229E-13
3.031	0.1315E-13
3.291	0.1404E-13
3.572	0.1498E-13
3.877	0.1595E-13
4.206	0.1697E-13
4.561	0.1804E-13
4.946	0.1914E-13
5.362	0.2030E-13
5.812	0.2150E-13
6.299	0.2274E-13
6.827	0.2404E-13
7.400	0.2539E-13
8.022	0.2679E-13
8.700	0.2824E-13
9.438	0.2974E-13
10.24	0.3130E-13
11.13	0.3292E-13
12.09	0.3460E-13
13.16	0.3633E-13
14.33	0.3813E-13
15.63	0.4000E-13
17.06	0.4193E-13
18.67	0.4392E-13
20.46	0.4599E-13
22.47	0.4812E-13
24.73	0.5032E-13
27.30	0.5260E-13
30.22	0.5494E-13
33.56	0.5734E-13
37.39	0.5979E-13
41.82	0.6229E-13
46.95	0.6483E-13
52.94	0.6739E-13
59.92	0.6998E-13
68.06	0.7256E-13
77.51	0.7513E-13
88.41	0.7769E-13
100.8	0.8021E-13
114.8	0.8269E-13
130.3	0.8515E-13
147.3	0.8757E-13
165.7	0.8996E-13
185.4	0.9232E-13
206.2	0.9465E-13
228.1	0.9695E-13
250.9	0.9923E-13
274.5	0.1015E-12
298.9	0.1037E-12
324.1	0.1060E-12
349.8	0.1082E-12
376.2	0.1103E-12
403.2	0.1125E-12
430.5	0.1147E-12
458.4	0.1168E-12
486.8	0.1189E-12
515.7	0.1210E-12
544.9	0.1231E-12
574.6	0.1252E-12
604.7	0.1272E-12
635.2	0.1292E-12
666.1	0.1312E-12
697.3	0.1332E-12
729.0	0.1352E-12
761.0	0.1372E-12
793.4	0.1391E-12
826.2	0.1410E-12
859.4	0.1430E-12
893.1	0.1448E-12
927.1	0.1467E-12
961.5	0.1486E-12
996.4	0.1504E-12
1032.	0.1523E-12
1067.	0.1541E-12
1104.	0.1559E-12
1140.	0.1576E-12
1177.	0.1594E-12
1215.	0.1612E-12
1253.	0.1629E-12
1292.	0.1646E-12
1331.	0.1663E-12
1370.	0.1680E-12
1411.	0.1697E-12
1452.	0.1713E-12
1493.	0.1729E-12
1535.	0.1746E-12
1577.	0.1762E-12
1621.	0.1777E-12
1665.	0.1793E-12
1709.	0.1808E-12
1754.	0.1824E-12
1800.	0.1839E-12
1847.	0.1854E-12
1894.	0.1868E-12
1942.	0.1883E-12
1991.	0.1897E-12
2040.	0.1911E-12
2090.	0.1925E-12
2141.	0.1939E-12
2193.	0.1952E-12
2246.	0.1966E-12
2299.	0.1979E-12
2353.	0.1992E-12
2409.	0.2004E-12
2464.	0.2017E-12
2521.	0.2029E-12
2579.	0.2041E-12
2638.	0.2053E-12
2697.	0.2064E-12
2757.	0.2076E-12
2818.	0.2087E-12
2881.	0.2098E-12
2944.	0.2108E-12
3008.	0.2119E-12
3073.	0.2129E-12
3139.	0.2139E-12
3205.	0.2148E-12
3274.	0.2158E-12
3342.	0.2167E-12
3412.	0.2176E-12
3483.	0.2185E-12
3555.	0.2193E-12
 
 
Ar                                                              
E/N (Td)	Inelastic energy loss coefficient (eV m3/s)
0.2628E-01	-0.9131E-33
0.3462E-01	-0.9255E-33
0.4183E-01	-0.9382E-33
0.4763E-01	-0.9510E-33
0.5277E-01	-0.9640E-33
0.5714E-01	-0.9772E-33
0.6146E-01	-0.9906E-33
0.6555E-01	-0.1004E-32
0.6947E-01	-0.1018E-32
0.7325E-01	-0.1032E-32
0.7694E-01	-0.1046E-32
0.8056E-01	-0.1061E-32
0.8415E-01	-0.1076E-32
0.8772E-01	-0.1091E-32
0.9095E-01	-0.1106E-32
0.9457E-01	-0.1121E-32
0.9824E-01	-0.1137E-32
0.1020	-0.1153E-32
0.1058	-0.1169E-32
0.1097	-0.1185E-32
0.1137	-0.1202E-32
0.1178	-0.1219E-32
0.1220	-0.1236E-32
0.1264	-0.1254E-32
0.1310	-0.1272E-32
0.1358	-0.1290E-32
0.1407	0.1763E-23
0.1458	0.3079E-23
0.1512	0.5304E-23
0.1568	0.9013E-23
0.1626	0.1511E-22
0.1687	0.2501E-22
0.1752	0.4089E-22
0.1819	0.6603E-22
0.1889	0.1054E-21
0.1963	0.1662E-21
0.2041	0.2592E-21
0.2123	0.3998E-21
0.2209	0.6104E-21
0.2299	0.9222E-21
0.2394	0.1379E-20
0.2495	0.2043E-20
0.2601	0.2996E-20
0.2713	0.4353E-20
0.2832	0.6267E-20
0.2958	0.8940E-20
0.3093	0.1264E-19
0.3236	0.1772E-19
0.3389	0.2464E-19
0.3553	0.3398E-19
0.3729	0.4648E-19
0.3919	0.6309E-19
0.4126	0.8497E-19
0.4349	0.1136E-18
0.4593	0.1508E-18
0.4860	0.1987E-18
0.5153	0.2601E-18
0.5474	0.3381E-18
0.5829	0.4366E-18
0.6219	0.5603E-18
0.6651	0.7146E-18
0.7128	0.9057E-18
0.7654	0.1141E-17
0.8237	0.1430E-17
0.8879	0.1782E-17
0.9588	0.2208E-17
1.037	0.2722E-17
1.123	0.3338E-17
1.217	0.4074E-17
1.320	0.4949E-17
1.434	0.5983E-17
1.557	0.7201E-17
1.692	0.8630E-17
1.840	0.1030E-16
2.000	0.1224E-16
2.174	0.1450E-16
2.363	0.1710E-16
2.568	0.2011E-16
2.790	0.2355E-16
3.031	0.2750E-16
3.291	0.3202E-16
3.572	0.3716E-16
3.877	0.4300E-16
4.206	0.4964E-16
4.561	0.5715E-16
4.946	0.6564E-16
5.362	0.7523E-16
5.812	0.8605E-16
6.299	0.9824E-16
6.827	0.1120E-15
7.400	0.1274E-15
8.022	0.1448E-15
8.700	0.1644E-15
9.438	0.1865E-15
10.24	0.2114E-15
11.13	0.2397E-15
12.09	0.2716E-15
13.16	0.3080E-15
14.33	0.3495E-15
15.63	0.3970E-15
17.06	0.4518E-15
18.67	0.5153E-15
20.46	0.5894E-15
22.47	0.6764E-15
24.73	0.7797E-15
27.30	0.9039E-15
30.22	0.1053E-14
33.56	0.1236E-14
37.39	0.1462E-14
41.82	0.1743E-14
46.95	0.2098E-14
52.94	0.2549E-14
59.92	0.3127E-14
68.06	0.3869E-14
77.51	0.4819E-14
88.41	0.6030E-14
100.8	0.7556E-14
114.8	0.9444E-14
130.3	0.1176E-13
147.3	0.1454E-13
165.7	0.1782E-13
185.4	0.2163E-13
206.2	0.2598E-13
228.1	0.3090E-13
250.9	0.3639E-13
274.5	0.4246E-13
298.9	0.4911E-13
324.1	0.5634E-13
349.8	0.6415E-13
376.2	0.7257E-13
403.2	0.8156E-13
430.5	0.9109E-13
458.4	0.1012E-12
486.8	0.1119E-12
515.7	0.1232E-12
544.9	0.1351E-12
574.6	0.1475E-12
604.7	0.1604E-12
635.2	0.1739E-12
666.1	0.1879E-12
697.3	0.2025E-12
729.0	0.2176E-12
761.0	0.2332E-12
793.4	0.2493E-12
826.2	0.2659E-12
859.4	0.2830E-12
893.1	0.3006E-12
927.1	0.3187E-12
961.5	0.3373E-12
996.4	0.3563E-12
1032.	0.3758E-12
1067.	0.3957E-12
1104.	0.4161E-12
1140.	0.4369E-12
1177.	0.4581E-12
1215.	0.4797E-12
1253.	0.5018E-12
1292.	0.5243E-12
1331.	0.5472E-12
1370.	0.5704E-12
1411.	0.5941E-12
1452.	0.6181E-12
1493.	0.6425E-12
1535.	0.6673E-12
1577.	0.6924E-12
1621.	0.7178E-12
1665.	0.7436E-12
1709.	0.7698E-12
1754.	0.7962E-12
1800.	0.8230E-12
1847.	0.8500E-12
1894.	0.8774E-12
1942.	0.9051E-12
1991.	0.9329E-12
2040.	0.9612E-12
2090.	0.9895E-12
2141.	0.1018E-11
2193.	0.1047E-11
2246.	0.1076E-11
2299.	0.1106E-11
2353.	0.1135E-11
2409.	0.1165E-11
2464.	0.1195E-11
2521.	0.1225E-11
2579.	0.1255E-11
2638.	0.1285E-11
2697.	0.1316E-11
2757.	0.1346E-11
2818.	0.1377E-11
2881.	0.1408E-11
2944.	0.1439E-11
3008.	0.1470E-11
3073.	0.1501E-11
3139.	0.1532E-11
3205.	0.1563E-11
3274.	0.1594E-11
3342.	0.1625E-11
3412.	0.1656E-11
3483.	0.1687E-11
3555.	0.1718E-11
 
 
Ar*                                                             
E/N (Td)	Inelastic energy loss coefficient (eV m3/s)
0.2628E-01	0.2755E-19
0.3462E-01	0.4075E-19
0.4183E-01	0.5969E-19
0.4763E-01	0.8678E-19
0.5277E-01	0.1251E-18
0.5714E-01	0.1791E-18
0.6146E-01	0.2538E-18
0.6555E-01	0.3567E-18
0.6947E-01	0.4980E-18
0.7325E-01	0.6899E-18
0.7694E-01	0.9487E-18
0.8056E-01	0.1295E-17
0.8415E-01	0.1755E-17
0.8772E-01	0.2363E-17
0.9095E-01	0.3159E-17
0.9457E-01	0.4197E-17
0.9824E-01	0.5538E-17
0.1020	0.7263E-17
0.1058	0.9477E-17
0.1097	0.1227E-16
0.1137	0.1579E-16
0.1178	0.2024E-16
0.1220	0.2578E-16
0.1264	0.3266E-16
0.1310	0.4115E-16
0.1358	0.5158E-16
0.1407	0.6434E-16
0.1458	0.7985E-16
0.1512	0.9863E-16
0.1568	0.1212E-15
0.1626	0.1484E-15
0.1687	0.1807E-15
0.1752	0.2192E-15
0.1819	0.2647E-15
0.1889	0.3183E-15
0.1963	0.3812E-15
0.2041	0.4548E-15
0.2123	0.5403E-15
0.2209	0.6396E-15
0.2299	0.7542E-15
0.2394	0.8861E-15
0.2495	0.1037E-14
0.2601	0.1210E-14
0.2713	0.1407E-14
0.2832	0.1630E-14
0.2958	0.1883E-14
0.3093	0.2168E-14
0.3236	0.2488E-14
0.3389	0.2847E-14
0.3553	0.3247E-14
0.3729	0.3693E-14
0.3919	0.4189E-14
0.4126	0.4737E-14
0.4349	0.5342E-14
0.4593	0.6009E-14
0.4860	0.6740E-14
0.5153	0.7542E-14
0.5474	0.8417E-14
0.5829	0.9371E-14
0.6219	0.1041E-13
0.6651	0.1153E-13
0.7128	0.1275E-13
0.7654	0.1406E-13
0.8237	0.1547E-13
0.8879	0.1699E-13
0.9588	0.1862E-13
1.037	0.2036E-13
1.123	0.2222E-13
1.217	0.2420E-13
1.320	0.2631E-13
1.434	0.2855E-13
1.557	0.3092E-13
1.692	0.3344E-13
1.840	0.3609E-13
2.000	0.3889E-13
2.174	0.4184E-13
2.363	0.4495E-13
2.568	0.4821E-13
2.790	0.5163E-13
3.031	0.5522E-13
3.291	0.5897E-13
3.572	0.6290E-13
3.877	0.6700E-13
4.206	0.7128E-13
4.561	0.7575E-13
4.946	0.8040E-13
5.362	0.8525E-13
5.812	0.9029E-13
6.299	0.9553E-13
6.827	0.1010E-12
7.400	0.1066E-12
8.022	0.1125E-12
8.700	0.1186E-12
9.438	0.1249E-12
10.24	0.1315E-12
11.13	0.1383E-12
12.09	0.1453E-12
13.16	0.1526E-12
14.33	0.1602E-12
15.63	0.1680E-12
17.06	0.1761E-12
18.67	0.1845E-12
20.46	0.1931E-12
22.47	0.2021E-12
24.73	0.2114E-12
27.30	0.2209E-12
30.22	0.2307E-12
33.56	0.2408E-12
37.39	0.2511E-12
41.82	0.2616E-12
46.95	0.2723E-12
52.94	0.2831E-12
59.92	0.2939E-12
68.06	0.3048E-12
77.51	0.3156E-12
88.41	0.3263E-12
100.8	0.3369E-12
114.8	0.3473E-12
130.3	0.3576E-12
147.3	0.3678E-12
165.7	0.3778E-12
185.4	0.3877E-12
206.2	0.3975E-12
228.1	0.4072E-12
250.9	0.4168E-12
274.5	0.4263E-12
298.9	0.4357E-12
324.1	0.4450E-12
349.8	0.4543E-12
376.2	0.4635E-12
403.2	0.4726E-12
430.5	0.4816E-12
458.4	0.4906E-12
486.8	0.4995E-12
515.7	0.5083E-12
544.9	0.5170E-12
574.6	0.5257E-12
604.7	0.5343E-12
635.2	0.5428E-12
666.1	0.5512E-12
697.3	0.5596E-12
729.0	0.5679E-12
761.0	0.5761E-12
793.4	0.5843E-12
826.2	0.5924E-12
859.4	0.6004E-12
893.1	0.6084E-12
927.1	0.6162E-12
961.5	0.6241E-12
996.4	0.6318E-12
1032.	0.6395E-12
1067.	0.6471E-12
1104.	0.6546E-12
1140.	0.6621E-12
1177.	0.6695E-12
1215.	0.6769E-12
1253.	0.6842E-12
1292.	0.6914E-12
1331.	0.6985E-12
1370.	0.7056E-12
1411.	0.7126E-12
1452.	0.7195E-12
1493.	0.7264E-12
1535.	0.7331E-12
1577.	0.7399E-12
1621.	0.7465E-12
1665.	0.7531E-12
1709.	0.7595E-12
1754.	0.7659E-12
1800.	0.7723E-12
1847.	0.7785E-12
1894.	0.7847E-12
1942.	0.7908E-12
1991.	0.7968E-12
2040.	0.8027E-12
2090.	0.8086E-12
2141.	0.8143E-12
2193.	0.8200E-12
2246.	0.8256E-12
2299.	0.8311E-12
2353.	0.8365E-12
2409.	0.8418E-12
2464.	0.8470E-12
2521.	0.8522E-12
2579.	0.8572E-12
2638.	0.8621E-12
2697.	0.8670E-12
2757.	0.8717E-12
2818.	0.8764E-12
2881.	0.8810E-12
2944.	0.8854E-12
3008.	0.8898E-12
3073.	0.8941E-12
3139.	0.8983E-12
3205.	0.9024E-12
3274.	0.9064E-12
3342.	0.9102E-12
3412.	0.9140E-12
3483.	0.9177E-12
3555.	0.9212E-12
 
 
