BOLSIG+ version: 03/2016
Collision input data:
--------------------------------------------------
Ar                                                              
crs-Biagi_v7.1+step.txt
--------------------------------------------------
Ar*                                                             
crs-Biagi_v7.1+step.txt
 
 
 
Angular frequency / N (m3/s)               0.000    
Cosine of E-B field angle                  0.000    
Gas temperature (K)                        5000.    
Excitation temperature (K)                 5000.    
Transition energy (eV)                     0.000    
Ionization degree                          0.000    
Plasma density (1/m3)                     0.8000E+17
Ion charge parameter                       1.000    
Ion/neutral mass ratio                     1.000    
e-e momentum effects                       1.000    
Energy sharing                             1.000    
Growth model                               1.000    
Maxwellian mean energy (eV)                0.000    
# of grid points                           200.0    
Grid type                                  0.000    
Maximum energy                             200.0    
Precision                                 0.1000E-09
Convergence                               0.1000E-03
Maximum # of iterations                    1000.    
Mole fraction Ar                           1.000    
Mole fraction Ar*                         0.1000E-04
 
 
E/N (Td)    	Electric field / N (Td)                                         
0.9537E-06	0.9537E-06
0.9537E-06	0.9537E-06
0.9537E-06	0.9537E-06
0.9537E-06	0.9537E-06
0.9537E-06	0.9537E-06
0.9537E-06	0.9537E-06
0.9537E-06	0.9537E-06
0.9537E-06	0.9537E-06
0.9537E-06	0.9537E-06
0.9537E-06	0.9537E-06
0.9537E-06	0.9537E-06
0.9537E-06	0.9537E-06
0.9537E-06	0.9537E-06
0.9537E-06	0.9537E-06
0.9537E-06	0.9537E-06
0.9537E-06	0.9537E-06
0.9537E-06	0.9537E-06
0.9537E-06	0.9537E-06
0.9537E-06	0.9537E-06
0.9537E-06	0.9537E-06
0.1017E-02	0.1017E-02
0.2603E-02	0.2603E-02
0.4160E-02	0.4160E-02
0.6002E-02	0.6002E-02
0.8220E-02	0.8220E-02
0.1081E-01	0.1081E-01
0.1374E-01	0.1374E-01
0.1699E-01	0.1699E-01
0.2053E-01	0.2053E-01
0.2436E-01	0.2436E-01
0.2846E-01	0.2846E-01
0.3283E-01	0.3283E-01
0.3748E-01	0.3748E-01
0.4241E-01	0.4241E-01
0.4762E-01	0.4762E-01
0.5313E-01	0.5313E-01
0.5894E-01	0.5894E-01
0.6506E-01	0.6506E-01
0.7151E-01	0.7151E-01
0.7830E-01	0.7830E-01
0.8544E-01	0.8544E-01
0.9296E-01	0.9296E-01
0.1009	0.1009
0.1092	0.1092
0.1179	0.1179
0.1272	0.1272
0.1369	0.1369
0.1471	0.1471
0.1579	0.1579
0.1692	0.1692
0.1812	0.1812
0.1942	0.1942
0.2075	0.2075
0.2217	0.2217
0.2366	0.2366
0.2524	0.2524
0.2693	0.2693
0.2870	0.2870
0.3057	0.3057
0.3255	0.3255
0.3465	0.3465
0.3687	0.3687
0.3923	0.3923
0.4172	0.4172
0.4435	0.4435
0.4715	0.4715
0.5013	0.5013
0.5330	0.5330
0.5666	0.5666
0.6023	0.6023
0.6402	0.6402
0.6806	0.6806
0.7235	0.7235
0.7689	0.7689
0.8176	0.8176
0.8693	0.8693
0.9244	0.9244
0.9833	0.9833
1.046	1.046
1.112	1.112
1.183	1.183
1.258	1.258
1.338	1.338
1.423	1.423
1.513	1.513
1.608	1.608
1.710	1.710
1.817	1.817
1.931	1.931
2.051	2.051
2.180	2.180
2.316	2.316
2.460	2.460
2.615	2.615
2.780	2.780
2.959	2.959
3.153	3.153
3.366	3.366
3.602	3.602
3.871	3.871
4.178	4.178
4.544	4.544
4.993	4.993
5.569	5.569
6.353	6.353
7.493	7.493
9.248	9.248
11.97	11.97
15.88	15.88
20.99	20.99
27.27	27.27
34.73	34.73
43.43	43.43
53.43	53.43
64.79	64.79
77.55	77.55
91.71	91.71
107.3	107.3
124.1	124.1
142.2	142.2
161.6	161.6
182.0	182.0
203.4	203.4
225.7	225.7
248.9	248.9
272.9	272.9
297.6	297.6
322.8	322.8
348.8	348.8
375.4	375.4
402.4	402.4
429.8	429.8
457.8	457.8
486.3	486.3
515.2	515.2
544.5	544.5
574.3	574.3
604.4	604.4
634.9	634.9
665.7	665.7
697.0	697.0
728.7	728.7
760.7	760.7
793.2	793.2
826.0	826.0
859.2	859.2
892.8	892.8
926.9	926.9
961.3	961.3
996.1	996.1
1031.	1031.
1067.	1067.
1103.	1103.
1140.	1140.
1177.	1177.
1215.	1215.
1253.	1253.
1292.	1292.
1331.	1331.
1370.	1370.
1411.	1411.
1451.	1451.
1493.	1493.
1535.	1535.
1577.	1577.
1621.	1621.
1664.	1664.
1709.	1709.
1754.	1754.
1800.	1800.
1847.	1847.
1894.	1894.
1942.	1942.
1990.	1990.
2040.	2040.
2090.	2090.
2141.	2141.
2193.	2193.
2246.	2246.
2299.	2299.
2353.	2353.
2408.	2408.
2464.	2464.
2521.	2521.
2579.	2579.
2637.	2637.
2697.	2697.
2757.	2757.
2818.	2818.
2880.	2880.
2944.	2944.
3008.	3008.
3073.	3073.
3139.	3139.
3205.	3205.
3274.	3274.
3342.	3342.
3412.	3412.
3483.	3483.
3555.	3555.
 
 
E/N (Td)	Mean energy (eV)
0.9537E-06	0.6457
0.9537E-06	0.6457
0.9537E-06	0.6457
0.9537E-06	0.6457
0.9537E-06	0.6457
0.9537E-06	0.6457
0.9537E-06	0.6457
0.9537E-06	0.6457
0.9537E-06	0.6457
0.9537E-06	0.6457
0.9537E-06	0.6457
0.9537E-06	0.6457
0.9537E-06	0.6457
0.9537E-06	0.6457
0.9537E-06	0.6457
0.9537E-06	0.6457
0.9537E-06	0.6457
0.9537E-06	0.6457
0.9537E-06	0.6457
0.9537E-06	0.6457
0.1017E-02	0.6498
0.2603E-02	0.6658
0.4160E-02	0.6822
0.6002E-02	0.6989
0.8220E-02	0.7161
0.1081E-01	0.7337
0.1374E-01	0.7516
0.1699E-01	0.7701
0.2053E-01	0.7890
0.2436E-01	0.8084
0.2846E-01	0.8283
0.3283E-01	0.8486
0.3748E-01	0.8695
0.4241E-01	0.8908
0.4762E-01	0.9127
0.5313E-01	0.9351
0.5894E-01	0.9581
0.6506E-01	0.9816
0.7151E-01	1.006
0.7830E-01	1.030
0.8544E-01	1.056
0.9296E-01	1.082
0.1009	1.108
0.1092	1.135
0.1179	1.163
0.1272	1.192
0.1369	1.221
0.1471	1.251
0.1579	1.282
0.1692	1.313
0.1812	1.346
0.1942	1.379
0.2075	1.413
0.2217	1.447
0.2366	1.483
0.2524	1.519
0.2693	1.556
0.2870	1.595
0.3057	1.634
0.3255	1.674
0.3465	1.715
0.3687	1.757
0.3923	1.800
0.4172	1.845
0.4435	1.890
0.4715	1.936
0.5013	1.984
0.5330	2.033
0.5666	2.083
0.6023	2.134
0.6402	2.186
0.6806	2.240
0.7235	2.295
0.7689	2.351
0.8176	2.409
0.8693	2.468
0.9244	2.529
0.9833	2.591
1.046	2.654
1.112	2.720
1.183	2.786
1.258	2.855
1.338	2.925
1.423	2.997
1.513	3.070
1.608	3.146
1.710	3.223
1.817	3.302
1.931	3.383
2.051	3.466
2.180	3.551
2.316	3.639
2.460	3.728
2.615	3.820
2.780	3.913
2.959	4.009
3.153	4.108
3.366	4.209
3.602	4.312
3.871	4.418
4.178	4.527
4.544	4.638
4.993	4.752
5.569	4.868
6.353	4.988
7.493	5.110
9.248	5.236
11.97	5.364
15.88	5.496
20.99	5.631
27.27	5.770
34.73	5.911
43.43	6.057
53.43	6.205
64.79	6.358
77.55	6.513
91.71	6.674
107.3	6.837
124.1	7.006
142.2	7.178
161.6	7.354
182.0	7.535
203.4	7.720
225.7	7.909
248.9	8.104
272.9	8.303
297.6	8.507
322.8	8.715
348.8	8.930
375.4	9.149
402.4	9.374
429.8	9.604
457.8	9.840
486.3	10.08
515.2	10.33
544.5	10.58
574.3	10.84
604.4	11.11
634.9	11.38
665.7	11.66
697.0	11.95
728.7	12.24
760.7	12.54
793.2	12.85
826.0	13.17
859.2	13.49
892.8	13.82
926.9	14.16
961.3	14.51
996.1	14.86
1031.	15.23
1067.	15.60
1103.	15.99
1140.	16.38
1177.	16.78
1215.	17.19
1253.	17.61
1292.	18.05
1331.	18.49
1370.	18.94
1411.	19.41
1451.	19.89
1493.	20.37
1535.	20.88
1577.	21.39
1621.	21.91
1664.	22.45
1709.	23.00
1754.	23.57
1800.	24.15
1847.	24.74
1894.	25.35
1942.	25.97
1990.	26.61
2040.	27.26
2090.	27.93
2141.	28.62
2193.	29.32
2246.	30.04
2299.	30.78
2353.	31.53
2408.	32.31
2464.	33.10
2521.	33.92
2579.	34.75
2637.	35.60
2697.	36.47
2757.	37.37
2818.	38.29
2880.	39.23
2944.	40.19
3008.	41.18
3073.	42.19
3139.	43.23
3205.	44.29
3274.	45.38
3342.	46.49
3412.	47.63
3483.	48.80
3555.	50.00
 
 
E/N (Td)	Mobility *N (1/m/V/s)
0.9537E-06	0.7390E+26
0.9537E-06	0.7390E+26
0.9537E-06	0.7390E+26
0.9537E-06	0.7390E+26
0.9537E-06	0.7390E+26
0.9537E-06	0.7390E+26
0.9537E-06	0.7390E+26
0.9537E-06	0.7390E+26
0.9537E-06	0.7390E+26
0.9537E-06	0.7390E+26
0.9537E-06	0.7390E+26
0.9537E-06	0.7390E+26
0.9537E-06	0.7390E+26
0.9537E-06	0.7390E+26
0.9537E-06	0.7390E+26
0.9537E-06	0.7390E+26
0.9537E-06	0.7390E+26
0.9537E-06	0.7390E+26
0.9537E-06	0.7390E+26
0.9537E-06	0.7390E+26
0.1017E-02	0.7103E+26
0.2603E-02	0.6085E+26
0.4160E-02	0.5193E+26
0.6002E-02	0.4461E+26
0.8220E-02	0.3881E+26
0.1081E-01	0.3430E+26
0.1374E-01	0.3078E+26
0.1699E-01	0.2794E+26
0.2053E-01	0.2561E+26
0.2436E-01	0.2367E+26
0.2846E-01	0.2201E+26
0.3283E-01	0.2057E+26
0.3748E-01	0.1930E+26
0.4241E-01	0.1817E+26
0.4762E-01	0.1716E+26
0.5313E-01	0.1625E+26
0.5894E-01	0.1542E+26
0.6506E-01	0.1466E+26
0.7151E-01	0.1395E+26
0.7830E-01	0.1330E+26
0.8544E-01	0.1270E+26
0.9296E-01	0.1213E+26
0.1009	0.1160E+26
0.1092	0.1110E+26
0.1179	0.1063E+26
0.1272	0.1019E+26
0.1369	0.9765E+25
0.1471	0.9364E+25
0.1579	0.8983E+25
0.1692	0.8620E+25
0.1812	0.8274E+25
0.1942	0.7936E+25
0.2075	0.7619E+25
0.2217	0.7316E+25
0.2366	0.7026E+25
0.2524	0.6748E+25
0.2693	0.6478E+25
0.2870	0.6222E+25
0.3057	0.5977E+25
0.3255	0.5741E+25
0.3465	0.5516E+25
0.3687	0.5299E+25
0.3923	0.5091E+25
0.4172	0.4891E+25
0.4435	0.4701E+25
0.4715	0.4517E+25
0.5013	0.4340E+25
0.5330	0.4171E+25
0.5666	0.4008E+25
0.6023	0.3852E+25
0.6402	0.3702E+25
0.6806	0.3558E+25
0.7235	0.3420E+25
0.7689	0.3287E+25
0.8176	0.3160E+25
0.8693	0.3037E+25
0.9244	0.2919E+25
0.9833	0.2805E+25
1.046	0.2697E+25
1.112	0.2592E+25
1.183	0.2491E+25
1.258	0.2394E+25
1.338	0.2301E+25
1.423	0.2211E+25
1.513	0.2125E+25
1.608	0.2042E+25
1.710	0.1962E+25
1.817	0.1886E+25
1.931	0.1812E+25
2.051	0.1742E+25
2.180	0.1674E+25
2.316	0.1609E+25
2.460	0.1547E+25
2.615	0.1488E+25
2.780	0.1431E+25
2.959	0.1377E+25
3.153	0.1327E+25
3.366	0.1279E+25
3.602	0.1234E+25
3.871	0.1193E+25
4.178	0.1155E+25
4.544	0.1121E+25
4.993	0.1091E+25
5.569	0.1066E+25
6.353	0.1045E+25
7.493	0.1028E+25
9.248	0.1013E+25
11.97	0.9954E+24
15.88	0.9718E+24
20.99	0.9442E+24
27.27	0.9155E+24
34.73	0.8880E+24
43.43	0.8628E+24
53.43	0.8403E+24
64.79	0.8204E+24
77.55	0.8026E+24
91.71	0.7866E+24
107.3	0.7719E+24
124.1	0.7583E+24
142.2	0.7457E+24
161.6	0.7339E+24
182.0	0.7227E+24
203.4	0.7122E+24
225.7	0.7023E+24
248.9	0.6930E+24
272.9	0.6842E+24
297.6	0.6759E+24
322.8	0.6681E+24
348.8	0.6608E+24
375.4	0.6539E+24
402.4	0.6474E+24
429.8	0.6413E+24
457.8	0.6356E+24
486.3	0.6302E+24
515.2	0.6250E+24
544.5	0.6202E+24
574.3	0.6155E+24
604.4	0.6112E+24
634.9	0.6071E+24
665.7	0.6032E+24
697.0	0.5995E+24
728.7	0.5958E+24
760.7	0.5923E+24
793.2	0.5890E+24
826.0	0.5858E+24
859.2	0.5826E+24
892.8	0.5795E+24
926.9	0.5764E+24
961.3	0.5736E+24
996.1	0.5707E+24
1031.	0.5679E+24
1067.	0.5651E+24
1103.	0.5625E+24
1140.	0.5598E+24
1177.	0.5572E+24
1215.	0.5546E+24
1253.	0.5519E+24
1292.	0.5494E+24
1331.	0.5470E+24
1370.	0.5444E+24
1411.	0.5419E+24
1451.	0.5394E+24
1493.	0.5370E+24
1535.	0.5345E+24
1577.	0.5321E+24
1621.	0.5296E+24
1664.	0.5272E+24
1709.	0.5247E+24
1754.	0.5222E+24
1800.	0.5199E+24
1847.	0.5174E+24
1894.	0.5150E+24
1942.	0.5125E+24
1990.	0.5102E+24
2040.	0.5077E+24
2090.	0.5053E+24
2141.	0.5029E+24
2193.	0.5006E+24
2246.	0.4981E+24
2299.	0.4958E+24
2353.	0.4935E+24
2408.	0.4911E+24
2464.	0.4888E+24
2521.	0.4863E+24
2579.	0.4841E+24
2637.	0.4817E+24
2697.	0.4795E+24
2757.	0.4771E+24
2818.	0.4749E+24
2880.	0.4727E+24
2944.	0.4703E+24
3008.	0.4682E+24
3073.	0.4659E+24
3139.	0.4637E+24
3205.	0.4617E+24
3274.	0.4595E+24
3342.	0.4573E+24
3412.	0.4552E+24
3483.	0.4532E+24
3555.	0.4511E+24
 
 
E/N (Td)	Diffusion coefficient *N (1/m/s)
0.9537E-06	0.3179E+26
0.9537E-06	0.3179E+26
0.9537E-06	0.3179E+26
0.9537E-06	0.3179E+26
0.9537E-06	0.3179E+26
0.9537E-06	0.3179E+26
0.9537E-06	0.3179E+26
0.9537E-06	0.3179E+26
0.9537E-06	0.3179E+26
0.9537E-06	0.3179E+26
0.9537E-06	0.3179E+26
0.9537E-06	0.3179E+26
0.9537E-06	0.3179E+26
0.9537E-06	0.3179E+26
0.9537E-06	0.3179E+26
0.9537E-06	0.3179E+26
0.9537E-06	0.3179E+26
0.9537E-06	0.3179E+26
0.9537E-06	0.3179E+26
0.9537E-06	0.3179E+26
0.1017E-02	0.3174E+26
0.2603E-02	0.3151E+26
0.4160E-02	0.3117E+26
0.6002E-02	0.3073E+26
0.8220E-02	0.3021E+26
0.1081E-01	0.2963E+26
0.1374E-01	0.2902E+26
0.1699E-01	0.2840E+26
0.2053E-01	0.2778E+26
0.2436E-01	0.2717E+26
0.2846E-01	0.2659E+26
0.3283E-01	0.2602E+26
0.3748E-01	0.2547E+26
0.4241E-01	0.2494E+26
0.4762E-01	0.2443E+26
0.5313E-01	0.2394E+26
0.5894E-01	0.2346E+26
0.6506E-01	0.2300E+26
0.7151E-01	0.2255E+26
0.7830E-01	0.2212E+26
0.8544E-01	0.2170E+26
0.9296E-01	0.2129E+26
0.1009	0.2090E+26
0.1092	0.2051E+26
0.1179	0.2014E+26
0.1272	0.1978E+26
0.1369	0.1943E+26
0.1471	0.1909E+26
0.1579	0.1875E+26
0.1692	0.1843E+26
0.1812	0.1811E+26
0.1942	0.1780E+26
0.2075	0.1749E+26
0.2217	0.1720E+26
0.2366	0.1691E+26
0.2524	0.1663E+26
0.2693	0.1635E+26
0.2870	0.1608E+26
0.3057	0.1582E+26
0.3255	0.1556E+26
0.3465	0.1531E+26
0.3687	0.1506E+26
0.3923	0.1482E+26
0.4172	0.1458E+26
0.4435	0.1435E+26
0.4715	0.1413E+26
0.5013	0.1390E+26
0.5330	0.1369E+26
0.5666	0.1347E+26
0.6023	0.1326E+26
0.6402	0.1306E+26
0.6806	0.1286E+26
0.7235	0.1266E+26
0.7689	0.1246E+26
0.8176	0.1227E+26
0.8693	0.1209E+26
0.9244	0.1190E+26
0.9833	0.1172E+26
1.046	0.1154E+26
1.112	0.1137E+26
1.183	0.1120E+26
1.258	0.1103E+26
1.338	0.1086E+26
1.423	0.1069E+26
1.513	0.1053E+26
1.608	0.1037E+26
1.710	0.1021E+26
1.817	0.1006E+26
1.931	0.9905E+25
2.051	0.9754E+25
2.180	0.9604E+25
2.316	0.9458E+25
2.460	0.9314E+25
2.615	0.9172E+25
2.780	0.9032E+25
2.959	0.8895E+25
3.153	0.8760E+25
3.366	0.8628E+25
3.602	0.8500E+25
3.871	0.8374E+25
4.178	0.8252E+25
4.544	0.8135E+25
4.993	0.8023E+25
5.569	0.7917E+25
6.353	0.7818E+25
7.493	0.7726E+25
9.248	0.7639E+25
11.97	0.7553E+25
15.88	0.7464E+25
20.99	0.7371E+25
27.27	0.7279E+25
34.73	0.7188E+25
43.43	0.7100E+25
53.43	0.7014E+25
64.79	0.6928E+25
77.55	0.6840E+25
91.71	0.6750E+25
107.3	0.6658E+25
124.1	0.6565E+25
142.2	0.6473E+25
161.6	0.6386E+25
182.0	0.6303E+25
203.4	0.6228E+25
225.7	0.6160E+25
248.9	0.6100E+25
272.9	0.6047E+25
297.6	0.6000E+25
322.8	0.5961E+25
348.8	0.5929E+25
375.4	0.5903E+25
402.4	0.5883E+25
429.8	0.5869E+25
457.8	0.5862E+25
486.3	0.5859E+25
515.2	0.5862E+25
544.5	0.5871E+25
574.3	0.5884E+25
604.4	0.5903E+25
634.9	0.5927E+25
665.7	0.5957E+25
697.0	0.5990E+25
728.7	0.6028E+25
760.7	0.6070E+25
793.2	0.6118E+25
826.0	0.6169E+25
859.2	0.6225E+25
892.8	0.6284E+25
926.9	0.6347E+25
961.3	0.6416E+25
996.1	0.6488E+25
1031.	0.6563E+25
1067.	0.6643E+25
1103.	0.6727E+25
1140.	0.6815E+25
1177.	0.6907E+25
1215.	0.7001E+25
1253.	0.7099E+25
1292.	0.7202E+25
1331.	0.7309E+25
1370.	0.7418E+25
1411.	0.7532E+25
1451.	0.7649E+25
1493.	0.7771E+25
1535.	0.7894E+25
1577.	0.8023E+25
1621.	0.8154E+25
1664.	0.8289E+25
1709.	0.8428E+25
1754.	0.8570E+25
1800.	0.8717E+25
1847.	0.8867E+25
1894.	0.9021E+25
1942.	0.9178E+25
1990.	0.9341E+25
2040.	0.9505E+25
2090.	0.9673E+25
2141.	0.9847E+25
2193.	0.1003E+26
2246.	0.1021E+26
2299.	0.1039E+26
2353.	0.1058E+26
2408.	0.1077E+26
2464.	0.1097E+26
2521.	0.1118E+26
2579.	0.1139E+26
2637.	0.1160E+26
2697.	0.1181E+26
2757.	0.1203E+26
2818.	0.1226E+26
2880.	0.1250E+26
2944.	0.1273E+26
3008.	0.1297E+26
3073.	0.1322E+26
3139.	0.1347E+26
3205.	0.1374E+26
3274.	0.1400E+26
3342.	0.1427E+26
3412.	0.1455E+26
3483.	0.1484E+26
3555.	0.1512E+26
 
 
E/N (Td)	Energy mobility *N (1/m/V/s)
0.9537E-06	0.5178E+26
0.9537E-06	0.5178E+26
0.9537E-06	0.5178E+26
0.9537E-06	0.5178E+26
0.9537E-06	0.5178E+26
0.9537E-06	0.5178E+26
0.9537E-06	0.5178E+26
0.9537E-06	0.5178E+26
0.9537E-06	0.5178E+26
0.9537E-06	0.5178E+26
0.9537E-06	0.5178E+26
0.9537E-06	0.5178E+26
0.9537E-06	0.5178E+26
0.9537E-06	0.5178E+26
0.9537E-06	0.5178E+26
0.9537E-06	0.5178E+26
0.9537E-06	0.5178E+26
0.9537E-06	0.5178E+26
0.9537E-06	0.5178E+26
0.9537E-06	0.5178E+26
0.1017E-02	0.5058E+26
0.2603E-02	0.4630E+26
0.4160E-02	0.4244E+26
0.6002E-02	0.3910E+26
0.8220E-02	0.3624E+26
0.1081E-01	0.3380E+26
0.1374E-01	0.3171E+26
0.1699E-01	0.2987E+26
0.2053E-01	0.2825E+26
0.2436E-01	0.2679E+26
0.2846E-01	0.2547E+26
0.3283E-01	0.2427E+26
0.3748E-01	0.2316E+26
0.4241E-01	0.2213E+26
0.4762E-01	0.2118E+26
0.5313E-01	0.2028E+26
0.5894E-01	0.1945E+26
0.6506E-01	0.1866E+26
0.7151E-01	0.1791E+26
0.7830E-01	0.1721E+26
0.8544E-01	0.1654E+26
0.9296E-01	0.1590E+26
0.1009	0.1529E+26
0.1092	0.1471E+26
0.1179	0.1416E+26
0.1272	0.1362E+26
0.1369	0.1312E+26
0.1471	0.1263E+26
0.1579	0.1216E+26
0.1692	0.1170E+26
0.1812	0.1127E+26
0.1942	0.1085E+26
0.2075	0.1044E+26
0.2217	0.1006E+26
0.2366	0.9682E+25
0.2524	0.9321E+25
0.2693	0.8972E+25
0.2870	0.8637E+25
0.3057	0.8314E+25
0.3255	0.8002E+25
0.3465	0.7702E+25
0.3687	0.7412E+25
0.3923	0.7133E+25
0.4172	0.6863E+25
0.4435	0.6604E+25
0.4715	0.6353E+25
0.5013	0.6112E+25
0.5330	0.5878E+25
0.5666	0.5654E+25
0.6023	0.5437E+25
0.6402	0.5227E+25
0.6806	0.5026E+25
0.7235	0.4831E+25
0.7689	0.4644E+25
0.8176	0.4463E+25
0.8693	0.4288E+25
0.9244	0.4120E+25
0.9833	0.3958E+25
1.046	0.3802E+25
1.112	0.3651E+25
1.183	0.3507E+25
1.258	0.3368E+25
1.338	0.3234E+25
1.423	0.3105E+25
1.513	0.2981E+25
1.608	0.2862E+25
1.710	0.2748E+25
1.817	0.2639E+25
1.931	0.2534E+25
2.051	0.2434E+25
2.180	0.2338E+25
2.316	0.2246E+25
2.460	0.2158E+25
2.615	0.2075E+25
2.780	0.1995E+25
2.959	0.1919E+25
3.153	0.1847E+25
3.366	0.1779E+25
3.602	0.1714E+25
3.871	0.1653E+25
4.178	0.1595E+25
4.544	0.1541E+25
4.993	0.1491E+25
5.569	0.1445E+25
6.353	0.1403E+25
7.493	0.1364E+25
9.248	0.1330E+25
11.97	0.1298E+25
15.88	0.1267E+25
20.99	0.1238E+25
27.27	0.1210E+25
34.73	0.1184E+25
43.43	0.1160E+25
53.43	0.1139E+25
64.79	0.1120E+25
77.55	0.1103E+25
91.71	0.1088E+25
107.3	0.1075E+25
124.1	0.1063E+25
142.2	0.1052E+25
161.6	0.1043E+25
182.0	0.1034E+25
203.4	0.1027E+25
225.7	0.1019E+25
248.9	0.1013E+25
272.9	0.1007E+25
297.6	0.1001E+25
322.8	0.9963E+24
348.8	0.9916E+24
375.4	0.9872E+24
402.4	0.9830E+24
429.8	0.9790E+24
457.8	0.9754E+24
486.3	0.9719E+24
515.2	0.9684E+24
544.5	0.9652E+24
574.3	0.9620E+24
604.4	0.9590E+24
634.9	0.9560E+24
665.7	0.9534E+24
697.0	0.9505E+24
728.7	0.9475E+24
760.7	0.9447E+24
793.2	0.9418E+24
826.0	0.9390E+24
859.2	0.9361E+24
892.8	0.9331E+24
926.9	0.9301E+24
961.3	0.9271E+24
996.1	0.9241E+24
1031.	0.9209E+24
1067.	0.9178E+24
1103.	0.9147E+24
1140.	0.9115E+24
1177.	0.9083E+24
1215.	0.9049E+24
1253.	0.9014E+24
1292.	0.8981E+24
1331.	0.8947E+24
1370.	0.8911E+24
1411.	0.8876E+24
1451.	0.8840E+24
1493.	0.8804E+24
1535.	0.8767E+24
1577.	0.8730E+24
1621.	0.8692E+24
1664.	0.8655E+24
1709.	0.8617E+24
1754.	0.8578E+24
1800.	0.8540E+24
1847.	0.8501E+24
1894.	0.8463E+24
1942.	0.8424E+24
1990.	0.8386E+24
2040.	0.8346E+24
2090.	0.8307E+24
2141.	0.8269E+24
2193.	0.8230E+24
2246.	0.8191E+24
2299.	0.8153E+24
2353.	0.8115E+24
2408.	0.8077E+24
2464.	0.8040E+24
2521.	0.8001E+24
2579.	0.7965E+24
2637.	0.7927E+24
2697.	0.7891E+24
2757.	0.7855E+24
2818.	0.7820E+24
2880.	0.7785E+24
2944.	0.7749E+24
3008.	0.7715E+24
3073.	0.7681E+24
3139.	0.7648E+24
3205.	0.7616E+24
3274.	0.7583E+24
3342.	0.7552E+24
3412.	0.7520E+24
3483.	0.7490E+24
3555.	0.7460E+24
 
 
E/N (Td)	Energy diffusion coef. D*N (1/m/s)
0.9537E-06	0.2222E+26
0.9537E-06	0.2222E+26
0.9537E-06	0.2222E+26
0.9537E-06	0.2222E+26
0.9537E-06	0.2222E+26
0.9537E-06	0.2222E+26
0.9537E-06	0.2222E+26
0.9537E-06	0.2222E+26
0.9537E-06	0.2222E+26
0.9537E-06	0.2222E+26
0.9537E-06	0.2222E+26
0.9537E-06	0.2222E+26
0.9537E-06	0.2222E+26
0.9537E-06	0.2222E+26
0.9537E-06	0.2222E+26
0.9537E-06	0.2222E+26
0.9537E-06	0.2222E+26
0.9537E-06	0.2222E+26
0.9537E-06	0.2222E+26
0.9537E-06	0.2222E+26
0.1017E-02	0.2216E+26
0.2603E-02	0.2192E+26
0.4160E-02	0.2163E+26
0.6002E-02	0.2130E+26
0.8220E-02	0.2092E+26
0.1081E-01	0.2052E+26
0.1374E-01	0.2011E+26
0.1699E-01	0.1969E+26
0.2053E-01	0.1927E+26
0.2436E-01	0.1887E+26
0.2846E-01	0.1847E+26
0.3283E-01	0.1809E+26
0.3748E-01	0.1772E+26
0.4241E-01	0.1736E+26
0.4762E-01	0.1702E+26
0.5313E-01	0.1668E+26
0.5894E-01	0.1636E+26
0.6506E-01	0.1605E+26
0.7151E-01	0.1575E+26
0.7830E-01	0.1546E+26
0.8544E-01	0.1518E+26
0.9296E-01	0.1491E+26
0.1009	0.1465E+26
0.1092	0.1440E+26
0.1179	0.1415E+26
0.1272	0.1392E+26
0.1369	0.1368E+26
0.1471	0.1346E+26
0.1579	0.1324E+26
0.1692	0.1303E+26
0.1812	0.1282E+26
0.1942	0.1262E+26
0.2075	0.1243E+26
0.2217	0.1224E+26
0.2366	0.1205E+26
0.2524	0.1187E+26
0.2693	0.1169E+26
0.2870	0.1152E+26
0.3057	0.1134E+26
0.3255	0.1118E+26
0.3465	0.1101E+26
0.3687	0.1085E+26
0.3923	0.1069E+26
0.4172	0.1054E+26
0.4435	0.1038E+26
0.4715	0.1023E+26
0.5013	0.1009E+26
0.5330	0.9941E+25
0.5666	0.9798E+25
0.6023	0.9656E+25
0.6402	0.9517E+25
0.6806	0.9379E+25
0.7235	0.9243E+25
0.7689	0.9108E+25
0.8176	0.8975E+25
0.8693	0.8843E+25
0.9244	0.8713E+25
0.9833	0.8585E+25
1.046	0.8458E+25
1.112	0.8332E+25
1.183	0.8207E+25
1.258	0.8084E+25
1.338	0.7962E+25
1.423	0.7841E+25
1.513	0.7721E+25
1.608	0.7603E+25
1.710	0.7487E+25
1.817	0.7371E+25
1.931	0.7257E+25
2.051	0.7145E+25
2.180	0.7034E+25
2.316	0.6925E+25
2.460	0.6818E+25
2.615	0.6713E+25
2.780	0.6609E+25
2.959	0.6507E+25
3.153	0.6408E+25
3.366	0.6310E+25
3.602	0.6215E+25
3.871	0.6121E+25
4.178	0.6030E+25
4.544	0.5942E+25
4.993	0.5856E+25
5.569	0.5772E+25
6.353	0.5692E+25
7.493	0.5616E+25
9.248	0.5544E+25
11.97	0.5479E+25
15.88	0.5420E+25
20.99	0.5366E+25
27.27	0.5319E+25
34.73	0.5278E+25
43.43	0.5242E+25
53.43	0.5213E+25
64.79	0.5190E+25
77.55	0.5174E+25
91.71	0.5165E+25
107.3	0.5163E+25
124.1	0.5168E+25
142.2	0.5180E+25
161.6	0.5200E+25
182.0	0.5228E+25
203.4	0.5263E+25
225.7	0.5306E+25
248.9	0.5357E+25
272.9	0.5416E+25
297.6	0.5481E+25
322.8	0.5554E+25
348.8	0.5634E+25
375.4	0.5722E+25
402.4	0.5816E+25
429.8	0.5917E+25
457.8	0.6025E+25
486.3	0.6141E+25
515.2	0.6262E+25
544.5	0.6391E+25
574.3	0.6525E+25
604.4	0.6667E+25
634.9	0.6815E+25
665.7	0.6973E+25
697.0	0.7134E+25
728.7	0.7301E+25
760.7	0.7474E+25
793.2	0.7654E+25
826.0	0.7840E+25
859.2	0.8031E+25
892.8	0.8227E+25
926.9	0.8430E+25
961.3	0.8639E+25
996.1	0.8853E+25
1031.	0.9071E+25
1067.	0.9297E+25
1103.	0.9528E+25
1140.	0.9764E+25
1177.	0.1001E+26
1215.	0.1025E+26
1253.	0.1050E+26
1292.	0.1076E+26
1331.	0.1102E+26
1370.	0.1129E+26
1411.	0.1157E+26
1451.	0.1185E+26
1493.	0.1213E+26
1535.	0.1242E+26
1577.	0.1272E+26
1621.	0.1302E+26
1664.	0.1333E+26
1709.	0.1365E+26
1754.	0.1397E+26
1800.	0.1430E+26
1847.	0.1463E+26
1894.	0.1497E+26
1942.	0.1532E+26
1990.	0.1568E+26
2040.	0.1605E+26
2090.	0.1642E+26
2141.	0.1680E+26
2193.	0.1719E+26
2246.	0.1759E+26
2299.	0.1799E+26
2353.	0.1841E+26
2408.	0.1884E+26
2464.	0.1928E+26
2521.	0.1973E+26
2579.	0.2018E+26
2637.	0.2066E+26
2697.	0.2114E+26
2757.	0.2164E+26
2818.	0.2215E+26
2880.	0.2267E+26
2944.	0.2321E+26
3008.	0.2375E+26
3073.	0.2432E+26
3139.	0.2491E+26
3205.	0.2550E+26
3274.	0.2612E+26
3342.	0.2676E+26
3412.	0.2741E+26
3483.	0.2808E+26
3555.	0.2877E+26
 
 
E/N (Td)	Total collision freq. /N (m3/s)
0.9537E-06	0.4921E-14
0.9537E-06	0.4921E-14
0.9537E-06	0.4921E-14
0.9537E-06	0.4921E-14
0.9537E-06	0.4921E-14
0.9537E-06	0.4921E-14
0.9537E-06	0.4921E-14
0.9537E-06	0.4921E-14
0.9537E-06	0.4921E-14
0.9537E-06	0.4921E-14
0.9537E-06	0.4921E-14
0.9537E-06	0.4921E-14
0.9537E-06	0.4921E-14
0.9537E-06	0.4921E-14
0.9537E-06	0.4921E-14
0.9537E-06	0.4921E-14
0.9537E-06	0.4921E-14
0.9537E-06	0.4921E-14
0.9537E-06	0.4921E-14
0.9537E-06	0.4921E-14
0.1017E-02	0.4954E-14
0.2603E-02	0.5084E-14
0.4160E-02	0.5224E-14
0.6002E-02	0.5376E-14
0.8220E-02	0.5541E-14
0.1081E-01	0.5720E-14
0.1374E-01	0.5912E-14
0.1699E-01	0.6117E-14
0.2053E-01	0.6334E-14
0.2436E-01	0.6562E-14
0.2846E-01	0.6801E-14
0.3283E-01	0.7051E-14
0.3748E-01	0.7312E-14
0.4241E-01	0.7583E-14
0.4762E-01	0.7866E-14
0.5313E-01	0.8159E-14
0.5894E-01	0.8464E-14
0.6506E-01	0.8780E-14
0.7151E-01	0.9109E-14
0.7830E-01	0.9449E-14
0.8544E-01	0.9801E-14
0.9296E-01	0.1017E-13
0.1009	0.1055E-13
0.1092	0.1094E-13
0.1179	0.1134E-13
0.1272	0.1177E-13
0.1369	0.1220E-13
0.1471	0.1266E-13
0.1579	0.1312E-13
0.1692	0.1361E-13
0.1812	0.1412E-13
0.1942	0.1465E-13
0.2075	0.1520E-13
0.2217	0.1576E-13
0.2366	0.1635E-13
0.2524	0.1696E-13
0.2693	0.1760E-13
0.2870	0.1826E-13
0.3057	0.1895E-13
0.3255	0.1966E-13
0.3465	0.2040E-13
0.3687	0.2117E-13
0.3923	0.2197E-13
0.4172	0.2281E-13
0.4435	0.2367E-13
0.4715	0.2457E-13
0.5013	0.2551E-13
0.5330	0.2649E-13
0.5666	0.2751E-13
0.6023	0.2857E-13
0.6402	0.2968E-13
0.6806	0.3083E-13
0.7235	0.3204E-13
0.7689	0.3328E-13
0.8176	0.3459E-13
0.8693	0.3595E-13
0.9244	0.3738E-13
0.9833	0.3887E-13
1.046	0.4042E-13
1.112	0.4204E-13
1.183	0.4372E-13
1.258	0.4549E-13
1.338	0.4732E-13
1.423	0.4925E-13
1.513	0.5125E-13
1.608	0.5334E-13
1.710	0.5551E-13
1.817	0.5778E-13
1.931	0.6014E-13
2.051	0.6260E-13
2.180	0.6516E-13
2.316	0.6782E-13
2.460	0.7058E-13
2.615	0.7345E-13
2.780	0.7643E-13
2.959	0.7951E-13
3.153	0.8271E-13
3.366	0.8601E-13
3.602	0.8943E-13
3.871	0.9297E-13
4.178	0.9661E-13
4.544	0.1004E-12
4.993	0.1043E-12
5.569	0.1082E-12
6.353	0.1123E-12
7.493	0.1165E-12
9.248	0.1208E-12
11.97	0.1250E-12
15.88	0.1292E-12
20.99	0.1333E-12
27.27	0.1374E-12
34.73	0.1415E-12
43.43	0.1455E-12
53.43	0.1495E-12
64.79	0.1535E-12
77.55	0.1573E-12
91.71	0.1611E-12
107.3	0.1648E-12
124.1	0.1684E-12
142.2	0.1719E-12
161.6	0.1754E-12
182.0	0.1787E-12
203.4	0.1819E-12
225.7	0.1851E-12
248.9	0.1881E-12
272.9	0.1911E-12
297.6	0.1940E-12
322.8	0.1968E-12
348.8	0.1996E-12
375.4	0.2022E-12
402.4	0.2049E-12
429.8	0.2074E-12
457.8	0.2099E-12
486.3	0.2123E-12
515.2	0.2146E-12
544.5	0.2169E-12
574.3	0.2191E-12
604.4	0.2213E-12
634.9	0.2234E-12
665.7	0.2254E-12
697.0	0.2274E-12
728.7	0.2294E-12
760.7	0.2313E-12
793.2	0.2331E-12
826.0	0.2349E-12
859.2	0.2367E-12
892.8	0.2384E-12
926.9	0.2400E-12
961.3	0.2417E-12
996.1	0.2433E-12
1031.	0.2448E-12
1067.	0.2463E-12
1103.	0.2478E-12
1140.	0.2492E-12
1177.	0.2506E-12
1215.	0.2520E-12
1253.	0.2534E-12
1292.	0.2547E-12
1331.	0.2560E-12
1370.	0.2572E-12
1411.	0.2585E-12
1451.	0.2597E-12
1493.	0.2608E-12
1535.	0.2620E-12
1577.	0.2631E-12
1621.	0.2642E-12
1664.	0.2653E-12
1709.	0.2664E-12
1754.	0.2674E-12
1800.	0.2685E-12
1847.	0.2695E-12
1894.	0.2705E-12
1942.	0.2714E-12
1990.	0.2724E-12
2040.	0.2733E-12
2090.	0.2742E-12
2141.	0.2751E-12
2193.	0.2760E-12
2246.	0.2769E-12
2299.	0.2777E-12
2353.	0.2785E-12
2408.	0.2794E-12
2464.	0.2802E-12
2521.	0.2810E-12
2579.	0.2817E-12
2637.	0.2825E-12
2697.	0.2832E-12
2757.	0.2840E-12
2818.	0.2847E-12
2880.	0.2854E-12
2944.	0.2861E-12
3008.	0.2868E-12
3073.	0.2874E-12
3139.	0.2881E-12
3205.	0.2888E-12
3274.	0.2894E-12
3342.	0.2900E-12
3412.	0.2906E-12
3483.	0.2912E-12
3555.	0.2918E-12
 
 
E/N (Td)	Momentum frequency /N (m3/s)
0.9537E-06	0.2380E-14
0.9537E-06	0.2380E-14
0.9537E-06	0.2380E-14
0.9537E-06	0.2380E-14
0.9537E-06	0.2380E-14
0.9537E-06	0.2380E-14
0.9537E-06	0.2380E-14
0.9537E-06	0.2380E-14
0.9537E-06	0.2380E-14
0.9537E-06	0.2380E-14
0.9537E-06	0.2380E-14
0.9537E-06	0.2380E-14
0.9537E-06	0.2380E-14
0.9537E-06	0.2380E-14
0.9537E-06	0.2380E-14
0.9537E-06	0.2380E-14
0.9537E-06	0.2380E-14
0.9537E-06	0.2380E-14
0.9537E-06	0.2380E-14
0.9537E-06	0.2380E-14
0.1017E-02	0.2476E-14
0.2603E-02	0.2890E-14
0.4160E-02	0.3387E-14
0.6002E-02	0.3942E-14
0.8220E-02	0.4531E-14
0.1081E-01	0.5127E-14
0.1374E-01	0.5715E-14
0.1699E-01	0.6295E-14
0.2053E-01	0.6867E-14
0.2436E-01	0.7431E-14
0.2846E-01	0.7992E-14
0.3283E-01	0.8552E-14
0.3748E-01	0.9114E-14
0.4241E-01	0.9678E-14
0.4762E-01	0.1025E-13
0.5313E-01	0.1082E-13
0.5894E-01	0.1141E-13
0.6506E-01	0.1200E-13
0.7151E-01	0.1260E-13
0.7830E-01	0.1322E-13
0.8544E-01	0.1385E-13
0.9296E-01	0.1450E-13
0.1009	0.1516E-13
0.1092	0.1584E-13
0.1179	0.1654E-13
0.1272	0.1727E-13
0.1369	0.1801E-13
0.1471	0.1878E-13
0.1579	0.1958E-13
0.1692	0.2040E-13
0.1812	0.2126E-13
0.1942	0.2216E-13
0.2075	0.2308E-13
0.2217	0.2404E-13
0.2366	0.2503E-13
0.2524	0.2607E-13
0.2693	0.2715E-13
0.2870	0.2827E-13
0.3057	0.2943E-13
0.3255	0.3063E-13
0.3465	0.3189E-13
0.3687	0.3319E-13
0.3923	0.3455E-13
0.4172	0.3596E-13
0.4435	0.3741E-13
0.4715	0.3894E-13
0.5013	0.4052E-13
0.5330	0.4217E-13
0.5666	0.4388E-13
0.6023	0.4566E-13
0.6402	0.4751E-13
0.6806	0.4944E-13
0.7235	0.5143E-13
0.7689	0.5350E-13
0.8176	0.5566E-13
0.8693	0.5791E-13
0.9244	0.6025E-13
0.9833	0.6269E-13
1.046	0.6523E-13
1.112	0.6786E-13
1.183	0.7060E-13
1.258	0.7346E-13
1.338	0.7643E-13
1.423	0.7954E-13
1.513	0.8276E-13
1.608	0.8613E-13
1.710	0.8962E-13
1.817	0.9326E-13
1.931	0.9705E-13
2.051	0.1010E-12
2.180	0.1051E-12
2.316	0.1093E-12
2.460	0.1137E-12
2.615	0.1182E-12
2.780	0.1229E-12
2.959	0.1277E-12
3.153	0.1326E-12
3.366	0.1375E-12
3.602	0.1425E-12
3.871	0.1474E-12
4.178	0.1523E-12
4.544	0.1569E-12
4.993	0.1612E-12
5.569	0.1650E-12
6.353	0.1683E-12
7.493	0.1710E-12
9.248	0.1736E-12
11.97	0.1767E-12
15.88	0.1810E-12
20.99	0.1863E-12
27.27	0.1921E-12
34.73	0.1981E-12
43.43	0.2039E-12
53.43	0.2093E-12
64.79	0.2144E-12
77.55	0.2191E-12
91.71	0.2236E-12
107.3	0.2279E-12
124.1	0.2319E-12
142.2	0.2359E-12
161.6	0.2397E-12
182.0	0.2434E-12
203.4	0.2470E-12
225.7	0.2504E-12
248.9	0.2538E-12
272.9	0.2571E-12
297.6	0.2602E-12
322.8	0.2633E-12
348.8	0.2662E-12
375.4	0.2690E-12
402.4	0.2717E-12
429.8	0.2743E-12
457.8	0.2767E-12
486.3	0.2791E-12
515.2	0.2814E-12
544.5	0.2836E-12
574.3	0.2857E-12
604.4	0.2878E-12
634.9	0.2897E-12
665.7	0.2916E-12
697.0	0.2934E-12
728.7	0.2952E-12
760.7	0.2969E-12
793.2	0.2986E-12
826.0	0.3003E-12
859.2	0.3019E-12
892.8	0.3035E-12
926.9	0.3051E-12
961.3	0.3066E-12
996.1	0.3082E-12
1031.	0.3097E-12
1067.	0.3112E-12
1103.	0.3127E-12
1140.	0.3142E-12
1177.	0.3156E-12
1215.	0.3171E-12
1253.	0.3187E-12
1292.	0.3201E-12
1331.	0.3216E-12
1370.	0.3231E-12
1411.	0.3246E-12
1451.	0.3261E-12
1493.	0.3275E-12
1535.	0.3291E-12
1577.	0.3306E-12
1621.	0.3321E-12
1664.	0.3336E-12
1709.	0.3352E-12
1754.	0.3368E-12
1800.	0.3383E-12
1847.	0.3399E-12
1894.	0.3415E-12
1942.	0.3432E-12
1990.	0.3447E-12
2040.	0.3464E-12
2090.	0.3481E-12
2141.	0.3497E-12
2193.	0.3513E-12
2246.	0.3531E-12
2299.	0.3547E-12
2353.	0.3564E-12
2408.	0.3582E-12
2464.	0.3598E-12
2521.	0.3617E-12
2579.	0.3633E-12
2637.	0.3651E-12
2697.	0.3668E-12
2757.	0.3686E-12
2818.	0.3704E-12
2880.	0.3721E-12
2944.	0.3740E-12
3008.	0.3757E-12
3073.	0.3775E-12
3139.	0.3793E-12
3205.	0.3810E-12
3274.	0.3828E-12
3342.	0.3846E-12
3412.	0.3864E-12
3483.	0.3881E-12
3555.	0.3899E-12
 
 
E/N (Td)	Total ionization freq. /N (m3/s)
0.9537E-06	0.3420E-22
0.9537E-06	0.3420E-22
0.9537E-06	0.3420E-22
0.9537E-06	0.3420E-22
0.9537E-06	0.3420E-22
0.9537E-06	0.3420E-22
0.9537E-06	0.3420E-22
0.9537E-06	0.3420E-22
0.9537E-06	0.3420E-22
0.9537E-06	0.3420E-22
0.9537E-06	0.3420E-22
0.9537E-06	0.3420E-22
0.9537E-06	0.3420E-22
0.9537E-06	0.3420E-22
0.9537E-06	0.3420E-22
0.9537E-06	0.3420E-22
0.9537E-06	0.3420E-22
0.9537E-06	0.3420E-22
0.9537E-06	0.3420E-22
0.9537E-06	0.3420E-22
0.1017E-02	0.3450E-22
0.2603E-02	0.3566E-22
0.4160E-02	0.3693E-22
0.6002E-02	0.3834E-22
0.8220E-02	0.3994E-22
0.1081E-01	0.4177E-22
0.1374E-01	0.4385E-22
0.1699E-01	0.4625E-22
0.2053E-01	0.4898E-22
0.2436E-01	0.5208E-22
0.2846E-01	0.5561E-22
0.3283E-01	0.5963E-22
0.3748E-01	0.6420E-22
0.4241E-01	0.6940E-22
0.4762E-01	0.7532E-22
0.5313E-01	0.8208E-22
0.5894E-01	0.8979E-22
0.6506E-01	0.9861E-22
0.7151E-01	0.1087E-21
0.7830E-01	0.1203E-21
0.8544E-01	0.1336E-21
0.9296E-01	0.1490E-21
0.1009	0.1667E-21
0.1092	0.1872E-21
0.1179	0.2110E-21
0.1272	0.2387E-21
0.1369	0.2709E-21
0.1471	0.3086E-21
0.1579	0.3527E-21
0.1692	0.4044E-21
0.1812	0.4654E-21
0.1942	0.5390E-21
0.2075	0.6244E-21
0.2217	0.7257E-21
0.2366	0.8460E-21
0.2524	0.9891E-21
0.2693	0.1162E-20
0.2870	0.1366E-20
0.3057	0.1610E-20
0.3255	0.1901E-20
0.3465	0.2249E-20
0.3687	0.2665E-20
0.3923	0.3162E-20
0.4172	0.3756E-20
0.4435	0.4458E-20
0.4715	0.5302E-20
0.5013	0.6304E-20
0.5330	0.7493E-20
0.5666	0.8899E-20
0.6023	0.1056E-19
0.6402	0.1250E-19
0.6806	0.1478E-19
0.7235	0.1744E-19
0.7689	0.2051E-19
0.8176	0.2406E-19
0.8693	0.2815E-19
0.9244	0.3282E-19
0.9833	0.3815E-19
1.046	0.4415E-19
1.112	0.5089E-19
1.183	0.5841E-19
1.258	0.6677E-19
1.338	0.7599E-19
1.423	0.8614E-19
1.513	0.9719E-19
1.608	0.1092E-18
1.710	0.1221E-18
1.817	0.1361E-18
1.931	0.1509E-18
2.051	0.1667E-18
2.180	0.1835E-18
2.316	0.2012E-18
2.460	0.2198E-18
2.615	0.2393E-18
2.780	0.2597E-18
2.959	0.2809E-18
3.153	0.3029E-18
3.366	0.3257E-18
3.602	0.3493E-18
3.871	0.3737E-18
4.178	0.3986E-18
4.544	0.4243E-18
4.993	0.4506E-18
5.569	0.4775E-18
6.353	0.5047E-18
7.493	0.5321E-18
9.248	0.5593E-18
11.97	0.5860E-18
15.88	0.6157E-18
20.99	0.6787E-18
27.27	0.9159E-18
34.73	0.1727E-17
43.43	0.3924E-17
53.43	0.8815E-17
64.79	0.1820E-16
77.55	0.3432E-16
91.71	0.5966E-16
107.3	0.9681E-16
124.1	0.1484E-15
142.2	0.2167E-15
161.6	0.3041E-15
182.0	0.4124E-15
203.4	0.5431E-15
225.7	0.6977E-15
248.9	0.8771E-15
272.9	0.1082E-14
297.6	0.1313E-14
322.8	0.1571E-14
348.8	0.1857E-14
375.4	0.2170E-14
402.4	0.2511E-14
429.8	0.2877E-14
457.8	0.3273E-14
486.3	0.3696E-14
515.2	0.4147E-14
544.5	0.4627E-14
574.3	0.5133E-14
604.4	0.5667E-14
634.9	0.6228E-14
665.7	0.6817E-14
697.0	0.7432E-14
728.7	0.8074E-14
760.7	0.8742E-14
793.2	0.9436E-14
826.0	0.1016E-13
859.2	0.1090E-13
892.8	0.1167E-13
926.9	0.1247E-13
961.3	0.1329E-13
996.1	0.1413E-13
1031.	0.1500E-13
1067.	0.1589E-13
1103.	0.1681E-13
1140.	0.1774E-13
1177.	0.1871E-13
1215.	0.1969E-13
1253.	0.2070E-13
1292.	0.2172E-13
1331.	0.2278E-13
1370.	0.2385E-13
1411.	0.2494E-13
1451.	0.2605E-13
1493.	0.2719E-13
1535.	0.2834E-13
1577.	0.2951E-13
1621.	0.3071E-13
1664.	0.3192E-13
1709.	0.3315E-13
1754.	0.3440E-13
1800.	0.3566E-13
1847.	0.3695E-13
1894.	0.3825E-13
1942.	0.3957E-13
1990.	0.4090E-13
2040.	0.4226E-13
2090.	0.4362E-13
2141.	0.4500E-13
2193.	0.4640E-13
2246.	0.4781E-13
2299.	0.4923E-13
2353.	0.5066E-13
2408.	0.5211E-13
2464.	0.5357E-13
2521.	0.5504E-13
2579.	0.5652E-13
2637.	0.5801E-13
2697.	0.5951E-13
2757.	0.6102E-13
2818.	0.6254E-13
2880.	0.6407E-13
2944.	0.6560E-13
3008.	0.6715E-13
3073.	0.6869E-13
3139.	0.7024E-13
3205.	0.7180E-13
3274.	0.7336E-13
3342.	0.7492E-13
3412.	0.7648E-13
3483.	0.7806E-13
3555.	0.7962E-13
 
 
E/N (Td)	Townsend ioniz. coef. alpha/N (m2)
0.9537E-06	0.4853E-21
0.9537E-06	0.4853E-21
0.9537E-06	0.4853E-21
0.9537E-06	0.4853E-21
0.9537E-06	0.4853E-21
0.9537E-06	0.4853E-21
0.9537E-06	0.4853E-21
0.9537E-06	0.4853E-21
0.9537E-06	0.4853E-21
0.9537E-06	0.4853E-21
0.9537E-06	0.4853E-21
0.9537E-06	0.4853E-21
0.9537E-06	0.4853E-21
0.9537E-06	0.4853E-21
0.9537E-06	0.4853E-21
0.9537E-06	0.4853E-21
0.9537E-06	0.4853E-21
0.9537E-06	0.4853E-21
0.9537E-06	0.4853E-21
0.9537E-06	0.4853E-21
0.1017E-02	0.4775E-24
0.2603E-02	0.2252E-24
0.4160E-02	0.1709E-24
0.6002E-02	0.1432E-24
0.8220E-02	0.1252E-24
0.1081E-01	0.1126E-24
0.1374E-01	0.1037E-24
0.1699E-01	0.9744E-25
0.2053E-01	0.9312E-25
0.2436E-01	0.9034E-25
0.2846E-01	0.8880E-25
0.3283E-01	0.8831E-25
0.3748E-01	0.8875E-25
0.4241E-01	0.9004E-25
0.4762E-01	0.9214E-25
0.5313E-01	0.9506E-25
0.5894E-01	0.9880E-25
0.6506E-01	0.1034E-24
0.7151E-01	0.1089E-24
0.7830E-01	0.1155E-24
0.8544E-01	0.1232E-24
0.9296E-01	0.1321E-24
0.1009	0.1425E-24
0.1092	0.1545E-24
0.1179	0.1683E-24
0.1272	0.1843E-24
0.1369	0.2027E-24
0.1471	0.2240E-24
0.1579	0.2487E-24
0.1692	0.2772E-24
0.1812	0.3104E-24
0.1942	0.3498E-24
0.2075	0.3949E-24
0.2217	0.4475E-24
0.2366	0.5089E-24
0.2524	0.5808E-24
0.2693	0.6661E-24
0.2870	0.7650E-24
0.3057	0.8809E-24
0.3255	0.1017E-23
0.3465	0.1177E-23
0.3687	0.1364E-23
0.3923	0.1583E-23
0.4172	0.1840E-23
0.4435	0.2139E-23
0.4715	0.2489E-23
0.5013	0.2897E-23
0.5330	0.3371E-23
0.5666	0.3919E-23
0.6023	0.4551E-23
0.6402	0.5276E-23
0.6806	0.6105E-23
0.7235	0.7049E-23
0.7689	0.8112E-23
0.8176	0.9316E-23
0.8693	0.1066E-22
0.9244	0.1216E-22
0.9833	0.1383E-22
1.046	0.1566E-22
1.112	0.1765E-22
1.183	0.1982E-22
1.258	0.2217E-22
1.338	0.2468E-22
1.423	0.2738E-22
1.513	0.3023E-22
1.608	0.3325E-22
1.710	0.3641E-22
1.817	0.3970E-22
1.931	0.4313E-22
2.051	0.4667E-22
2.180	0.5031E-22
2.316	0.5401E-22
2.460	0.5776E-22
2.615	0.6153E-22
2.780	0.6527E-22
2.959	0.6892E-22
3.153	0.7242E-22
3.366	0.7566E-22
3.602	0.7855E-22
3.871	0.8093E-22
4.178	0.8259E-22
4.544	0.8329E-22
4.993	0.8270E-22
5.569	0.8042E-22
6.353	0.7600E-22
7.493	0.6905E-22
9.248	0.5968E-22
11.97	0.4921E-22
15.88	0.3990E-22
20.99	0.3424E-22
27.27	0.3668E-22
34.73	0.5599E-22
43.43	0.1047E-21
53.43	0.1963E-21
64.79	0.3425E-21
77.55	0.5514E-21
91.71	0.8270E-21
107.3	0.1169E-20
124.1	0.1576E-20
142.2	0.2043E-20
161.6	0.2565E-20
182.0	0.3136E-20
203.4	0.3749E-20
225.7	0.4400E-20
248.9	0.5084E-20
272.9	0.5795E-20
297.6	0.6530E-20
322.8	0.7283E-20
348.8	0.8055E-20
375.4	0.8841E-20
402.4	0.9637E-20
429.8	0.1044E-19
457.8	0.1125E-19
486.3	0.1206E-19
515.2	0.1288E-19
544.5	0.1370E-19
574.3	0.1452E-19
604.4	0.1534E-19
634.9	0.1616E-19
665.7	0.1697E-19
697.0	0.1779E-19
728.7	0.1860E-19
760.7	0.1940E-19
793.2	0.2020E-19
826.0	0.2099E-19
859.2	0.2178E-19
892.8	0.2256E-19
926.9	0.2333E-19
961.3	0.2410E-19
996.1	0.2485E-19
1031.	0.2561E-19
1067.	0.2635E-19
1103.	0.2708E-19
1140.	0.2780E-19
1177.	0.2852E-19
1215.	0.2923E-19
1253.	0.2993E-19
1292.	0.3062E-19
1331.	0.3129E-19
1370.	0.3196E-19
1411.	0.3263E-19
1451.	0.3328E-19
1493.	0.3391E-19
1535.	0.3455E-19
1577.	0.3517E-19
1621.	0.3578E-19
1664.	0.3638E-19
1709.	0.3697E-19
1754.	0.3755E-19
1800.	0.3811E-19
1847.	0.3867E-19
1894.	0.3922E-19
1942.	0.3976E-19
1990.	0.4028E-19
2040.	0.4079E-19
2090.	0.4129E-19
2141.	0.4178E-19
2193.	0.4226E-19
2246.	0.4273E-19
2299.	0.4318E-19
2353.	0.4363E-19
2408.	0.4406E-19
2464.	0.4448E-19
2521.	0.4489E-19
2579.	0.4528E-19
2637.	0.4566E-19
2697.	0.4603E-19
2757.	0.4639E-19
2818.	0.4673E-19
2880.	0.4706E-19
2944.	0.4738E-19
3008.	0.4768E-19
3073.	0.4798E-19
3139.	0.4826E-19
3205.	0.4852E-19
3274.	0.4878E-19
3342.	0.4902E-19
3412.	0.4924E-19
3483.	0.4945E-19
3555.	0.4966E-19
 
 
E/N (Td)	Power /N (eV m3/s)
0.9537E-06	0.6721E-28
0.9537E-06	0.6721E-28
0.9537E-06	0.6721E-28
0.9537E-06	0.6721E-28
0.9537E-06	0.6721E-28
0.9537E-06	0.6721E-28
0.9537E-06	0.6721E-28
0.9537E-06	0.6721E-28
0.9537E-06	0.6721E-28
0.9537E-06	0.6721E-28
0.9537E-06	0.6721E-28
0.9537E-06	0.6721E-28
0.9537E-06	0.6721E-28
0.9537E-06	0.6721E-28
0.9537E-06	0.6721E-28
0.9537E-06	0.6721E-28
0.9537E-06	0.6721E-28
0.9537E-06	0.6721E-28
0.9537E-06	0.6721E-28
0.9537E-06	0.6721E-28
0.1017E-02	0.7349E-22
0.2603E-02	0.4122E-21
0.4160E-02	0.8989E-21
0.6002E-02	0.1607E-20
0.8220E-02	0.2623E-20
0.1081E-01	0.4010E-20
0.1374E-01	0.5806E-20
0.1699E-01	0.8064E-20
0.2053E-01	0.1080E-19
0.2436E-01	0.1404E-19
0.2846E-01	0.1782E-19
0.3283E-01	0.2217E-19
0.3748E-01	0.2711E-19
0.4241E-01	0.3269E-19
0.4762E-01	0.3893E-19
0.5313E-01	0.4588E-19
0.5894E-01	0.5357E-19
0.6506E-01	0.6205E-19
0.7151E-01	0.7136E-19
0.7830E-01	0.8156E-19
0.8544E-01	0.9270E-19
0.9296E-01	0.1048E-18
0.1009	0.1180E-18
0.1092	0.1324E-18
0.1179	0.1479E-18
0.1272	0.1647E-18
0.1369	0.1830E-18
0.1471	0.2026E-18
0.1579	0.2239E-18
0.1692	0.2469E-18
0.1812	0.2717E-18
0.1942	0.2991E-18
0.2075	0.3282E-18
0.2217	0.3595E-18
0.2366	0.3933E-18
0.2524	0.4299E-18
0.2693	0.4699E-18
0.2870	0.5125E-18
0.3057	0.5586E-18
0.3255	0.6084E-18
0.3465	0.6622E-18
0.3687	0.7204E-18
0.3923	0.7833E-18
0.4172	0.8514E-18
0.4435	0.9245E-18
0.4715	0.1004E-17
0.5013	0.1091E-17
0.5330	0.1185E-17
0.5666	0.1287E-17
0.6023	0.1397E-17
0.6402	0.1517E-17
0.6806	0.1648E-17
0.7235	0.1790E-17
0.7689	0.1944E-17
0.8176	0.2112E-17
0.8693	0.2295E-17
0.9244	0.2495E-17
0.9833	0.2713E-17
1.046	0.2949E-17
1.112	0.3206E-17
1.183	0.3485E-17
1.258	0.3789E-17
1.338	0.4118E-17
1.423	0.4476E-17
1.513	0.4863E-17
1.608	0.5283E-17
1.710	0.5736E-17
1.817	0.6226E-17
1.931	0.6756E-17
2.051	0.7329E-17
2.180	0.7952E-17
2.316	0.8627E-17
2.460	0.9364E-17
2.615	0.1017E-16
2.780	0.1106E-16
2.959	0.1206E-16
3.153	0.1319E-16
3.366	0.1449E-16
3.602	0.1602E-16
3.871	0.1787E-16
4.178	0.2017E-16
4.544	0.2315E-16
4.993	0.2721E-16
5.569	0.3307E-16
6.353	0.4219E-16
7.493	0.5774E-16
9.248	0.8666E-16
11.97	0.1425E-15
15.88	0.2450E-15
20.99	0.4161E-15
27.27	0.6809E-15
34.73	0.1071E-14
43.43	0.1627E-14
53.43	0.2399E-14
64.79	0.3443E-14
77.55	0.4827E-14
91.71	0.6616E-14
107.3	0.8879E-14
124.1	0.1168E-13
142.2	0.1509E-13
161.6	0.1916E-13
182.0	0.2393E-13
203.4	0.2947E-13
225.7	0.3579E-13
248.9	0.4295E-13
272.9	0.5096E-13
297.6	0.5985E-13
322.8	0.6964E-13
348.8	0.8040E-13
375.4	0.9214E-13
402.4	0.1048E-12
429.8	0.1185E-12
457.8	0.1332E-12
486.3	0.1490E-12
515.2	0.1659E-12
544.5	0.1839E-12
574.3	0.2030E-12
604.4	0.2232E-12
634.9	0.2447E-12
665.7	0.2674E-12
697.0	0.2912E-12
728.7	0.3164E-12
760.7	0.3428E-12
793.2	0.3705E-12
826.0	0.3996E-12
859.2	0.4301E-12
892.8	0.4619E-12
926.9	0.4953E-12
961.3	0.5300E-12
996.1	0.5663E-12
1031.	0.6042E-12
1067.	0.6437E-12
1103.	0.6848E-12
1140.	0.7276E-12
1177.	0.7721E-12
1215.	0.8183E-12
1253.	0.8664E-12
1292.	0.9164E-12
1331.	0.9684E-12
1370.	0.1022E-11
1411.	0.1078E-11
1451.	0.1136E-11
1493.	0.1197E-11
1535.	0.1259E-11
1577.	0.1324E-11
1621.	0.1391E-11
1664.	0.1460E-11
1709.	0.1532E-11
1754.	0.1607E-11
1800.	0.1684E-11
1847.	0.1764E-11
1894.	0.1847E-11
1942.	0.1933E-11
1990.	0.2021E-11
2040.	0.2113E-11
2090.	0.2208E-11
2141.	0.2306E-11
2193.	0.2408E-11
2246.	0.2513E-11
2299.	0.2621E-11
2353.	0.2733E-11
2408.	0.2848E-11
2464.	0.2968E-11
2521.	0.3092E-11
2579.	0.3219E-11
2637.	0.3351E-11
2697.	0.3487E-11
2757.	0.3627E-11
2818.	0.3772E-11
2880.	0.3922E-11
2944.	0.4076E-11
3008.	0.4235E-11
3073.	0.4399E-11
3139.	0.4568E-11
3205.	0.4743E-11
3274.	0.4924E-11
3342.	0.5108E-11
3412.	0.5300E-11
3483.	0.5497E-11
3555.	0.5699E-11
 
 
E/N (Td)	Elastic power loss /N (eV m3/s)
0.9537E-06	-0.1661E-21
0.9537E-06	-0.1661E-21
0.9537E-06	-0.1661E-21
0.9537E-06	-0.1661E-21
0.9537E-06	-0.1661E-21
0.9537E-06	-0.1661E-21
0.9537E-06	-0.1661E-21
0.9537E-06	-0.1661E-21
0.9537E-06	-0.1661E-21
0.9537E-06	-0.1661E-21
0.9537E-06	-0.1661E-21
0.9537E-06	-0.1661E-21
0.9537E-06	-0.1661E-21
0.9537E-06	-0.1661E-21
0.9537E-06	-0.1661E-21
0.9537E-06	-0.1661E-21
0.9537E-06	-0.1661E-21
0.9537E-06	-0.1661E-21
0.9537E-06	-0.1661E-21
0.9537E-06	-0.1661E-21
0.1017E-02	-0.9156E-22
0.2603E-02	0.2507E-21
0.4160E-02	0.7401E-21
0.6002E-02	0.1450E-20
0.8220E-02	0.2464E-20
0.1081E-01	0.3848E-20
0.1374E-01	0.5639E-20
0.1699E-01	0.7889E-20
0.2053E-01	0.1062E-19
0.2436E-01	0.1385E-19
0.2846E-01	0.1761E-19
0.3283E-01	0.2194E-19
0.3748E-01	0.2686E-19
0.4241E-01	0.3241E-19
0.4762E-01	0.3862E-19
0.5313E-01	0.4553E-19
0.5894E-01	0.5318E-19
0.6506E-01	0.6162E-19
0.7151E-01	0.7088E-19
0.7830E-01	0.8101E-19
0.8544E-01	0.9208E-19
0.9296E-01	0.1041E-18
0.1009	0.1172E-18
0.1092	0.1314E-18
0.1179	0.1469E-18
0.1272	0.1635E-18
0.1369	0.1816E-18
0.1471	0.2010E-18
0.1579	0.2221E-18
0.1692	0.2448E-18
0.1812	0.2692E-18
0.1942	0.2962E-18
0.2075	0.3247E-18
0.2217	0.3555E-18
0.2366	0.3886E-18
0.2524	0.4243E-18
0.2693	0.4633E-18
0.2870	0.5047E-18
0.3057	0.5493E-18
0.3255	0.5973E-18
0.3465	0.6490E-18
0.3687	0.7046E-18
0.3923	0.7644E-18
0.4172	0.8288E-18
0.4435	0.8975E-18
0.4715	0.9720E-18
0.5013	0.1052E-17
0.5330	0.1138E-17
0.5666	0.1231E-17
0.6023	0.1330E-17
0.6402	0.1438E-17
0.6806	0.1553E-17
0.7235	0.1677E-17
0.7689	0.1810E-17
0.8176	0.1953E-17
0.8693	0.2108E-17
0.9244	0.2274E-17
0.9833	0.2454E-17
1.046	0.2646E-17
1.112	0.2854E-17
1.183	0.3077E-17
1.258	0.3317E-17
1.338	0.3575E-17
1.423	0.3854E-17
1.513	0.4153E-17
1.608	0.4476E-17
1.710	0.4821E-17
1.817	0.5193E-17
1.931	0.5591E-17
2.051	0.6018E-17
2.180	0.6478E-17
2.316	0.6969E-17
2.460	0.7494E-17
2.615	0.8056E-17
2.780	0.8656E-17
2.959	0.9296E-17
3.153	0.9979E-17
3.366	0.1071E-16
3.602	0.1148E-16
3.871	0.1231E-16
4.178	0.1318E-16
4.544	0.1412E-16
4.993	0.1512E-16
5.569	0.1618E-16
6.353	0.1732E-16
7.493	0.1854E-16
9.248	0.1984E-16
11.97	0.2121E-16
15.88	0.2262E-16
20.99	0.2406E-16
27.27	0.2552E-16
34.73	0.2703E-16
43.43	0.2858E-16
53.43	0.3017E-16
64.79	0.3181E-16
77.55	0.3349E-16
91.71	0.3520E-16
107.3	0.3695E-16
124.1	0.3873E-16
142.2	0.4054E-16
161.6	0.4237E-16
182.0	0.4423E-16
203.4	0.4612E-16
225.7	0.4804E-16
248.9	0.4998E-16
272.9	0.5195E-16
297.6	0.5395E-16
322.8	0.5598E-16
348.8	0.5805E-16
375.4	0.6016E-16
402.4	0.6230E-16
429.8	0.6446E-16
457.8	0.6668E-16
486.3	0.6893E-16
515.2	0.7123E-16
544.5	0.7356E-16
574.3	0.7595E-16
604.4	0.7837E-16
634.9	0.8085E-16
665.7	0.8338E-16
697.0	0.8596E-16
728.7	0.8858E-16
760.7	0.9127E-16
793.2	0.9401E-16
826.0	0.9681E-16
859.2	0.9967E-16
892.8	0.1026E-15
926.9	0.1056E-15
961.3	0.1086E-15
996.1	0.1117E-15
1031.	0.1149E-15
1067.	0.1182E-15
1103.	0.1215E-15
1140.	0.1249E-15
1177.	0.1284E-15
1215.	0.1320E-15
1253.	0.1357E-15
1292.	0.1394E-15
1331.	0.1433E-15
1370.	0.1472E-15
1411.	0.1512E-15
1451.	0.1553E-15
1493.	0.1596E-15
1535.	0.1639E-15
1577.	0.1683E-15
1621.	0.1729E-15
1664.	0.1775E-15
1709.	0.1823E-15
1754.	0.1872E-15
1800.	0.1922E-15
1847.	0.1973E-15
1894.	0.2026E-15
1942.	0.2080E-15
1990.	0.2135E-15
2040.	0.2192E-15
2090.	0.2250E-15
2141.	0.2310E-15
2193.	0.2371E-15
2246.	0.2434E-15
2299.	0.2498E-15
2353.	0.2564E-15
2408.	0.2631E-15
2464.	0.2700E-15
2521.	0.2771E-15
2579.	0.2844E-15
2637.	0.2918E-15
2697.	0.2994E-15
2757.	0.3072E-15
2818.	0.3152E-15
2880.	0.3234E-15
2944.	0.3318E-15
3008.	0.3404E-15
3073.	0.3492E-15
3139.	0.3582E-15
3205.	0.3675E-15
3274.	0.3770E-15
3342.	0.3866E-15
3412.	0.3965E-15
3483.	0.4067E-15
3555.	0.4171E-15
 
 
E/N (Td)	Inelastic power loss /N (eV m3/s)
0.9537E-06	0.1436E-21
0.9537E-06	0.1436E-21
0.9537E-06	0.1436E-21
0.9537E-06	0.1436E-21
0.9537E-06	0.1436E-21
0.9537E-06	0.1436E-21
0.9537E-06	0.1436E-21
0.9537E-06	0.1436E-21
0.9537E-06	0.1436E-21
0.9537E-06	0.1436E-21
0.9537E-06	0.1436E-21
0.9537E-06	0.1436E-21
0.9537E-06	0.1436E-21
0.9537E-06	0.1436E-21
0.9537E-06	0.1436E-21
0.9537E-06	0.1436E-21
0.9537E-06	0.1436E-21
0.9537E-06	0.1436E-21
0.9537E-06	0.1436E-21
0.9537E-06	0.1436E-21
0.1017E-02	0.1448E-21
0.2603E-02	0.1497E-21
0.4160E-02	0.1550E-21
0.6002E-02	0.1609E-21
0.8220E-02	0.1677E-21
0.1081E-01	0.1753E-21
0.1374E-01	0.1841E-21
0.1699E-01	0.1942E-21
0.2053E-01	0.2057E-21
0.2436E-01	0.2187E-21
0.2846E-01	0.2335E-21
0.3283E-01	0.2504E-21
0.3748E-01	0.2696E-21
0.4241E-01	0.2914E-21
0.4762E-01	0.3163E-21
0.5313E-01	0.3447E-21
0.5894E-01	0.3771E-21
0.6506E-01	0.4141E-21
0.7151E-01	0.4566E-21
0.7830E-01	0.5053E-21
0.8544E-01	0.5612E-21
0.9296E-01	0.6257E-21
0.1009	0.7002E-21
0.1092	0.7864E-21
0.1179	0.8863E-21
0.1272	0.1003E-20
0.1369	0.1138E-20
0.1471	0.1296E-20
0.1579	0.1481E-20
0.1692	0.1699E-20
0.1812	0.1955E-20
0.1942	0.2264E-20
0.2075	0.2623E-20
0.2217	0.3048E-20
0.2366	0.3553E-20
0.2524	0.4154E-20
0.2693	0.4881E-20
0.2870	0.5738E-20
0.3057	0.6761E-20
0.3255	0.7984E-20
0.3465	0.9446E-20
0.3687	0.1119E-19
0.3923	0.1328E-19
0.4172	0.1578E-19
0.4435	0.1873E-19
0.4715	0.2227E-19
0.5013	0.2648E-19
0.5330	0.3148E-19
0.5666	0.3738E-19
0.6023	0.4435E-19
0.6402	0.5253E-19
0.6806	0.6211E-19
0.7235	0.7328E-19
0.7689	0.8617E-19
0.8176	0.1011E-18
0.8693	0.1183E-18
0.9244	0.1380E-18
0.9833	0.1604E-18
1.046	0.1857E-18
1.112	0.2141E-18
1.183	0.2459E-18
1.258	0.2813E-18
1.338	0.3206E-18
1.423	0.3640E-18
1.513	0.4116E-18
1.608	0.4641E-18
1.710	0.5216E-18
1.817	0.5849E-18
1.931	0.6551E-18
2.051	0.7337E-18
2.180	0.8234E-18
2.316	0.9272E-18
2.460	0.1051E-17
2.615	0.1202E-17
2.780	0.1392E-17
2.959	0.1639E-17
3.153	0.1967E-17
3.366	0.2412E-17
3.602	0.3031E-17
3.871	0.3912E-17
4.178	0.5180E-17
4.544	0.7065E-17
4.993	0.9950E-17
5.569	0.1456E-16
6.353	0.2235E-16
7.493	0.3648E-16
9.248	0.6389E-16
11.97	0.1181E-15
15.88	0.2190E-15
20.99	0.3882E-15
27.27	0.6501E-15
34.73	0.1034E-14
43.43	0.1575E-14
53.43	0.2314E-14
64.79	0.3296E-14
77.55	0.4570E-14
91.71	0.6183E-14
107.3	0.8180E-14
124.1	0.1060E-13
142.2	0.1349E-13
161.6	0.1688E-13
182.0	0.2078E-13
203.4	0.2523E-13
225.7	0.3022E-13
248.9	0.3579E-13
272.9	0.4192E-13
297.6	0.4862E-13
322.8	0.5589E-13
348.8	0.6376E-13
375.4	0.7222E-13
402.4	0.8125E-13
429.8	0.9080E-13
457.8	0.1010E-12
486.3	0.1117E-12
515.2	0.1230E-12
544.5	0.1348E-12
574.3	0.1473E-12
604.4	0.1602E-12
634.9	0.1737E-12
665.7	0.1878E-12
697.0	0.2024E-12
728.7	0.2175E-12
760.7	0.2331E-12
793.2	0.2492E-12
826.0	0.2658E-12
859.2	0.2829E-12
892.8	0.3005E-12
926.9	0.3186E-12
961.3	0.3372E-12
996.1	0.3562E-12
1031.	0.3757E-12
1067.	0.3956E-12
1103.	0.4160E-12
1140.	0.4368E-12
1177.	0.4580E-12
1215.	0.4797E-12
1253.	0.5018E-12
1292.	0.5242E-12
1331.	0.5471E-12
1370.	0.5704E-12
1411.	0.5940E-12
1451.	0.6180E-12
1493.	0.6425E-12
1535.	0.6672E-12
1577.	0.6923E-12
1621.	0.7178E-12
1664.	0.7436E-12
1709.	0.7697E-12
1754.	0.7961E-12
1800.	0.8229E-12
1847.	0.8500E-12
1894.	0.8773E-12
1942.	0.9050E-12
1990.	0.9329E-12
2040.	0.9611E-12
2090.	0.9894E-12
2141.	0.1018E-11
2193.	0.1047E-11
2246.	0.1076E-11
2299.	0.1105E-11
2353.	0.1135E-11
2408.	0.1165E-11
2464.	0.1195E-11
2521.	0.1225E-11
2579.	0.1255E-11
2637.	0.1285E-11
2697.	0.1316E-11
2757.	0.1346E-11
2818.	0.1377E-11
2880.	0.1408E-11
2944.	0.1439E-11
3008.	0.1470E-11
3073.	0.1501E-11
3139.	0.1532E-11
3205.	0.1563E-11
3274.	0.1594E-11
3342.	0.1625E-11
3412.	0.1656E-11
3483.	0.1687E-11
3555.	0.1718E-11
 
 
E/N (Td)	Growth power /N (eV m3/s)
0.9537E-06	0.2208E-22
0.9537E-06	0.2208E-22
0.9537E-06	0.2208E-22
0.9537E-06	0.2208E-22
0.9537E-06	0.2208E-22
0.9537E-06	0.2208E-22
0.9537E-06	0.2208E-22
0.9537E-06	0.2208E-22
0.9537E-06	0.2208E-22
0.9537E-06	0.2208E-22
0.9537E-06	0.2208E-22
0.9537E-06	0.2208E-22
0.9537E-06	0.2208E-22
0.9537E-06	0.2208E-22
0.9537E-06	0.2208E-22
0.9537E-06	0.2208E-22
0.9537E-06	0.2208E-22
0.9537E-06	0.2208E-22
0.9537E-06	0.2208E-22
0.9537E-06	0.2208E-22
0.1017E-02	0.2242E-22
0.2603E-02	0.2374E-22
0.4160E-02	0.2519E-22
0.6002E-02	0.2680E-22
0.8220E-02	0.2860E-22
0.1081E-01	0.3064E-22
0.1374E-01	0.3296E-22
0.1699E-01	0.3562E-22
0.2053E-01	0.3865E-22
0.2436E-01	0.4211E-22
0.2846E-01	0.4607E-22
0.3283E-01	0.5061E-22
0.3748E-01	0.5582E-22
0.4241E-01	0.6182E-22
0.4762E-01	0.6875E-22
0.5313E-01	0.7675E-22
0.5894E-01	0.8602E-22
0.6506E-01	0.9679E-22
0.7151E-01	0.1093E-21
0.7830E-01	0.1240E-21
0.8544E-01	0.1411E-21
0.9296E-01	0.1611E-21
0.1009	0.1847E-21
0.1092	0.2125E-21
0.1179	0.2454E-21
0.1272	0.2844E-21
0.1369	0.3307E-21
0.1471	0.3859E-21
0.1579	0.4518E-21
0.1692	0.5308E-21
0.1812	0.6257E-21
0.1942	0.7427E-21
0.2075	0.8816E-21
0.2217	0.1050E-20
0.2366	0.1254E-20
0.2524	0.1502E-20
0.2693	0.1808E-20
0.2870	0.2178E-20
0.3057	0.2629E-20
0.3255	0.3181E-20
0.3465	0.3855E-20
0.3687	0.4681E-20
0.3923	0.5691E-20
0.4172	0.6926E-20
0.4435	0.8422E-20
0.4715	0.1026E-19
0.5013	0.1250E-19
0.5330	0.1522E-19
0.5666	0.1853E-19
0.6023	0.2252E-19
0.6402	0.2733E-19
0.6806	0.3310E-19
0.7235	0.4001E-19
0.7689	0.4820E-19
0.8176	0.5795E-19
0.8693	0.6946E-19
0.9244	0.8297E-19
0.9833	0.9882E-19
1.046	0.1172E-18
1.112	0.1384E-18
1.183	0.1627E-18
1.258	0.1906E-18
1.338	0.2222E-18
1.423	0.2581E-18
1.513	0.2983E-18
1.608	0.3435E-18
1.710	0.3936E-18
1.817	0.4492E-18
1.931	0.5105E-18
2.051	0.5778E-18
2.180	0.6517E-18
2.316	0.7321E-18
2.460	0.8194E-18
2.615	0.9140E-18
2.780	0.1016E-17
2.959	0.1126E-17
3.153	0.1244E-17
3.366	0.1371E-17
3.602	0.1506E-17
3.871	0.1651E-17
4.178	0.1804E-17
4.544	0.1968E-17
4.993	0.2141E-17
5.569	0.2324E-17
6.353	0.2517E-17
7.493	0.2719E-17
9.248	0.2928E-17
11.97	0.3144E-17
15.88	0.3384E-17
20.99	0.3822E-17
27.27	0.5284E-17
34.73	0.1021E-16
43.43	0.2377E-16
53.43	0.5470E-16
64.79	0.1157E-15
77.55	0.2235E-15
91.71	0.3981E-15
107.3	0.6619E-15
124.1	0.1039E-14
142.2	0.1556E-14
161.6	0.2237E-14
182.0	0.3107E-14
203.4	0.4193E-14
225.7	0.5518E-14
248.9	0.7108E-14
272.9	0.8985E-14
297.6	0.1117E-13
322.8	0.1369E-13
348.8	0.1658E-13
375.4	0.1986E-13
402.4	0.2354E-13
429.8	0.2763E-13
457.8	0.3220E-13
486.3	0.3727E-13
515.2	0.4284E-13
544.5	0.4897E-13
574.3	0.5566E-13
604.4	0.6296E-13
634.9	0.7089E-13
665.7	0.7951E-13
697.0	0.8881E-13
728.7	0.9884E-13
760.7	0.1096E-12
793.2	0.1213E-12
826.0	0.1337E-12
859.2	0.1471E-12
892.8	0.1613E-12
926.9	0.1765E-12
961.3	0.1928E-12
996.1	0.2101E-12
1031.	0.2284E-12
1067.	0.2480E-12
1103.	0.2687E-12
1140.	0.2907E-12
1177.	0.3140E-12
1215.	0.3386E-12
1253.	0.3646E-12
1292.	0.3922E-12
1331.	0.4212E-12
1370.	0.4519E-12
1411.	0.4842E-12
1451.	0.5182E-12
1493.	0.5541E-12
1535.	0.5917E-12
1577.	0.6314E-12
1621.	0.6730E-12
1664.	0.7168E-12
1709.	0.7627E-12
1754.	0.8109E-12
1800.	0.8614E-12
1847.	0.9144E-12
1894.	0.9698E-12
1942.	0.1028E-11
1990.	0.1089E-11
2040.	0.1152E-11
2090.	0.1219E-11
2141.	0.1288E-11
2193.	0.1361E-11
2246.	0.1437E-11
2299.	0.1516E-11
2353.	0.1598E-11
2408.	0.1684E-11
2464.	0.1774E-11
2521.	0.1868E-11
2579.	0.1965E-11
2637.	0.2066E-11
2697.	0.2172E-11
2757.	0.2281E-11
2818.	0.2396E-11
2880.	0.2515E-11
2944.	0.2638E-11
3008.	0.2766E-11
3073.	0.2899E-11
3139.	0.3037E-11
3205.	0.3181E-11
3274.	0.3331E-11
3342.	0.3484E-11
3412.	0.3645E-11
3483.	0.3811E-11
3555.	0.3983E-11
 
 
E/N (Td)	Maximum energy
0.9537E-06	10.35
0.9537E-06	10.35
0.9537E-06	10.35
0.9537E-06	10.35
0.9537E-06	10.35
0.9537E-06	10.35
0.9537E-06	10.35
0.9537E-06	10.35
0.9537E-06	10.35
0.9537E-06	10.35
0.9537E-06	10.35
0.9537E-06	10.35
0.9537E-06	10.35
0.9537E-06	10.35
0.9537E-06	10.35
0.9537E-06	10.35
0.9537E-06	10.35
0.9537E-06	10.35
0.9537E-06	10.35
0.9537E-06	10.35
0.1017E-02	10.35
0.2603E-02	10.35
0.4160E-02	10.35
0.6002E-02	10.35
0.8220E-02	10.35
0.1081E-01	10.35
0.1374E-01	10.35
0.1699E-01	10.35
0.2053E-01	12.33
0.2436E-01	12.33
0.2846E-01	12.33
0.3283E-01	12.33
0.3748E-01	12.33
0.4241E-01	12.33
0.4762E-01	12.33
0.5313E-01	12.36
0.5894E-01	12.40
0.6506E-01	12.46
0.7151E-01	12.51
0.7830E-01	12.58
0.8544E-01	12.65
0.9296E-01	12.73
0.1009	12.82
0.1092	12.91
0.1179	13.01
0.1272	13.12
0.1369	11.56
0.1471	11.67
0.1579	11.80
0.1692	11.94
0.1812	11.97
0.1942	11.98
0.2075	12.01
0.2217	12.03
0.2366	12.07
0.2524	12.11
0.2693	12.16
0.2870	12.21
0.3057	12.20
0.3255	12.24
0.3465	12.28
0.3687	12.35
0.3923	12.42
0.4172	12.42
0.4435	12.47
0.4715	12.54
0.5013	12.59
0.5330	12.63
0.5666	12.72
0.6023	12.77
0.6402	12.81
0.6806	13.02
0.7235	13.09
0.7689	13.10
0.8176	13.15
0.8693	13.22
0.9244	13.26
0.9833	13.31
1.046	13.39
1.112	13.43
1.183	13.50
1.258	13.57
1.338	13.62
1.423	13.70
1.513	13.86
1.608	13.92
1.710	14.01
1.817	14.05
1.931	14.14
2.051	14.24
2.180	14.29
2.316	14.40
2.460	14.46
2.615	14.53
2.780	14.65
2.959	14.91
3.153	14.93
3.366	15.07
3.602	15.23
3.871	15.42
4.178	15.43
4.544	15.72
4.993	15.94
5.569	16.16
6.353	16.59
7.493	17.01
9.248	17.81
11.97	18.76
15.88	20.03
20.99	21.56
27.27	23.57
34.73	25.55
43.43	27.78
53.43	30.13
64.79	33.41
77.55	36.22
91.71	39.21
107.3	43.49
124.1	46.78
142.2	51.15
161.6	55.53
182.0	60.58
203.4	66.37
225.7	72.92
248.9	77.29
272.9	85.07
297.6	90.11
322.8	95.36
348.8	105.2
375.4	111.3
402.4	117.6
429.8	124.1
457.8	136.7
486.3	143.8
515.2	151.1
544.5	158.7
574.3	166.6
604.4	184.1
634.9	193.2
665.7	202.8
697.0	212.7
728.7	223.0
760.7	233.6
793.2	244.6
826.0	302.6
859.2	316.4
892.8	297.7
926.9	311.6
961.3	326.0
996.1	340.9
1031.	356.5
1067.	372.8
1103.	389.6
1140.	407.1
1177.	425.4
1215.	444.5
1253.	464.6
1292.	485.5
1331.	506.7
1370.	528.4
1411.	550.7
1451.	678.4
1493.	706.7
1535.	674.8
1577.	704.0
1621.	734.6
1664.	766.5
1709.	799.5
1754.	834.2
1800.	870.6
1847.	908.1
1894.	947.6
1942.	989.3
1990.	1032.
2040.	1077.
2090.	1124.
2141.	1174.
2193.	1225.
2246.	1279.
2299.	1336.
2353.	1395.
2408.	1459.
2464.	1526.
2521.	1597.
2579.	1671.
2637.	1750.
2697.	1834.
2757.	1919.
2818.	2011.
2880.	2109.
2944.	2211.
3008.	2095.
3073.	2175.
3139.	2256.
3205.	2342.
3274.	2407.
3342.	2496.
3412.	2593.
3483.	2705.
3555.	2811.
 
 
E/N (Td)	# of iterations
0.9537E-06	3.000
0.9537E-06	3.000
0.9537E-06	3.000
0.9537E-06	3.000
0.9537E-06	3.000
0.9537E-06	3.000
0.9537E-06	3.000
0.9537E-06	3.000
0.9537E-06	3.000
0.9537E-06	3.000
0.9537E-06	3.000
0.9537E-06	3.000
0.9537E-06	3.000
0.9537E-06	3.000
0.9537E-06	3.000
0.9537E-06	3.000
0.9537E-06	3.000
0.9537E-06	3.000
0.9537E-06	3.000
0.9537E-06	3.000
0.1017E-02	3.000
0.2603E-02	3.000
0.4160E-02	3.000
0.6002E-02	3.000
0.8220E-02	3.000
0.1081E-01	3.000
0.1374E-01	3.000
0.1699E-01	4.000
0.2053E-01	8.000
0.2436E-01	8.000
0.2846E-01	8.000
0.3283E-01	8.000
0.3748E-01	8.000
0.4241E-01	8.000
0.4762E-01	8.000
0.5313E-01	8.000
0.5894E-01	8.000
0.6506E-01	8.000
0.7151E-01	8.000
0.7830E-01	8.000
0.8544E-01	8.000
0.9296E-01	8.000
0.1009	8.000
0.1092	8.000
0.1179	8.000
0.1272	8.000
0.1369	4.000
0.1471	4.000
0.1579	4.000
0.1692	4.000
0.1812	4.000
0.1942	4.000
0.2075	4.000
0.2217	4.000
0.2366	4.000
0.2524	4.000
0.2693	4.000
0.2870	4.000
0.3057	4.000
0.3255	4.000
0.3465	4.000
0.3687	4.000
0.3923	4.000
0.4172	4.000
0.4435	4.000
0.4715	4.000
0.5013	4.000
0.5330	4.000
0.5666	4.000
0.6023	4.000
0.6402	4.000
0.6806	4.000
0.7235	4.000
0.7689	4.000
0.8176	4.000
0.8693	4.000
0.9244	5.000
0.9833	5.000
1.046	5.000
1.112	5.000
1.183	5.000
1.258	5.000
1.338	5.000
1.423	5.000
1.513	5.000
1.608	5.000
1.710	5.000
1.817	5.000
1.931	5.000
2.051	5.000
2.180	5.000
2.316	5.000
2.460	5.000
2.615	5.000
2.780	5.000
2.959	5.000
3.153	5.000
3.366	5.000
3.602	5.000
3.871	5.000
4.178	5.000
4.544	5.000
4.993	5.000
5.569	5.000
6.353	5.000
7.493	5.000
9.248	5.000
11.97	5.000
15.88	5.000
20.99	5.000
27.27	5.000
34.73	5.000
43.43	4.000
53.43	4.000
64.79	5.000
77.55	5.000
91.71	5.000
107.3	5.000
124.1	5.000
142.2	5.000
161.6	6.000
182.0	6.000
203.4	6.000
225.7	6.000
248.9	6.000
272.9	6.000
297.6	6.000
322.8	6.000
348.8	6.000
375.4	6.000
402.4	6.000
429.8	6.000
457.8	6.000
486.3	6.000
515.2	6.000
544.5	6.000
574.3	6.000
604.4	5.000
634.9	5.000
665.7	6.000
697.0	6.000
728.7	6.000
760.7	6.000
793.2	7.000
826.0	14.00
859.2	14.00
892.8	7.000
926.9	7.000
961.3	7.000
996.1	7.000
1031.	7.000
1067.	7.000
1103.	7.000
1140.	7.000
1177.	7.000
1215.	7.000
1253.	8.000
1292.	8.000
1331.	8.000
1370.	8.000
1411.	8.000
1451.	16.00
1493.	16.00
1535.	8.000
1577.	8.000
1621.	8.000
1664.	8.000
1709.	8.000
1754.	8.000
1800.	9.000
1847.	9.000
1894.	9.000
1942.	9.000
1990.	9.000
2040.	9.000
2090.	9.000
2141.	9.000
2193.	9.000
2246.	9.000
2299.	9.000
2353.	9.000
2408.	9.000
2464.	9.000
2521.	9.000
2579.	9.000
2637.	8.000
2697.	8.000
2757.	8.000
2818.	10.00
2880.	10.00
2944.	10.00
3008.	20.00
3073.	19.00
3139.	19.00
3205.	19.00
3274.	19.00
3342.	19.00
3412.	18.00
3483.	18.00
3555.	18.00
 
 
E/N (Td)	# of grid trials
0.9537E-06	1.000
0.9537E-06	1.000
0.9537E-06	1.000
0.9537E-06	1.000
0.9537E-06	1.000
0.9537E-06	1.000
0.9537E-06	1.000
0.9537E-06	1.000
0.9537E-06	1.000
0.9537E-06	1.000
0.9537E-06	1.000
0.9537E-06	1.000
0.9537E-06	1.000
0.9537E-06	1.000
0.9537E-06	1.000
0.9537E-06	1.000
0.9537E-06	1.000
0.9537E-06	1.000
0.9537E-06	1.000
0.9537E-06	1.000
0.1017E-02	1.000
0.2603E-02	1.000
0.4160E-02	1.000
0.6002E-02	1.000
0.8220E-02	1.000
0.1081E-01	1.000
0.1374E-01	1.000
0.1699E-01	1.000
0.2053E-01	2.000
0.2436E-01	2.000
0.2846E-01	2.000
0.3283E-01	2.000
0.3748E-01	2.000
0.4241E-01	2.000
0.4762E-01	2.000
0.5313E-01	2.000
0.5894E-01	2.000
0.6506E-01	2.000
0.7151E-01	2.000
0.7830E-01	2.000
0.8544E-01	2.000
0.9296E-01	2.000
0.1009	2.000
0.1092	2.000
0.1179	2.000
0.1272	2.000
0.1369	1.000
0.1471	1.000
0.1579	1.000
0.1692	1.000
0.1812	1.000
0.1942	1.000
0.2075	1.000
0.2217	1.000
0.2366	1.000
0.2524	1.000
0.2693	1.000
0.2870	1.000
0.3057	1.000
0.3255	1.000
0.3465	1.000
0.3687	1.000
0.3923	1.000
0.4172	1.000
0.4435	1.000
0.4715	1.000
0.5013	1.000
0.5330	1.000
0.5666	1.000
0.6023	1.000
0.6402	1.000
0.6806	1.000
0.7235	1.000
0.7689	1.000
0.8176	1.000
0.8693	1.000
0.9244	1.000
0.9833	1.000
1.046	1.000
1.112	1.000
1.183	1.000
1.258	1.000
1.338	1.000
1.423	1.000
1.513	1.000
1.608	1.000
1.710	1.000
1.817	1.000
1.931	1.000
2.051	1.000
2.180	1.000
2.316	1.000
2.460	1.000
2.615	1.000
2.780	1.000
2.959	1.000
3.153	1.000
3.366	1.000
3.602	1.000
3.871	1.000
4.178	1.000
4.544	1.000
4.993	1.000
5.569	1.000
6.353	1.000
7.493	1.000
9.248	1.000
11.97	1.000
15.88	1.000
20.99	1.000
27.27	1.000
34.73	1.000
43.43	1.000
53.43	1.000
64.79	1.000
77.55	1.000
91.71	1.000
107.3	1.000
124.1	1.000
142.2	1.000
161.6	1.000
182.0	1.000
203.4	1.000
225.7	1.000
248.9	1.000
272.9	1.000
297.6	1.000
322.8	1.000
348.8	1.000
375.4	1.000
402.4	1.000
429.8	1.000
457.8	1.000
486.3	1.000
515.2	1.000
544.5	1.000
574.3	1.000
604.4	1.000
634.9	1.000
665.7	1.000
697.0	1.000
728.7	1.000
760.7	1.000
793.2	1.000
826.0	2.000
859.2	2.000
892.8	1.000
926.9	1.000
961.3	1.000
996.1	1.000
1031.	1.000
1067.	1.000
1103.	1.000
1140.	1.000
1177.	1.000
1215.	1.000
1253.	1.000
1292.	1.000
1331.	1.000
1370.	1.000
1411.	1.000
1451.	2.000
1493.	2.000
1535.	1.000
1577.	1.000
1621.	1.000
1664.	1.000
1709.	1.000
1754.	1.000
1800.	1.000
1847.	1.000
1894.	1.000
1942.	1.000
1990.	1.000
2040.	1.000
2090.	1.000
2141.	1.000
2193.	1.000
2246.	1.000
2299.	1.000
2353.	1.000
2408.	1.000
2464.	1.000
2521.	1.000
2579.	1.000
2637.	1.000
2697.	1.000
2757.	1.000
2818.	1.000
2880.	1.000
2944.	1.000
3008.	2.000
3073.	2.000
3139.	2.000
3205.	2.000
3274.	2.000
3342.	2.000
3412.	2.000
3483.	2.000
3555.	2.000
 
 
E/N (Td)	Error code
0.9537E-06	7.000
0.9537E-06	7.000
0.9537E-06	7.000
0.9537E-06	7.000
0.9537E-06	7.000
0.9537E-06	7.000
0.9537E-06	7.000
0.9537E-06	7.000
0.9537E-06	7.000
0.9537E-06	7.000
0.9537E-06	7.000
0.9537E-06	7.000
0.9537E-06	7.000
0.9537E-06	7.000
0.9537E-06	7.000
0.9537E-06	7.000
0.9537E-06	7.000
0.9537E-06	7.000
0.9537E-06	7.000
0.9537E-06	7.000
0.1017E-02	0.000
0.2603E-02	0.000
0.4160E-02	0.000
0.6002E-02	0.000
0.8220E-02	0.000
0.1081E-01	0.000
0.1374E-01	0.000
0.1699E-01	0.000
0.2053E-01	0.000
0.2436E-01	0.000
0.2846E-01	0.000
0.3283E-01	0.000
0.3748E-01	0.000
0.4241E-01	0.000
0.4762E-01	0.000
0.5313E-01	0.000
0.5894E-01	0.000
0.6506E-01	0.000
0.7151E-01	0.000
0.7830E-01	0.000
0.8544E-01	0.000
0.9296E-01	0.000
0.1009	0.000
0.1092	0.000
0.1179	0.000
0.1272	0.000
0.1369	0.000
0.1471	0.000
0.1579	0.000
0.1692	0.000
0.1812	0.000
0.1942	0.000
0.2075	0.000
0.2217	0.000
0.2366	0.000
0.2524	0.000
0.2693	0.000
0.2870	0.000
0.3057	0.000
0.3255	0.000
0.3465	0.000
0.3687	0.000
0.3923	0.000
0.4172	0.000
0.4435	0.000
0.4715	0.000
0.5013	0.000
0.5330	0.000
0.5666	0.000
0.6023	0.000
0.6402	0.000
0.6806	0.000
0.7235	0.000
0.7689	0.000
0.8176	0.000
0.8693	0.000
0.9244	0.000
0.9833	0.000
1.046	0.000
1.112	0.000
1.183	0.000
1.258	0.000
1.338	0.000
1.423	0.000
1.513	0.000
1.608	0.000
1.710	0.000
1.817	0.000
1.931	0.000
2.051	0.000
2.180	0.000
2.316	0.000
2.460	0.000
2.615	0.000
2.780	0.000
2.959	0.000
3.153	0.000
3.366	0.000
3.602	0.000
3.871	0.000
4.178	0.000
4.544	0.000
4.993	0.000
5.569	0.000
6.353	0.000
7.493	0.000
9.248	0.000
11.97	0.000
15.88	0.000
20.99	0.000
27.27	0.000
34.73	0.000
43.43	0.000
53.43	0.000
64.79	0.000
77.55	0.000
91.71	0.000
107.3	0.000
124.1	0.000
142.2	0.000
161.6	0.000
182.0	0.000
203.4	0.000
225.7	0.000
248.9	0.000
272.9	0.000
297.6	0.000
322.8	0.000
348.8	0.000
375.4	0.000
402.4	0.000
429.8	0.000
457.8	0.000
486.3	0.000
515.2	0.000
544.5	0.000
574.3	0.000
604.4	0.000
634.9	0.000
665.7	0.000
697.0	0.000
728.7	0.000
760.7	0.000
793.2	0.000
826.0	0.000
859.2	0.000
892.8	0.000
926.9	0.000
961.3	0.000
996.1	0.000
1031.	0.000
1067.	0.000
1103.	0.000
1140.	0.000
1177.	0.000
1215.	0.000
1253.	0.000
1292.	0.000
1331.	0.000
1370.	0.000
1411.	0.000
1451.	0.000
1493.	0.000
1535.	0.000
1577.	0.000
1621.	0.000
1664.	0.000
1709.	0.000
1754.	0.000
1800.	0.000
1847.	0.000
1894.	0.000
1942.	0.000
1990.	0.000
2040.	0.000
2090.	0.000
2141.	0.000
2193.	0.000
2246.	0.000
2299.	0.000
2353.	0.000
2408.	0.000
2464.	0.000
2521.	0.000
2579.	0.000
2637.	0.000
2697.	0.000
2757.	0.000
2818.	0.000
2880.	0.000
2944.	0.000
3008.	0.000
3073.	0.000
3139.	0.000
3205.	0.000
3274.	0.000
3342.	0.000
3412.	0.000
3483.	0.000
3555.	0.000
 
 
C1    Ar    Elastic                                             
E/N (Td)	Rate coefficient (m3/s)
0.9537E-06	0.4921E-14
0.9537E-06	0.4921E-14
0.9537E-06	0.4921E-14
0.9537E-06	0.4921E-14
0.9537E-06	0.4921E-14
0.9537E-06	0.4921E-14
0.9537E-06	0.4921E-14
0.9537E-06	0.4921E-14
0.9537E-06	0.4921E-14
0.9537E-06	0.4921E-14
0.9537E-06	0.4921E-14
0.9537E-06	0.4921E-14
0.9537E-06	0.4921E-14
0.9537E-06	0.4921E-14
0.9537E-06	0.4921E-14
0.9537E-06	0.4921E-14
0.9537E-06	0.4921E-14
0.9537E-06	0.4921E-14
0.9537E-06	0.4921E-14
0.9537E-06	0.4921E-14
0.1017E-02	0.4954E-14
0.2603E-02	0.5084E-14
0.4160E-02	0.5224E-14
0.6002E-02	0.5376E-14
0.8220E-02	0.5541E-14
0.1081E-01	0.5720E-14
0.1374E-01	0.5912E-14
0.1699E-01	0.6117E-14
0.2053E-01	0.6334E-14
0.2436E-01	0.6562E-14
0.2846E-01	0.6801E-14
0.3283E-01	0.7051E-14
0.3748E-01	0.7312E-14
0.4241E-01	0.7583E-14
0.4762E-01	0.7866E-14
0.5313E-01	0.8159E-14
0.5894E-01	0.8464E-14
0.6506E-01	0.8781E-14
0.7151E-01	0.9109E-14
0.7830E-01	0.9449E-14
0.8544E-01	0.9801E-14
0.9296E-01	0.1017E-13
0.1009	0.1055E-13
0.1092	0.1094E-13
0.1179	0.1134E-13
0.1272	0.1177E-13
0.1369	0.1220E-13
0.1471	0.1266E-13
0.1579	0.1312E-13
0.1692	0.1361E-13
0.1812	0.1412E-13
0.1942	0.1465E-13
0.2075	0.1520E-13
0.2217	0.1576E-13
0.2366	0.1635E-13
0.2524	0.1696E-13
0.2693	0.1760E-13
0.2870	0.1826E-13
0.3057	0.1895E-13
0.3255	0.1966E-13
0.3465	0.2040E-13
0.3687	0.2117E-13
0.3923	0.2197E-13
0.4172	0.2281E-13
0.4435	0.2367E-13
0.4715	0.2457E-13
0.5013	0.2551E-13
0.5330	0.2649E-13
0.5666	0.2751E-13
0.6023	0.2857E-13
0.6402	0.2968E-13
0.6806	0.3083E-13
0.7235	0.3204E-13
0.7689	0.3328E-13
0.8176	0.3459E-13
0.8693	0.3596E-13
0.9244	0.3738E-13
0.9833	0.3887E-13
1.046	0.4042E-13
1.112	0.4204E-13
1.183	0.4372E-13
1.258	0.4549E-13
1.338	0.4732E-13
1.423	0.4925E-13
1.513	0.5125E-13
1.608	0.5334E-13
1.710	0.5552E-13
1.817	0.5778E-13
1.931	0.6014E-13
2.051	0.6260E-13
2.180	0.6516E-13
2.316	0.6782E-13
2.460	0.7058E-13
2.615	0.7345E-13
2.780	0.7643E-13
2.959	0.7951E-13
3.153	0.8271E-13
3.366	0.8601E-13
3.602	0.8943E-13
3.871	0.9297E-13
4.178	0.9661E-13
4.544	0.1004E-12
4.993	0.1043E-12
5.569	0.1082E-12
6.353	0.1123E-12
7.493	0.1165E-12
9.248	0.1207E-12
11.97	0.1250E-12
15.88	0.1292E-12
20.99	0.1333E-12
27.27	0.1374E-12
34.73	0.1414E-12
43.43	0.1454E-12
53.43	0.1493E-12
64.79	0.1532E-12
77.55	0.1570E-12
91.71	0.1606E-12
107.3	0.1642E-12
124.1	0.1676E-12
142.2	0.1709E-12
161.6	0.1741E-12
182.0	0.1771E-12
203.4	0.1800E-12
225.7	0.1828E-12
248.9	0.1855E-12
272.9	0.1880E-12
297.6	0.1905E-12
322.8	0.1928E-12
348.8	0.1950E-12
375.4	0.1971E-12
402.4	0.1990E-12
429.8	0.2009E-12
457.8	0.2027E-12
486.3	0.2044E-12
515.2	0.2059E-12
544.5	0.2074E-12
574.3	0.2088E-12
604.4	0.2100E-12
634.9	0.2112E-12
665.7	0.2123E-12
697.0	0.2133E-12
728.7	0.2142E-12
760.7	0.2150E-12
793.2	0.2158E-12
826.0	0.2165E-12
859.2	0.2170E-12
892.8	0.2176E-12
926.9	0.2180E-12
961.3	0.2184E-12
996.1	0.2187E-12
1031.	0.2189E-12
1067.	0.2190E-12
1103.	0.2191E-12
1140.	0.2192E-12
1177.	0.2191E-12
1215.	0.2191E-12
1253.	0.2189E-12
1292.	0.2187E-12
1331.	0.2185E-12
1370.	0.2181E-12
1411.	0.2178E-12
1451.	0.2174E-12
1493.	0.2169E-12
1535.	0.2164E-12
1577.	0.2158E-12
1621.	0.2152E-12
1664.	0.2146E-12
1709.	0.2139E-12
1754.	0.2132E-12
1800.	0.2124E-12
1847.	0.2116E-12
1894.	0.2108E-12
1942.	0.2099E-12
1990.	0.2090E-12
2040.	0.2080E-12
2090.	0.2070E-12
2141.	0.2060E-12
2193.	0.2050E-12
2246.	0.2039E-12
2299.	0.2028E-12
2353.	0.2016E-12
2408.	0.2005E-12
2464.	0.1993E-12
2521.	0.1981E-12
2579.	0.1968E-12
2637.	0.1956E-12
2697.	0.1943E-12
2757.	0.1930E-12
2818.	0.1917E-12
2880.	0.1903E-12
2944.	0.1890E-12
3008.	0.1876E-12
3073.	0.1862E-12
3139.	0.1848E-12
3205.	0.1834E-12
3274.	0.1820E-12
3342.	0.1805E-12
3412.	0.1791E-12
3483.	0.1776E-12
3555.	0.1761E-12
 
 
C2    Ar    Excitation    11.55 eV                              
E/N (Td)	Rate coefficient (m3/s)
0.9537E-06	0.000
0.9537E-06	0.000
0.9537E-06	0.000
0.9537E-06	0.000
0.9537E-06	0.000
0.9537E-06	0.000
0.9537E-06	0.000
0.9537E-06	0.000
0.9537E-06	0.000
0.9537E-06	0.000
0.9537E-06	0.000
0.9537E-06	0.000
0.9537E-06	0.000
0.9537E-06	0.000
0.9537E-06	0.000
0.9537E-06	0.000
0.9537E-06	0.000
0.9537E-06	0.000
0.9537E-06	0.000
0.9537E-06	0.000
0.1017E-02	0.000
0.2603E-02	0.000
0.4160E-02	0.000
0.6002E-02	0.000
0.8220E-02	0.000
0.1081E-01	0.000
0.1374E-01	0.000
0.1699E-01	0.000
0.2053E-01	0.3173E-26
0.2436E-01	0.3207E-26
0.2846E-01	0.3246E-26
0.3283E-01	0.3292E-26
0.3748E-01	0.3349E-26
0.4241E-01	0.3419E-26
0.4762E-01	0.3506E-26
0.5313E-01	0.3780E-26
0.5894E-01	0.4146E-26
0.6506E-01	0.4567E-26
0.7151E-01	0.5050E-26
0.7830E-01	0.5600E-26
0.8544E-01	0.6227E-26
0.9296E-01	0.6936E-26
0.1009	0.7742E-26
0.1092	0.8652E-26
0.1179	0.9686E-26
0.1272	0.1087E-25
0.1369	0.9872E-31
0.1471	0.1340E-26
0.1579	0.4524E-26
0.1692	0.8307E-26
0.1812	0.1029E-25
0.1942	0.1242E-25
0.2075	0.1514E-25
0.2217	0.1862E-25
0.2366	0.2304E-25
0.2524	0.2867E-25
0.2693	0.3579E-25
0.2870	0.4461E-25
0.3057	0.5462E-25
0.3255	0.6834E-25
0.3465	0.8625E-25
0.3687	0.1096E-24
0.3923	0.1399E-24
0.4172	0.1788E-24
0.4435	0.2308E-24
0.4715	0.3011E-24
0.5013	0.3957E-24
0.5330	0.5246E-24
0.5666	0.7023E-24
0.6023	0.9489E-24
0.6402	0.1295E-23
0.6806	0.1786E-23
0.7235	0.2488E-23
0.7689	0.3498E-23
0.8176	0.4981E-23
0.8693	0.7170E-23
0.9244	0.1043E-22
0.9833	0.1537E-22
1.046	0.2285E-22
1.112	0.3433E-22
1.183	0.5206E-22
1.258	0.7965E-22
1.338	0.1229E-21
1.423	0.1911E-21
1.513	0.2986E-21
1.608	0.4692E-21
1.710	0.7387E-21
1.817	0.1165E-20
1.931	0.1836E-20
2.051	0.2890E-20
2.180	0.4540E-20
2.316	0.7092E-20
2.460	0.1102E-19
2.615	0.1700E-19
2.780	0.2606E-19
2.959	0.3967E-19
3.153	0.5998E-19
3.366	0.9012E-19
3.602	0.1349E-18
3.871	0.2018E-18
4.178	0.3016E-18
4.544	0.4537E-18
4.993	0.6900E-18
5.569	0.1071E-17
6.353	0.1713E-17
7.493	0.2863E-17
9.248	0.5026E-17
11.97	0.9067E-17
15.88	0.1595E-16
20.99	0.2633E-16
27.27	0.4065E-16
34.73	0.5930E-16
43.43	0.8265E-16
53.43	0.1109E-15
64.79	0.1440E-15
77.55	0.1819E-15
91.71	0.2243E-15
107.3	0.2711E-15
124.1	0.3218E-15
142.2	0.3761E-15
161.6	0.4337E-15
182.0	0.4944E-15
203.4	0.5578E-15
225.7	0.6238E-15
248.9	0.6921E-15
272.9	0.7626E-15
297.6	0.8352E-15
322.8	0.9097E-15
348.8	0.9863E-15
375.4	0.1065E-14
402.4	0.1145E-14
429.8	0.1227E-14
457.8	0.1311E-14
486.3	0.1397E-14
515.2	0.1484E-14
544.5	0.1574E-14
574.3	0.1665E-14
604.4	0.1758E-14
634.9	0.1852E-14
665.7	0.1949E-14
697.0	0.2047E-14
728.7	0.2146E-14
760.7	0.2247E-14
793.2	0.2350E-14
826.0	0.2455E-14
859.2	0.2560E-14
892.8	0.2668E-14
926.9	0.2776E-14
961.3	0.2886E-14
996.1	0.2998E-14
1031.	0.3110E-14
1067.	0.3224E-14
1103.	0.3339E-14
1140.	0.3455E-14
1177.	0.3572E-14
1215.	0.3690E-14
1253.	0.3810E-14
1292.	0.3930E-14
1331.	0.4051E-14
1370.	0.4172E-14
1411.	0.4295E-14
1451.	0.4418E-14
1493.	0.4541E-14
1535.	0.4666E-14
1577.	0.4791E-14
1621.	0.4916E-14
1664.	0.5041E-14
1709.	0.5167E-14
1754.	0.5293E-14
1800.	0.5419E-14
1847.	0.5546E-14
1894.	0.5672E-14
1942.	0.5799E-14
1990.	0.5925E-14
2040.	0.6051E-14
2090.	0.6177E-14
2141.	0.6302E-14
2193.	0.6428E-14
2246.	0.6552E-14
2299.	0.6676E-14
2353.	0.6800E-14
2408.	0.6923E-14
2464.	0.7045E-14
2521.	0.7167E-14
2579.	0.7288E-14
2637.	0.7407E-14
2697.	0.7526E-14
2757.	0.7644E-14
2818.	0.7760E-14
2880.	0.7876E-14
2944.	0.7990E-14
3008.	0.8104E-14
3073.	0.8215E-14
3139.	0.8326E-14
3205.	0.8435E-14
3274.	0.8543E-14
3342.	0.8648E-14
3412.	0.8753E-14
3483.	0.8857E-14
3555.	0.8957E-14
 
 
C3    Ar    Excitation    13.00 eV                              
E/N (Td)	Rate coefficient (m3/s)
0.9537E-06	0.000
0.9537E-06	0.000
0.9537E-06	0.000
0.9537E-06	0.000
0.9537E-06	0.000
0.9537E-06	0.000
0.9537E-06	0.000
0.9537E-06	0.000
0.9537E-06	0.000
0.9537E-06	0.000
0.9537E-06	0.000
0.9537E-06	0.000
0.9537E-06	0.000
0.9537E-06	0.000
0.9537E-06	0.000
0.9537E-06	0.000
0.9537E-06	0.000
0.9537E-06	0.000
0.9537E-06	0.000
0.9537E-06	0.000
0.1017E-02	0.000
0.2603E-02	0.000
0.4160E-02	0.000
0.6002E-02	0.000
0.8220E-02	0.000
0.1081E-01	0.000
0.1374E-01	0.000
0.1699E-01	0.000
0.2053E-01	0.000
0.2436E-01	0.000
0.2846E-01	0.000
0.3283E-01	0.000
0.3748E-01	0.000
0.4241E-01	0.000
0.4762E-01	0.000
0.5313E-01	0.000
0.5894E-01	0.000
0.6506E-01	0.000
0.7151E-01	0.000
0.7830E-01	0.000
0.8544E-01	0.000
0.9296E-01	0.000
0.1009	0.000
0.1092	0.000
0.1179	0.1170E-31
0.1272	0.2201E-28
0.1369	0.000
0.1471	0.000
0.1579	0.000
0.1692	0.000
0.1812	0.000
0.1942	0.000
0.2075	0.000
0.2217	0.000
0.2366	0.000
0.2524	0.000
0.2693	0.000
0.2870	0.000
0.3057	0.000
0.3255	0.000
0.3465	0.000
0.3687	0.000
0.3923	0.000
0.4172	0.000
0.4435	0.000
0.4715	0.000
0.5013	0.000
0.5330	0.000
0.5666	0.000
0.6023	0.000
0.6402	0.000
0.6806	0.2454E-29
0.7235	0.1103E-27
0.7689	0.2014E-27
0.8176	0.4970E-27
0.8693	0.1084E-26
0.9244	0.1885E-26
0.9833	0.3358E-26
1.046	0.6054E-26
1.112	0.9857E-26
1.183	0.1650E-25
1.258	0.2729E-25
1.338	0.4541E-25
1.423	0.7680E-25
1.513	0.1313E-24
1.608	0.2265E-24
1.710	0.3949E-24
1.817	0.6952E-24
1.931	0.1234E-23
2.051	0.2203E-23
2.180	0.3962E-23
2.316	0.7141E-23
2.460	0.1290E-22
2.615	0.2336E-22
2.780	0.4235E-22
2.959	0.7694E-22
3.153	0.1402E-21
3.366	0.2563E-21
3.602	0.4727E-21
3.871	0.8855E-21
4.178	0.1684E-20
4.544	0.3298E-20
4.993	0.6728E-20
5.569	0.1456E-19
6.353	0.3422E-19
7.493	0.8969E-19
9.248	0.2636E-18
11.97	0.8162E-18
15.88	0.2340E-17
20.99	0.5720E-17
27.27	0.1195E-16
34.73	0.2201E-16
43.43	0.3692E-16
53.43	0.5756E-16
64.79	0.8478E-16
77.55	0.1193E-15
91.71	0.1616E-15
107.3	0.2122E-15
124.1	0.2710E-15
142.2	0.3384E-15
161.6	0.4140E-15
182.0	0.4978E-15
203.4	0.5895E-15
225.7	0.6887E-15
248.9	0.7951E-15
272.9	0.9084E-15
297.6	0.1028E-14
322.8	0.1154E-14
348.8	0.1286E-14
375.4	0.1424E-14
402.4	0.1566E-14
429.8	0.1714E-14
457.8	0.1866E-14
486.3	0.2024E-14
515.2	0.2185E-14
544.5	0.2351E-14
574.3	0.2520E-14
604.4	0.2694E-14
634.9	0.2871E-14
665.7	0.3051E-14
697.0	0.3234E-14
728.7	0.3420E-14
760.7	0.3609E-14
793.2	0.3800E-14
826.0	0.3994E-14
859.2	0.4189E-14
892.8	0.4387E-14
926.9	0.4587E-14
961.3	0.4788E-14
996.1	0.4990E-14
1031.	0.5194E-14
1067.	0.5400E-14
1103.	0.5606E-14
1140.	0.5813E-14
1177.	0.6021E-14
1215.	0.6229E-14
1253.	0.6438E-14
1292.	0.6647E-14
1331.	0.6857E-14
1370.	0.7066E-14
1411.	0.7276E-14
1451.	0.7485E-14
1493.	0.7695E-14
1535.	0.7903E-14
1577.	0.8112E-14
1621.	0.8320E-14
1664.	0.8527E-14
1709.	0.8733E-14
1754.	0.8938E-14
1800.	0.9143E-14
1847.	0.9346E-14
1894.	0.9548E-14
1942.	0.9749E-14
1990.	0.9948E-14
2040.	0.1015E-13
2090.	0.1034E-13
2141.	0.1053E-13
2193.	0.1073E-13
2246.	0.1092E-13
2299.	0.1111E-13
2353.	0.1129E-13
2408.	0.1148E-13
2464.	0.1166E-13
2521.	0.1184E-13
2579.	0.1202E-13
2637.	0.1219E-13
2697.	0.1236E-13
2757.	0.1253E-13
2818.	0.1270E-13
2880.	0.1287E-13
2944.	0.1303E-13
3008.	0.1319E-13
3073.	0.1334E-13
3139.	0.1350E-13
3205.	0.1365E-13
3274.	0.1379E-13
3342.	0.1394E-13
3412.	0.1408E-13
3483.	0.1422E-13
3555.	0.1435E-13
 
 
C4    Ar    Excitation    14.00 eV                              
E/N (Td)	Rate coefficient (m3/s)
0.9537E-06	0.000
0.9537E-06	0.000
0.9537E-06	0.000
0.9537E-06	0.000
0.9537E-06	0.000
0.9537E-06	0.000
0.9537E-06	0.000
0.9537E-06	0.000
0.9537E-06	0.000
0.9537E-06	0.000
0.9537E-06	0.000
0.9537E-06	0.000
0.9537E-06	0.000
0.9537E-06	0.000
0.9537E-06	0.000
0.9537E-06	0.000
0.9537E-06	0.000
0.9537E-06	0.000
0.9537E-06	0.000
0.9537E-06	0.000
0.1017E-02	0.000
0.2603E-02	0.000
0.4160E-02	0.000
0.6002E-02	0.000
0.8220E-02	0.000
0.1081E-01	0.000
0.1374E-01	0.000
0.1699E-01	0.000
0.2053E-01	0.000
0.2436E-01	0.000
0.2846E-01	0.000
0.3283E-01	0.000
0.3748E-01	0.000
0.4241E-01	0.000
0.4762E-01	0.000
0.5313E-01	0.000
0.5894E-01	0.000
0.6506E-01	0.000
0.7151E-01	0.000
0.7830E-01	0.000
0.8544E-01	0.000
0.9296E-01	0.000
0.1009	0.000
0.1092	0.000
0.1179	0.000
0.1272	0.000
0.1369	0.000
0.1471	0.000
0.1579	0.000
0.1692	0.000
0.1812	0.000
0.1942	0.000
0.2075	0.000
0.2217	0.000
0.2366	0.000
0.2524	0.000
0.2693	0.000
0.2870	0.000
0.3057	0.000
0.3255	0.000
0.3465	0.000
0.3687	0.000
0.3923	0.000
0.4172	0.000
0.4435	0.000
0.4715	0.000
0.5013	0.000
0.5330	0.000
0.5666	0.000
0.6023	0.000
0.6402	0.000
0.6806	0.000
0.7235	0.000
0.7689	0.000
0.8176	0.000
0.8693	0.000
0.9244	0.000
0.9833	0.000
1.046	0.000
1.112	0.000
1.183	0.000
1.258	0.000
1.338	0.000
1.423	0.000
1.513	0.000
1.608	0.000
1.710	0.2953E-31
1.817	0.8751E-29
1.931	0.9682E-28
2.051	0.3060E-27
2.180	0.6958E-27
2.316	0.1600E-26
2.460	0.3424E-26
2.615	0.7370E-26
2.780	0.1605E-25
2.959	0.3524E-25
3.153	0.7778E-25
3.366	0.1747E-24
3.602	0.4015E-24
3.871	0.9541E-24
4.178	0.2345E-23
4.544	0.6103E-23
4.993	0.1710E-22
5.569	0.5322E-22
6.353	0.1911E-21
7.493	0.8264E-21
9.248	0.4332E-20
11.97	0.2468E-19
15.88	0.1225E-18
20.99	0.4611E-18
27.27	0.1328E-17
34.73	0.3101E-17
43.43	0.6211E-17
53.43	0.1109E-16
64.79	0.1814E-16
77.55	0.2774E-16
91.71	0.4020E-16
107.3	0.5577E-16
124.1	0.7466E-16
142.2	0.9702E-16
161.6	0.1230E-15
182.0	0.1526E-15
203.4	0.1860E-15
225.7	0.2232E-15
248.9	0.2642E-15
272.9	0.3089E-15
297.6	0.3575E-15
322.8	0.4097E-15
348.8	0.4659E-15
375.4	0.5259E-15
402.4	0.5896E-15
429.8	0.6566E-15
457.8	0.7277E-15
486.3	0.8026E-15
515.2	0.8810E-15
544.5	0.9633E-15
574.3	0.1049E-14
604.4	0.1139E-14
634.9	0.1232E-14
665.7	0.1329E-14
697.0	0.1429E-14
728.7	0.1533E-14
760.7	0.1641E-14
793.2	0.1752E-14
826.0	0.1866E-14
859.2	0.1984E-14
892.8	0.2106E-14
926.9	0.2231E-14
961.3	0.2360E-14
996.1	0.2492E-14
1031.	0.2627E-14
1067.	0.2766E-14
1103.	0.2908E-14
1140.	0.3054E-14
1177.	0.3203E-14
1215.	0.3355E-14
1253.	0.3511E-14
1292.	0.3670E-14
1331.	0.3832E-14
1370.	0.3997E-14
1411.	0.4166E-14
1451.	0.4338E-14
1493.	0.4513E-14
1535.	0.4691E-14
1577.	0.4873E-14
1621.	0.5057E-14
1664.	0.5245E-14
1709.	0.5435E-14
1754.	0.5629E-14
1800.	0.5825E-14
1847.	0.6024E-14
1894.	0.6227E-14
1942.	0.6432E-14
1990.	0.6639E-14
2040.	0.6850E-14
2090.	0.7062E-14
2141.	0.7278E-14
2193.	0.7496E-14
2246.	0.7716E-14
2299.	0.7939E-14
2353.	0.8163E-14
2408.	0.8390E-14
2464.	0.8619E-14
2521.	0.8850E-14
2579.	0.9083E-14
2637.	0.9317E-14
2697.	0.9553E-14
2757.	0.9791E-14
2818.	0.1003E-13
2880.	0.1027E-13
2944.	0.1051E-13
3008.	0.1076E-13
3073.	0.1100E-13
3139.	0.1124E-13
3205.	0.1149E-13
3274.	0.1174E-13
3342.	0.1198E-13
3412.	0.1223E-13
3483.	0.1248E-13
3555.	0.1272E-13
 
 
C5    Ar    Ionization    15.70 eV                              
E/N (Td)	Rate coefficient (m3/s)
0.9537E-06	0.000
0.9537E-06	0.000
0.9537E-06	0.000
0.9537E-06	0.000
0.9537E-06	0.000
0.9537E-06	0.000
0.9537E-06	0.000
0.9537E-06	0.000
0.9537E-06	0.000
0.9537E-06	0.000
0.9537E-06	0.000
0.9537E-06	0.000
0.9537E-06	0.000
0.9537E-06	0.000
0.9537E-06	0.000
0.9537E-06	0.000
0.9537E-06	0.000
0.9537E-06	0.000
0.9537E-06	0.000
0.9537E-06	0.000
0.1017E-02	0.000
0.2603E-02	0.000
0.4160E-02	0.000
0.6002E-02	0.000
0.8220E-02	0.000
0.1081E-01	0.000
0.1374E-01	0.000
0.1699E-01	0.000
0.2053E-01	0.000
0.2436E-01	0.000
0.2846E-01	0.000
0.3283E-01	0.000
0.3748E-01	0.000
0.4241E-01	0.000
0.4762E-01	0.000
0.5313E-01	0.000
0.5894E-01	0.000
0.6506E-01	0.000
0.7151E-01	0.000
0.7830E-01	0.000
0.8544E-01	0.000
0.9296E-01	0.000
0.1009	0.000
0.1092	0.000
0.1179	0.000
0.1272	0.000
0.1369	0.000
0.1471	0.000
0.1579	0.000
0.1692	0.000
0.1812	0.000
0.1942	0.000
0.2075	0.000
0.2217	0.000
0.2366	0.000
0.2524	0.000
0.2693	0.000
0.2870	0.000
0.3057	0.000
0.3255	0.000
0.3465	0.000
0.3687	0.000
0.3923	0.000
0.4172	0.000
0.4435	0.000
0.4715	0.000
0.5013	0.000
0.5330	0.000
0.5666	0.000
0.6023	0.000
0.6402	0.000
0.6806	0.000
0.7235	0.000
0.7689	0.000
0.8176	0.000
0.8693	0.000
0.9244	0.000
0.9833	0.000
1.046	0.000
1.112	0.000
1.183	0.000
1.258	0.000
1.338	0.000
1.423	0.000
1.513	0.000
1.608	0.000
1.710	0.000
1.817	0.000
1.931	0.000
2.051	0.000
2.180	0.000
2.316	0.000
2.460	0.000
2.615	0.000
2.780	0.000
2.959	0.000
3.153	0.000
3.366	0.000
3.602	0.000
3.871	0.000
4.178	0.000
4.544	0.5173E-30
4.993	0.3375E-27
5.569	0.3189E-26
6.353	0.3316E-25
7.493	0.4705E-24
9.248	0.9706E-23
11.97	0.2313E-21
15.88	0.4108E-20
20.99	0.4192E-19
27.27	0.2543E-18
34.73	0.1041E-17
43.43	0.3213E-17
53.43	0.8079E-17
64.79	0.1744E-16
77.55	0.3354E-16
91.71	0.5885E-16
107.3	0.9598E-16
124.1	0.1475E-15
142.2	0.2158E-15
161.6	0.3032E-15
182.0	0.4115E-15
203.4	0.5422E-15
225.7	0.6967E-15
248.9	0.8761E-15
272.9	0.1081E-14
297.6	0.1312E-14
322.8	0.1570E-14
348.8	0.1855E-14
375.4	0.2169E-14
402.4	0.2510E-14
429.8	0.2876E-14
457.8	0.3271E-14
486.3	0.3695E-14
515.2	0.4146E-14
544.5	0.4625E-14
574.3	0.5132E-14
604.4	0.5666E-14
634.9	0.6227E-14
665.7	0.6816E-14
697.0	0.7431E-14
728.7	0.8072E-14
760.7	0.8740E-14
793.2	0.9434E-14
826.0	0.1015E-13
859.2	0.1090E-13
892.8	0.1167E-13
926.9	0.1247E-13
961.3	0.1328E-13
996.1	0.1413E-13
1031.	0.1500E-13
1067.	0.1589E-13
1103.	0.1680E-13
1140.	0.1774E-13
1177.	0.1870E-13
1215.	0.1969E-13
1253.	0.2069E-13
1292.	0.2172E-13
1331.	0.2277E-13
1370.	0.2384E-13
1411.	0.2494E-13
1451.	0.2605E-13
1493.	0.2718E-13
1535.	0.2834E-13
1577.	0.2951E-13
1621.	0.3070E-13
1664.	0.3192E-13
1709.	0.3315E-13
1754.	0.3440E-13
1800.	0.3566E-13
1847.	0.3695E-13
1894.	0.3825E-13
1942.	0.3957E-13
1990.	0.4090E-13
2040.	0.4225E-13
2090.	0.4362E-13
2141.	0.4500E-13
2193.	0.4639E-13
2246.	0.4781E-13
2299.	0.4923E-13
2353.	0.5066E-13
2408.	0.5211E-13
2464.	0.5357E-13
2521.	0.5504E-13
2579.	0.5652E-13
2637.	0.5801E-13
2697.	0.5951E-13
2757.	0.6102E-13
2818.	0.6254E-13
2880.	0.6407E-13
2944.	0.6560E-13
3008.	0.6714E-13
3073.	0.6869E-13
3139.	0.7024E-13
3205.	0.7180E-13
3274.	0.7336E-13
3342.	0.7491E-13
3412.	0.7648E-13
3483.	0.7805E-13
3555.	0.7962E-13
 
 
C6    Ar*    Ionization    4.20 eV                              
E/N (Td)	Rate coefficient (m3/s)
0.9537E-06	0.3420E-17
0.9537E-06	0.3420E-17
0.9537E-06	0.3420E-17
0.9537E-06	0.3420E-17
0.9537E-06	0.3420E-17
0.9537E-06	0.3420E-17
0.9537E-06	0.3420E-17
0.9537E-06	0.3420E-17
0.9537E-06	0.3420E-17
0.9537E-06	0.3420E-17
0.9537E-06	0.3420E-17
0.9537E-06	0.3420E-17
0.9537E-06	0.3420E-17
0.9537E-06	0.3420E-17
0.9537E-06	0.3420E-17
0.9537E-06	0.3420E-17
0.9537E-06	0.3420E-17
0.9537E-06	0.3420E-17
0.9537E-06	0.3420E-17
0.9537E-06	0.3420E-17
0.1017E-02	0.3450E-17
0.2603E-02	0.3566E-17
0.4160E-02	0.3693E-17
0.6002E-02	0.3834E-17
0.8220E-02	0.3994E-17
0.1081E-01	0.4177E-17
0.1374E-01	0.4385E-17
0.1699E-01	0.4625E-17
0.2053E-01	0.4898E-17
0.2436E-01	0.5208E-17
0.2846E-01	0.5561E-17
0.3283E-01	0.5963E-17
0.3748E-01	0.6420E-17
0.4241E-01	0.6940E-17
0.4762E-01	0.7532E-17
0.5313E-01	0.8208E-17
0.5894E-01	0.8979E-17
0.6506E-01	0.9861E-17
0.7151E-01	0.1087E-16
0.7830E-01	0.1203E-16
0.8544E-01	0.1336E-16
0.9296E-01	0.1490E-16
0.1009	0.1667E-16
0.1092	0.1872E-16
0.1179	0.2110E-16
0.1272	0.2387E-16
0.1369	0.2709E-16
0.1471	0.3086E-16
0.1579	0.3527E-16
0.1692	0.4044E-16
0.1812	0.4654E-16
0.1942	0.5390E-16
0.2075	0.6244E-16
0.2217	0.7257E-16
0.2366	0.8460E-16
0.2524	0.9891E-16
0.2693	0.1162E-15
0.2870	0.1366E-15
0.3057	0.1610E-15
0.3255	0.1901E-15
0.3465	0.2249E-15
0.3687	0.2665E-15
0.3923	0.3162E-15
0.4172	0.3756E-15
0.4435	0.4458E-15
0.4715	0.5302E-15
0.5013	0.6304E-15
0.5330	0.7493E-15
0.5666	0.8899E-15
0.6023	0.1056E-14
0.6402	0.1250E-14
0.6806	0.1478E-14
0.7235	0.1744E-14
0.7689	0.2051E-14
0.8176	0.2406E-14
0.8693	0.2815E-14
0.9244	0.3282E-14
0.9833	0.3815E-14
1.046	0.4415E-14
1.112	0.5089E-14
1.183	0.5841E-14
1.258	0.6677E-14
1.338	0.7599E-14
1.423	0.8614E-14
1.513	0.9719E-14
1.608	0.1092E-13
1.710	0.1221E-13
1.817	0.1361E-13
1.931	0.1509E-13
2.051	0.1667E-13
2.180	0.1835E-13
2.316	0.2012E-13
2.460	0.2198E-13
2.615	0.2393E-13
2.780	0.2597E-13
2.959	0.2809E-13
3.153	0.3029E-13
3.366	0.3257E-13
3.602	0.3493E-13
3.871	0.3737E-13
4.178	0.3986E-13
4.544	0.4243E-13
4.993	0.4506E-13
5.569	0.4775E-13
6.353	0.5047E-13
7.493	0.5321E-13
9.248	0.5593E-13
11.97	0.5858E-13
15.88	0.6116E-13
20.99	0.6367E-13
27.27	0.6616E-13
34.73	0.6862E-13
43.43	0.7108E-13
53.43	0.7352E-13
64.79	0.7596E-13
77.55	0.7838E-13
91.71	0.8080E-13
107.3	0.8319E-13
124.1	0.8556E-13
142.2	0.8791E-13
161.6	0.9024E-13
182.0	0.9256E-13
203.4	0.9485E-13
225.7	0.9712E-13
248.9	0.9938E-13
272.9	0.1016E-12
297.6	0.1038E-12
322.8	0.1060E-12
348.8	0.1082E-12
375.4	0.1104E-12
402.4	0.1126E-12
429.8	0.1147E-12
457.8	0.1169E-12
486.3	0.1190E-12
515.2	0.1211E-12
544.5	0.1231E-12
574.3	0.1252E-12
604.4	0.1272E-12
634.9	0.1293E-12
665.7	0.1313E-12
697.0	0.1333E-12
728.7	0.1352E-12
760.7	0.1372E-12
793.2	0.1391E-12
826.0	0.1411E-12
859.2	0.1430E-12
892.8	0.1449E-12
926.9	0.1467E-12
961.3	0.1486E-12
996.1	0.1504E-12
1031.	0.1523E-12
1067.	0.1541E-12
1103.	0.1559E-12
1140.	0.1577E-12
1177.	0.1594E-12
1215.	0.1612E-12
1253.	0.1629E-12
1292.	0.1646E-12
1331.	0.1663E-12
1370.	0.1680E-12
1411.	0.1697E-12
1451.	0.1713E-12
1493.	0.1729E-12
1535.	0.1746E-12
1577.	0.1762E-12
1621.	0.1777E-12
1664.	0.1793E-12
1709.	0.1808E-12
1754.	0.1824E-12
1800.	0.1839E-12
1847.	0.1854E-12
1894.	0.1868E-12
1942.	0.1883E-12
1990.	0.1897E-12
2040.	0.1911E-12
2090.	0.1925E-12
2141.	0.1939E-12
2193.	0.1952E-12
2246.	0.1966E-12
2299.	0.1979E-12
2353.	0.1992E-12
2408.	0.2004E-12
2464.	0.2017E-12
2521.	0.2029E-12
2579.	0.2041E-12
2637.	0.2053E-12
2697.	0.2064E-12
2757.	0.2076E-12
2818.	0.2087E-12
2880.	0.2098E-12
2944.	0.2108E-12
3008.	0.2119E-12
3073.	0.2129E-12
3139.	0.2139E-12
3205.	0.2149E-12
3274.	0.2158E-12
3342.	0.2167E-12
3412.	0.2176E-12
3483.	0.2185E-12
3555.	0.2193E-12
 
 
Ar                                                              
E/N (Td)	Inelastic energy loss coefficient (eV m3/s)
0.9537E-06	-0.7348E-25
0.9537E-06	-0.7348E-25
0.9537E-06	-0.7348E-25
0.9537E-06	-0.7348E-25
0.9537E-06	-0.7348E-25
0.9537E-06	-0.7348E-25
0.9537E-06	-0.7348E-25
0.9537E-06	-0.7348E-25
0.9537E-06	-0.7348E-25
0.9537E-06	-0.7348E-25
0.9537E-06	-0.7348E-25
0.9537E-06	-0.7348E-25
0.9537E-06	-0.7348E-25
0.9537E-06	-0.7348E-25
0.9537E-06	-0.7348E-25
0.9537E-06	-0.7348E-25
0.9537E-06	-0.7348E-25
0.9537E-06	-0.7348E-25
0.9537E-06	-0.7348E-25
0.9537E-06	-0.7348E-25
0.1017E-02	-0.7381E-25
0.2603E-02	-0.7508E-25
0.4160E-02	-0.7635E-25
0.6002E-02	-0.7762E-25
0.8220E-02	-0.7888E-25
0.1081E-01	-0.8014E-25
0.1374E-01	-0.8139E-25
0.1699E-01	-0.8265E-25
0.2053E-01	-0.4726E-25
0.2436E-01	-0.4814E-25
0.2846E-01	-0.4898E-25
0.3283E-01	-0.4974E-25
0.3748E-01	-0.5040E-25
0.4241E-01	-0.5092E-25
0.4762E-01	-0.5127E-25
0.5313E-01	-0.4947E-25
0.5894E-01	-0.4664E-25
0.6506E-01	-0.4318E-25
0.7151E-01	-0.3904E-25
0.7830E-01	-0.3413E-25
0.8544E-01	-0.2837E-25
0.9296E-01	-0.2168E-25
0.1009	-0.1389E-25
0.1092	-0.4913E-26
0.1179	0.5471E-26
0.1272	0.1782E-25
0.1369	-0.1096E-24
0.1471	-0.9572E-25
0.1579	-0.6058E-25
0.1692	-0.1855E-25
0.1812	0.2622E-26
0.1942	0.2552E-25
0.2075	0.5516E-25
0.2217	0.9363E-25
0.2366	0.1429E-24
0.2524	0.2061E-24
0.2693	0.2865E-24
0.2870	0.3865E-24
0.3057	0.5002E-24
0.3255	0.6567E-24
0.3465	0.8617E-24
0.3687	0.1129E-23
0.3923	0.1477E-23
0.4172	0.1925E-23
0.4435	0.2523E-23
0.4715	0.3333E-23
0.5013	0.4423E-23
0.5330	0.5910E-23
0.5666	0.7960E-23
0.6023	0.1081E-22
0.6402	0.1480E-22
0.6806	0.2047E-22
0.7235	0.2858E-22
0.7689	0.4024E-22
0.8176	0.5737E-22
0.8693	0.8265E-22
0.9244	0.1204E-21
0.9833	0.1774E-21
1.046	0.2639E-21
1.112	0.3964E-21
1.183	0.6013E-21
1.258	0.9201E-21
1.338	0.1419E-20
1.423	0.2208E-20
1.513	0.3451E-20
1.608	0.5422E-20
1.710	0.8537E-20
1.817	0.1346E-19
1.931	0.2122E-19
2.051	0.3341E-19
2.180	0.5249E-19
2.316	0.8200E-19
2.460	0.1274E-18
2.615	0.1967E-18
2.780	0.3016E-18
2.959	0.4592E-18
3.153	0.6946E-18
3.366	0.1044E-17
3.602	0.1564E-17
3.871	0.2343E-17
4.178	0.3506E-17
4.544	0.5283E-17
4.993	0.8057E-17
5.569	0.1256E-16
6.353	0.2023E-16
7.493	0.3425E-16
9.248	0.6154E-16
11.97	0.1157E-15
15.88	0.2164E-15
20.99	0.3856E-15
27.27	0.6474E-15
34.73	0.1031E-14
43.43	0.1572E-14
53.43	0.2311E-14
64.79	0.3293E-14
77.55	0.4566E-14
91.71	0.6179E-14
107.3	0.8177E-14
124.1	0.1060E-13
142.2	0.1349E-13
161.6	0.1687E-13
182.0	0.2078E-13
203.4	0.2522E-13
225.7	0.3022E-13
248.9	0.3579E-13
272.9	0.4192E-13
297.6	0.4862E-13
322.8	0.5589E-13
348.8	0.6376E-13
375.4	0.7222E-13
402.4	0.8125E-13
429.8	0.9080E-13
457.8	0.1010E-12
486.3	0.1117E-12
515.2	0.1230E-12
544.5	0.1348E-12
574.3	0.1473E-12
604.4	0.1602E-12
634.9	0.1737E-12
665.7	0.1878E-12
697.0	0.2024E-12
728.7	0.2175E-12
760.7	0.2331E-12
793.2	0.2492E-12
826.0	0.2658E-12
859.2	0.2830E-12
892.8	0.3006E-12
926.9	0.3187E-12
961.3	0.3372E-12
996.1	0.3562E-12
1031.	0.3757E-12
1067.	0.3956E-12
1103.	0.4160E-12
1140.	0.4368E-12
1177.	0.4581E-12
1215.	0.4797E-12
1253.	0.5018E-12
1292.	0.5243E-12
1331.	0.5472E-12
1370.	0.5704E-12
1411.	0.5941E-12
1451.	0.6181E-12
1493.	0.6425E-12
1535.	0.6673E-12
1577.	0.6924E-12
1621.	0.7178E-12
1664.	0.7436E-12
1709.	0.7698E-12
1754.	0.7962E-12
1800.	0.8230E-12
1847.	0.8500E-12
1894.	0.8774E-12
1942.	0.9051E-12
1990.	0.9329E-12
2040.	0.9612E-12
2090.	0.9895E-12
2141.	0.1018E-11
2193.	0.1047E-11
2246.	0.1076E-11
2299.	0.1106E-11
2353.	0.1135E-11
2408.	0.1165E-11
2464.	0.1195E-11
2521.	0.1225E-11
2579.	0.1255E-11
2637.	0.1285E-11
2697.	0.1316E-11
2757.	0.1347E-11
2818.	0.1377E-11
2880.	0.1408E-11
2944.	0.1439E-11
3008.	0.1470E-11
3073.	0.1501E-11
3139.	0.1532E-11
3205.	0.1563E-11
3274.	0.1594E-11
3342.	0.1625E-11
3412.	0.1656E-11
3483.	0.1687E-11
3555.	0.1718E-11
 
 
Ar*                                                             
E/N (Td)	Inelastic energy loss coefficient (eV m3/s)
0.9537E-06	0.1436E-16
0.9537E-06	0.1436E-16
0.9537E-06	0.1436E-16
0.9537E-06	0.1436E-16
0.9537E-06	0.1436E-16
0.9537E-06	0.1436E-16
0.9537E-06	0.1436E-16
0.9537E-06	0.1436E-16
0.9537E-06	0.1436E-16
0.9537E-06	0.1436E-16
0.9537E-06	0.1436E-16
0.9537E-06	0.1436E-16
0.9537E-06	0.1436E-16
0.9537E-06	0.1436E-16
0.9537E-06	0.1436E-16
0.9537E-06	0.1436E-16
0.9537E-06	0.1436E-16
0.9537E-06	0.1436E-16
0.9537E-06	0.1436E-16
0.9537E-06	0.1436E-16
0.1017E-02	0.1449E-16
0.2603E-02	0.1498E-16
0.4160E-02	0.1551E-16
0.6002E-02	0.1610E-16
0.8220E-02	0.1677E-16
0.1081E-01	0.1754E-16
0.1374E-01	0.1842E-16
0.1699E-01	0.1942E-16
0.2053E-01	0.2057E-16
0.2436E-01	0.2187E-16
0.2846E-01	0.2336E-16
0.3283E-01	0.2505E-16
0.3748E-01	0.2696E-16
0.4241E-01	0.2915E-16
0.4762E-01	0.3164E-16
0.5313E-01	0.3447E-16
0.5894E-01	0.3771E-16
0.6506E-01	0.4142E-16
0.7151E-01	0.4566E-16
0.7830E-01	0.5053E-16
0.8544E-01	0.5613E-16
0.9296E-01	0.6258E-16
0.1009	0.7002E-16
0.1092	0.7864E-16
0.1179	0.8863E-16
0.1272	0.1002E-15
0.1369	0.1138E-15
0.1471	0.1296E-15
0.1579	0.1481E-15
0.1692	0.1699E-15
0.1812	0.1955E-15
0.1942	0.2264E-15
0.2075	0.2623E-15
0.2217	0.3048E-15
0.2366	0.3553E-15
0.2524	0.4154E-15
0.2693	0.4881E-15
0.2870	0.5737E-15
0.3057	0.6760E-15
0.3255	0.7983E-15
0.3465	0.9445E-15
0.3687	0.1119E-14
0.3923	0.1328E-14
0.4172	0.1577E-14
0.4435	0.1873E-14
0.4715	0.2227E-14
0.5013	0.2648E-14
0.5330	0.3147E-14
0.5666	0.3738E-14
0.6023	0.4434E-14
0.6402	0.5252E-14
0.6806	0.6209E-14
0.7235	0.7325E-14
0.7689	0.8613E-14
0.8176	0.1011E-13
0.8693	0.1182E-13
0.9244	0.1379E-13
0.9833	0.1602E-13
1.046	0.1854E-13
1.112	0.2137E-13
1.183	0.2453E-13
1.258	0.2804E-13
1.338	0.3191E-13
1.423	0.3618E-13
1.513	0.4082E-13
1.608	0.4586E-13
1.710	0.5130E-13
1.817	0.5714E-13
1.931	0.6338E-13
2.051	0.7003E-13
2.180	0.7709E-13
2.316	0.8452E-13
2.460	0.9233E-13
2.615	0.1005E-12
2.780	0.1091E-12
2.959	0.1180E-12
3.153	0.1272E-12
3.366	0.1368E-12
3.602	0.1467E-12
3.871	0.1569E-12
4.178	0.1674E-12
4.544	0.1782E-12
4.993	0.1893E-12
5.569	0.2005E-12
6.353	0.2120E-12
7.493	0.2235E-12
9.248	0.2349E-12
11.97	0.2460E-12
15.88	0.2569E-12
20.99	0.2674E-12
27.27	0.2779E-12
34.73	0.2882E-12
43.43	0.2985E-12
53.43	0.3088E-12
64.79	0.3190E-12
77.55	0.3292E-12
91.71	0.3393E-12
107.3	0.3494E-12
124.1	0.3594E-12
142.2	0.3692E-12
161.6	0.3790E-12
182.0	0.3887E-12
203.4	0.3984E-12
225.7	0.4079E-12
248.9	0.4174E-12
272.9	0.4268E-12
297.6	0.4361E-12
322.8	0.4454E-12
348.8	0.4546E-12
375.4	0.4638E-12
402.4	0.4729E-12
429.8	0.4819E-12
457.8	0.4908E-12
486.3	0.4997E-12
515.2	0.5085E-12
544.5	0.5172E-12
574.3	0.5259E-12
604.4	0.5344E-12
634.9	0.5429E-12
665.7	0.5514E-12
697.0	0.5597E-12
728.7	0.5680E-12
760.7	0.5763E-12
793.2	0.5844E-12
826.0	0.5925E-12
859.2	0.6005E-12
892.8	0.6085E-12
926.9	0.6163E-12
961.3	0.6241E-12
996.1	0.6319E-12
1031.	0.6396E-12
1067.	0.6472E-12
1103.	0.6547E-12
1140.	0.6622E-12
1177.	0.6696E-12
1215.	0.6769E-12
1253.	0.6842E-12
1292.	0.6914E-12
1331.	0.6985E-12
1370.	0.7056E-12
1411.	0.7126E-12
1451.	0.7195E-12
1493.	0.7264E-12
1535.	0.7332E-12
1577.	0.7399E-12
1621.	0.7465E-12
1664.	0.7531E-12
1709.	0.7596E-12
1754.	0.7660E-12
1800.	0.7723E-12
1847.	0.7786E-12
1894.	0.7847E-12
1942.	0.7908E-12
1990.	0.7968E-12
2040.	0.8028E-12
2090.	0.8086E-12
2141.	0.8143E-12
2193.	0.8200E-12
2246.	0.8256E-12
2299.	0.8311E-12
2353.	0.8365E-12
2408.	0.8418E-12
2464.	0.8470E-12
2521.	0.8522E-12
2579.	0.8572E-12
2637.	0.8621E-12
2697.	0.8670E-12
2757.	0.8718E-12
2818.	0.8764E-12
2880.	0.8810E-12
2944.	0.8854E-12
3008.	0.8899E-12
3073.	0.8941E-12
3139.	0.8983E-12
3205.	0.9024E-12
3274.	0.9064E-12
3342.	0.9102E-12
3412.	0.9140E-12
3483.	0.9177E-12
3555.	0.9212E-12
 
 
