BOLSIG+ version: 03/2016
Collision input data:
--------------------------------------------------
Ar                                                              
crs-Biagi_v7.1+step.txt
--------------------------------------------------
Ar*                                                             
crs-Biagi_v7.1+step.txt
 
 
 
Angular frequency / N (m3/s)               0.000    
Cosine of E-B field angle                  0.000    
Gas temperature (K)                        300.0    
Excitation temperature (K)                 300.0    
Transition energy (eV)                     0.000    
Ionization degree                          0.000    
Plasma density (1/m3)                     0.8000E+17
Ion charge parameter                       1.000    
Ion/neutral mass ratio                     1.000    
e-e momentum effects                       1.000    
Energy sharing                             1.000    
Growth model                               1.000    
Maxwellian mean energy (eV)                0.000    
# of grid points                           200.0    
Grid type                                  0.000    
Maximum energy                             200.0    
Precision                                 0.1000E-09
Convergence                               0.1000E-03
Maximum # of iterations                    1000.    
Mole fraction Ar                           1.000    
Mole fraction Ar*                         0.1000E-04
 
 
E/N (Td)    	Electric field / N (Td)                                         
0.4600E-02	0.4600E-02
0.4755E-02	0.4755E-02
0.4922E-02	0.4922E-02
0.5104E-02	0.5104E-02
0.5301E-02	0.5301E-02
0.5517E-02	0.5517E-02
0.5751E-02	0.5751E-02
0.6011E-02	0.6011E-02
0.6296E-02	0.6296E-02
0.6610E-02	0.6610E-02
0.6959E-02	0.6959E-02
0.7344E-02	0.7344E-02
0.7776E-02	0.7776E-02
0.8252E-02	0.8252E-02
0.8780E-02	0.8780E-02
0.9368E-02	0.9368E-02
0.1002E-01	0.1002E-01
0.1073E-01	0.1073E-01
0.1152E-01	0.1152E-01
0.1238E-01	0.1238E-01
0.1331E-01	0.1331E-01
0.1434E-01	0.1434E-01
0.1544E-01	0.1544E-01
0.1664E-01	0.1664E-01
0.1793E-01	0.1793E-01
0.1932E-01	0.1932E-01
0.2081E-01	0.2081E-01
0.2241E-01	0.2241E-01
0.2412E-01	0.2412E-01
0.2596E-01	0.2596E-01
0.2791E-01	0.2791E-01
0.3000E-01	0.3000E-01
0.3222E-01	0.3222E-01
0.3458E-01	0.3458E-01
0.3709E-01	0.3709E-01
0.3975E-01	0.3975E-01
0.4256E-01	0.4256E-01
0.4554E-01	0.4554E-01
0.4869E-01	0.4869E-01
0.5201E-01	0.5201E-01
0.5552E-01	0.5552E-01
0.5921E-01	0.5921E-01
0.6310E-01	0.6310E-01
0.6720E-01	0.6720E-01
0.7151E-01	0.7151E-01
0.7605E-01	0.7605E-01
0.8082E-01	0.8082E-01
0.8587E-01	0.8587E-01
0.9117E-01	0.9117E-01
0.9676E-01	0.9676E-01
0.1027	0.1027
0.1088	0.1088
0.1154	0.1154
0.1223	0.1223
0.1295	0.1295
0.1372	0.1372
0.1452	0.1452
0.1538	0.1538
0.1628	0.1628
0.1723	0.1723
0.1823	0.1823
0.1929	0.1929
0.2041	0.2041
0.2160	0.2160
0.2285	0.2285
0.2418	0.2418
0.2559	0.2559
0.2708	0.2708
0.2865	0.2865
0.3032	0.3032
0.3209	0.3209
0.3397	0.3397
0.3596	0.3596
0.3806	0.3806
0.4029	0.4029
0.4266	0.4266
0.4517	0.4517
0.4783	0.4783
0.5065	0.5065
0.5364	0.5364
0.5683	0.5683
0.6021	0.6021
0.6382	0.6382
0.6765	0.6765
0.7175	0.7175
0.7612	0.7612
0.8080	0.8080
0.8578	0.8578
0.9115	0.9115
0.9689	0.9689
1.031	1.031
1.097	1.097
1.168	1.168
1.244	1.244
1.325	1.325
1.413	1.413
1.506	1.506
1.607	1.607
1.714	1.714
1.828	1.828
1.950	1.950
2.080	2.080
2.218	2.218
2.365	2.365
2.523	2.523
2.689	2.689
2.864	2.864
3.050	3.050
3.247	3.247
3.458	3.458
3.687	3.687
3.938	3.938
4.220	4.220
4.551	4.551
4.956	4.956
5.481	5.481
6.228	6.228
7.434	7.434
9.597	9.597
13.35	13.35
18.79	18.79
25.74	25.74
34.17	34.17
44.19	44.19
55.90	55.90
69.40	69.40
84.77	84.77
101.9	101.9
120.8	120.8
141.3	141.3
163.4	163.4
187.0	187.0
211.8	211.8
237.8	237.8
264.9	264.9
292.9	292.9
321.7	321.7
351.4	351.4
381.9	381.9
412.9	412.9
444.7	444.7
477.0	477.0
509.9	509.9
543.4	543.4
577.4	577.4
611.9	611.9
646.9	646.9
682.4	682.4
718.5	718.5
755.0	755.0
792.0	792.0
829.6	829.6
867.7	867.7
906.3	906.3
945.4	945.4
985.1	985.1
1025.	1025.
1066.	1066.
1108.	1108.
1150.	1150.
1192.	1192.
1235.	1235.
1279.	1279.
1324.	1324.
1369.	1369.
1415.	1415.
1462.	1462.
1510.	1510.
1558.	1558.
1607.	1607.
1657.	1657.
1708.	1708.
1760.	1760.
1812.	1812.
1866.	1866.
1920.	1920.
1976.	1976.
2032.	2032.
2090.	2090.
2148.	2148.
2207.	2207.
2268.	2268.
2329.	2329.
2392.	2392.
2456.	2456.
2521.	2521.
2586.	2586.
2654.	2654.
2722.	2722.
2792.	2792.
2862.	2862.
2934.	2934.
3007.	3007.
3082.	3082.
3157.	3157.
3234.	3234.
3312.	3312.
3392.	3392.
3472.	3472.
3555.	3555.
 
 
E/N (Td)	Mean energy (eV)
0.4600E-02	0.2000
0.4755E-02	0.2056
0.4922E-02	0.2114
0.5104E-02	0.2174
0.5301E-02	0.2235
0.5517E-02	0.2298
0.5751E-02	0.2362
0.6011E-02	0.2429
0.6296E-02	0.2497
0.6610E-02	0.2567
0.6959E-02	0.2639
0.7344E-02	0.2714
0.7776E-02	0.2790
0.8252E-02	0.2868
0.8780E-02	0.2949
0.9368E-02	0.3032
0.1002E-01	0.3117
0.1073E-01	0.3205
0.1152E-01	0.3295
0.1238E-01	0.3388
0.1331E-01	0.3483
0.1434E-01	0.3581
0.1544E-01	0.3682
0.1664E-01	0.3786
0.1793E-01	0.3892
0.1932E-01	0.4002
0.2081E-01	0.4115
0.2241E-01	0.4230
0.2412E-01	0.4349
0.2596E-01	0.4472
0.2791E-01	0.4597
0.3000E-01	0.4727
0.3222E-01	0.4860
0.3458E-01	0.4997
0.3709E-01	0.5137
0.3975E-01	0.5282
0.4256E-01	0.5430
0.4554E-01	0.5583
0.4869E-01	0.5740
0.5201E-01	0.5902
0.5552E-01	0.6068
0.5921E-01	0.6238
0.6310E-01	0.6414
0.6720E-01	0.6594
0.7151E-01	0.6780
0.7605E-01	0.6971
0.8082E-01	0.7167
0.8587E-01	0.7368
0.9117E-01	0.7576
0.9676E-01	0.7789
0.1027	0.8008
0.1088	0.8233
0.1154	0.8465
0.1223	0.8703
0.1295	0.8948
0.1372	0.9200
0.1452	0.9459
0.1538	0.9725
0.1628	0.9998
0.1723	1.028
0.1823	1.057
0.1929	1.087
0.2041	1.117
0.2160	1.149
0.2285	1.181
0.2418	1.214
0.2559	1.248
0.2708	1.283
0.2865	1.320
0.3032	1.357
0.3209	1.395
0.3397	1.434
0.3596	1.474
0.3806	1.516
0.4029	1.559
0.4266	1.602
0.4517	1.647
0.4783	1.694
0.5065	1.741
0.5364	1.790
0.5683	1.841
0.6021	1.893
0.6382	1.946
0.6765	2.001
0.7175	2.057
0.7612	2.115
0.8080	2.174
0.8578	2.235
0.9115	2.298
0.9689	2.363
1.031	2.429
1.097	2.498
1.168	2.568
1.244	2.640
1.325	2.715
1.413	2.791
1.506	2.870
1.607	2.950
1.714	3.033
1.828	3.119
1.950	3.206
2.080	3.297
2.218	3.389
2.365	3.485
2.523	3.583
2.689	3.684
2.864	3.787
3.050	3.894
3.247	4.003
3.458	4.116
3.687	4.232
3.938	4.351
4.220	4.473
4.551	4.599
4.956	4.728
5.481	4.861
6.228	4.998
7.434	5.139
9.597	5.284
13.35	5.432
18.79	5.585
25.74	5.742
34.17	5.904
44.19	6.070
55.90	6.241
69.40	6.416
84.77	6.597
101.9	6.782
120.8	6.973
141.3	7.169
163.4	7.371
187.0	7.578
211.8	7.791
237.8	8.011
264.9	8.236
292.9	8.468
321.7	8.706
351.4	8.951
381.9	9.204
412.9	9.462
444.7	9.728
477.0	10.00
509.9	10.28
543.4	10.57
577.4	10.87
611.9	11.18
646.9	11.49
682.4	11.81
718.5	12.15
755.0	12.49
792.0	12.84
829.6	13.20
867.7	13.57
906.3	13.95
945.4	14.35
985.1	14.75
1025.	15.16
1066.	15.59
1108.	16.03
1150.	16.48
1192.	16.94
1235.	17.42
1279.	17.91
1324.	18.41
1369.	18.93
1415.	19.47
1462.	20.01
1510.	20.58
1558.	21.16
1607.	21.75
1657.	22.36
1708.	22.99
1760.	23.64
1812.	24.30
1866.	24.99
1920.	25.69
1976.	26.41
2032.	27.16
2090.	27.92
2148.	28.71
2207.	29.51
2268.	30.34
2329.	31.20
2392.	32.08
2456.	32.98
2521.	33.91
2586.	34.86
2654.	35.84
2722.	36.85
2792.	37.89
2862.	38.95
2934.	40.05
3007.	41.17
3082.	42.33
3157.	43.52
3234.	44.75
3312.	46.01
3392.	47.30
3472.	48.63
3555.	50.00
 
 
E/N (Td)	Mobility *N (1/m/V/s)
0.4600E-02	0.1589E+27
0.4755E-02	0.1564E+27
0.4922E-02	0.1536E+27
0.5104E-02	0.1506E+27
0.5301E-02	0.1474E+27
0.5517E-02	0.1439E+27
0.5751E-02	0.1402E+27
0.6011E-02	0.1363E+27
0.6296E-02	0.1321E+27
0.6610E-02	0.1277E+27
0.6959E-02	0.1231E+27
0.7344E-02	0.1184E+27
0.7776E-02	0.1134E+27
0.8252E-02	0.1084E+27
0.8780E-02	0.1034E+27
0.9368E-02	0.9835E+26
0.1002E-01	0.9335E+26
0.1073E-01	0.8846E+26
0.1152E-01	0.8367E+26
0.1238E-01	0.7907E+26
0.1331E-01	0.7467E+26
0.1434E-01	0.7045E+26
0.1544E-01	0.6647E+26
0.1664E-01	0.6270E+26
0.1793E-01	0.5916E+26
0.1932E-01	0.5583E+26
0.2081E-01	0.5270E+26
0.2241E-01	0.4977E+26
0.2412E-01	0.4703E+26
0.2596E-01	0.4446E+26
0.2791E-01	0.4206E+26
0.3000E-01	0.3981E+26
0.3222E-01	0.3771E+26
0.3458E-01	0.3575E+26
0.3709E-01	0.3391E+26
0.3975E-01	0.3219E+26
0.4256E-01	0.3058E+26
0.4554E-01	0.2908E+26
0.4869E-01	0.2768E+26
0.5201E-01	0.2636E+26
0.5552E-01	0.2513E+26
0.5921E-01	0.2397E+26
0.6310E-01	0.2289E+26
0.6720E-01	0.2186E+26
0.7151E-01	0.2090E+26
0.7605E-01	0.1999E+26
0.8082E-01	0.1913E+26
0.8587E-01	0.1831E+26
0.9117E-01	0.1754E+26
0.9676E-01	0.1680E+26
0.1027	0.1610E+26
0.1088	0.1543E+26
0.1154	0.1480E+26
0.1223	0.1419E+26
0.1295	0.1361E+26
0.1372	0.1306E+26
0.1452	0.1253E+26
0.1538	0.1202E+26
0.1628	0.1153E+26
0.1723	0.1106E+26
0.1823	0.1062E+26
0.1929	0.1019E+26
0.2041	0.9771E+25
0.2160	0.9373E+25
0.2285	0.8990E+25
0.2418	0.8623E+25
0.2559	0.8269E+25
0.2708	0.7929E+25
0.2865	0.7602E+25
0.3032	0.7288E+25
0.3209	0.6986E+25
0.3397	0.6695E+25
0.3596	0.6417E+25
0.3806	0.6149E+25
0.4029	0.5892E+25
0.4266	0.5645E+25
0.4517	0.5407E+25
0.4783	0.5180E+25
0.5065	0.4961E+25
0.5364	0.4752E+25
0.5683	0.4550E+25
0.6021	0.4357E+25
0.6382	0.4171E+25
0.6765	0.3994E+25
0.7175	0.3823E+25
0.7612	0.3660E+25
0.8080	0.3503E+25
0.8578	0.3353E+25
0.9115	0.3210E+25
0.9689	0.3072E+25
1.031	0.2940E+25
1.097	0.2814E+25
1.168	0.2693E+25
1.244	0.2578E+25
1.325	0.2466E+25
1.413	0.2361E+25
1.506	0.2259E+25
1.607	0.2161E+25
1.714	0.2068E+25
1.828	0.1979E+25
1.950	0.1893E+25
2.080	0.1810E+25
2.218	0.1732E+25
2.365	0.1656E+25
2.523	0.1583E+25
2.689	0.1515E+25
2.864	0.1449E+25
3.050	0.1387E+25
3.247	0.1328E+25
3.458	0.1273E+25
3.687	0.1221E+25
3.938	0.1172E+25
4.220	0.1128E+25
4.551	0.1089E+25
4.956	0.1055E+25
5.481	0.1027E+25
6.228	0.1008E+25
7.434	0.9970E+24
9.597	0.9909E+24
13.35	0.9771E+24
18.79	0.9512E+24
25.74	0.9199E+24
34.17	0.8887E+24
44.19	0.8603E+24
55.90	0.8352E+24
69.40	0.8133E+24
84.77	0.7939E+24
101.9	0.7766E+24
120.8	0.7608E+24
141.3	0.7463E+24
163.4	0.7328E+24
187.0	0.7201E+24
211.8	0.7084E+24
237.8	0.6973E+24
264.9	0.6870E+24
292.9	0.6774E+24
321.7	0.6685E+24
351.4	0.6601E+24
381.9	0.6523E+24
412.9	0.6450E+24
444.7	0.6382E+24
477.0	0.6319E+24
509.9	0.6259E+24
543.4	0.6204E+24
577.4	0.6151E+24
611.9	0.6102E+24
646.9	0.6055E+24
682.4	0.6011E+24
718.5	0.5970E+24
755.0	0.5929E+24
792.0	0.5891E+24
829.6	0.5854E+24
867.7	0.5818E+24
906.3	0.5783E+24
945.4	0.5749E+24
985.1	0.5716E+24
1025.	0.5684E+24
1066.	0.5652E+24
1108.	0.5622E+24
1150.	0.5591E+24
1192.	0.5561E+24
1235.	0.5532E+24
1279.	0.5503E+24
1324.	0.5474E+24
1369.	0.5445E+24
1415.	0.5416E+24
1462.	0.5388E+24
1510.	0.5360E+24
1558.	0.5332E+24
1607.	0.5303E+24
1657.	0.5276E+24
1708.	0.5248E+24
1760.	0.5219E+24
1812.	0.5192E+24
1866.	0.5164E+24
1920.	0.5137E+24
1976.	0.5109E+24
2032.	0.5081E+24
2090.	0.5054E+24
2148.	0.5026E+24
2207.	0.4999E+24
2268.	0.4972E+24
2329.	0.4945E+24
2392.	0.4918E+24
2456.	0.4892E+24
2521.	0.4864E+24
2586.	0.4838E+24
2654.	0.4811E+24
2722.	0.4786E+24
2792.	0.4758E+24
2862.	0.4733E+24
2934.	0.4707E+24
3007.	0.4682E+24
3082.	0.4656E+24
3157.	0.4631E+24
3234.	0.4607E+24
3312.	0.4582E+24
3392.	0.4558E+24
3472.	0.4535E+24
3555.	0.4511E+24
 
 
E/N (Td)	Diffusion coefficient *N (1/m/s)
0.4600E-02	0.3892E+26
0.4755E-02	0.3969E+26
0.4922E-02	0.4042E+26
0.5104E-02	0.4112E+26
0.5301E-02	0.4180E+26
0.5517E-02	0.4242E+26
0.5751E-02	0.4301E+26
0.6011E-02	0.4354E+26
0.6296E-02	0.4401E+26
0.6610E-02	0.4441E+26
0.6959E-02	0.4474E+26
0.7344E-02	0.4499E+26
0.7776E-02	0.4517E+26
0.8252E-02	0.4524E+26
0.8780E-02	0.4524E+26
0.9368E-02	0.4513E+26
0.1002E-01	0.4494E+26
0.1073E-01	0.4468E+26
0.1152E-01	0.4431E+26
0.1238E-01	0.4390E+26
0.1331E-01	0.4341E+26
0.1434E-01	0.4290E+26
0.1544E-01	0.4232E+26
0.1664E-01	0.4171E+26
0.1793E-01	0.4107E+26
0.1932E-01	0.4041E+26
0.2081E-01	0.3973E+26
0.2241E-01	0.3904E+26
0.2412E-01	0.3835E+26
0.2596E-01	0.3767E+26
0.2791E-01	0.3695E+26
0.3000E-01	0.3625E+26
0.3222E-01	0.3558E+26
0.3458E-01	0.3486E+26
0.3709E-01	0.3420E+26
0.3975E-01	0.3352E+26
0.4256E-01	0.3286E+26
0.4554E-01	0.3220E+26
0.4869E-01	0.3157E+26
0.5201E-01	0.3094E+26
0.5552E-01	0.3033E+26
0.5921E-01	0.2973E+26
0.6310E-01	0.2912E+26
0.6720E-01	0.2855E+26
0.7151E-01	0.2800E+26
0.7605E-01	0.2742E+26
0.8082E-01	0.2691E+26
0.8587E-01	0.2637E+26
0.9117E-01	0.2585E+26
0.9676E-01	0.2534E+26
0.1027	0.2487E+26
0.1088	0.2438E+26
0.1154	0.2389E+26
0.1223	0.2344E+26
0.1295	0.2304E+26
0.1372	0.2256E+26
0.1452	0.2214E+26
0.1538	0.2173E+26
0.1628	0.2130E+26
0.1723	0.2091E+26
0.1823	0.2055E+26
0.1929	0.2013E+26
0.2041	0.1976E+26
0.2160	0.1942E+26
0.2285	0.1906E+26
0.2418	0.1871E+26
0.2559	0.1837E+26
0.2708	0.1804E+26
0.2865	0.1772E+26
0.3032	0.1740E+26
0.3209	0.1708E+26
0.3397	0.1678E+26
0.3596	0.1648E+26
0.3806	0.1619E+26
0.4029	0.1591E+26
0.4266	0.1562E+26
0.4517	0.1535E+26
0.4783	0.1508E+26
0.5065	0.1482E+26
0.5364	0.1460E+26
0.5683	0.1431E+26
0.6021	0.1406E+26
0.6382	0.1381E+26
0.6765	0.1357E+26
0.7175	0.1336E+26
0.7612	0.1315E+26
0.8080	0.1292E+26
0.8578	0.1268E+26
0.9115	0.1244E+26
0.9689	0.1223E+26
1.031	0.1203E+26
1.097	0.1184E+26
1.168	0.1167E+26
1.244	0.1146E+26
1.325	0.1125E+26
1.413	0.1105E+26
1.506	0.1087E+26
1.607	0.1068E+26
1.714	0.1050E+26
1.828	0.1032E+26
1.950	0.1015E+26
2.080	0.9973E+25
2.218	0.9802E+25
2.365	0.9634E+25
2.523	0.9466E+25
2.689	0.9303E+25
2.864	0.9143E+25
3.050	0.8986E+25
3.247	0.8831E+25
3.458	0.8680E+25
3.687	0.8532E+25
3.938	0.8388E+25
4.220	0.8250E+25
4.551	0.8115E+25
4.956	0.7987E+25
5.481	0.7867E+25
6.228	0.7759E+25
7.434	0.7664E+25
9.597	0.7581E+25
13.35	0.7495E+25
18.79	0.7397E+25
25.74	0.7294E+25
34.17	0.7191E+25
44.19	0.7091E+25
55.90	0.6993E+25
69.40	0.6895E+25
84.77	0.6793E+25
101.9	0.6689E+25
120.8	0.6583E+25
141.3	0.6478E+25
163.4	0.6377E+25
187.0	0.6285E+25
211.8	0.6201E+25
237.8	0.6127E+25
264.9	0.6063E+25
292.9	0.6008E+25
321.7	0.5963E+25
351.4	0.5926E+25
381.9	0.5897E+25
412.9	0.5877E+25
444.7	0.5864E+25
477.0	0.5859E+25
509.9	0.5861E+25
543.4	0.5870E+25
577.4	0.5886E+25
611.9	0.5909E+25
646.9	0.5937E+25
682.4	0.5974E+25
718.5	0.6015E+25
755.0	0.6063E+25
792.0	0.6116E+25
829.6	0.6175E+25
867.7	0.6239E+25
906.3	0.6309E+25
945.4	0.6384E+25
985.1	0.6464E+25
1025.	0.6550E+25
1066.	0.6640E+25
1108.	0.6737E+25
1150.	0.6838E+25
1192.	0.6944E+25
1235.	0.7055E+25
1279.	0.7171E+25
1324.	0.7291E+25
1369.	0.7415E+25
1415.	0.7545E+25
1462.	0.7681E+25
1510.	0.7821E+25
1558.	0.7964E+25
1607.	0.8113E+25
1657.	0.8267E+25
1708.	0.8425E+25
1760.	0.8588E+25
1812.	0.8757E+25
1866.	0.8929E+25
1920.	0.9108E+25
1976.	0.9290E+25
2032.	0.9478E+25
2090.	0.9671E+25
2148.	0.9869E+25
2207.	0.1007E+26
2268.	0.1028E+26
2329.	0.1050E+26
2392.	0.1072E+26
2456.	0.1094E+26
2521.	0.1117E+26
2586.	0.1141E+26
2654.	0.1166E+26
2722.	0.1191E+26
2792.	0.1216E+26
2862.	0.1243E+26
2934.	0.1269E+26
3007.	0.1297E+26
3082.	0.1325E+26
3157.	0.1355E+26
3234.	0.1385E+26
3312.	0.1415E+26
3392.	0.1447E+26
3472.	0.1479E+26
3555.	0.1512E+26
 
 
E/N (Td)	Energy mobility *N (1/m/V/s)
0.4600E-02	0.2523E+27
0.4755E-02	0.2460E+27
0.4922E-02	0.2396E+27
0.5104E-02	0.2329E+27
0.5301E-02	0.2262E+27
0.5517E-02	0.2192E+27
0.5751E-02	0.2122E+27
0.6011E-02	0.2049E+27
0.6296E-02	0.1976E+27
0.6610E-02	0.1901E+27
0.6959E-02	0.1825E+27
0.7344E-02	0.1749E+27
0.7776E-02	0.1672E+27
0.8252E-02	0.1595E+27
0.8780E-02	0.1520E+27
0.9368E-02	0.1444E+27
0.1002E-01	0.1371E+27
0.1073E-01	0.1299E+27
0.1152E-01	0.1229E+27
0.1238E-01	0.1163E+27
0.1331E-01	0.1099E+27
0.1434E-01	0.1038E+27
0.1544E-01	0.9807E+26
0.1664E-01	0.9263E+26
0.1793E-01	0.8750E+26
0.1932E-01	0.8266E+26
0.2081E-01	0.7812E+26
0.2241E-01	0.7386E+26
0.2412E-01	0.6986E+26
0.2596E-01	0.6611E+26
0.2791E-01	0.6258E+26
0.3000E-01	0.5929E+26
0.3222E-01	0.5620E+26
0.3458E-01	0.5330E+26
0.3709E-01	0.5060E+26
0.3975E-01	0.4806E+26
0.4256E-01	0.4569E+26
0.4554E-01	0.4347E+26
0.4869E-01	0.4139E+26
0.5201E-01	0.3945E+26
0.5552E-01	0.3762E+26
0.5921E-01	0.3590E+26
0.6310E-01	0.3428E+26
0.6720E-01	0.3276E+26
0.7151E-01	0.3132E+26
0.7605E-01	0.2996E+26
0.8082E-01	0.2867E+26
0.8587E-01	0.2745E+26
0.9117E-01	0.2629E+26
0.9676E-01	0.2518E+26
0.1027	0.2413E+26
0.1088	0.2313E+26
0.1154	0.2218E+26
0.1223	0.2126E+26
0.1295	0.2039E+26
0.1372	0.1956E+26
0.1452	0.1876E+26
0.1538	0.1800E+26
0.1628	0.1726E+26
0.1723	0.1656E+26
0.1823	0.1589E+26
0.1929	0.1524E+26
0.2041	0.1462E+26
0.2160	0.1402E+26
0.2285	0.1344E+26
0.2418	0.1289E+26
0.2559	0.1236E+26
0.2708	0.1185E+26
0.2865	0.1136E+26
0.3032	0.1089E+26
0.3209	0.1044E+26
0.3397	0.1000E+26
0.3596	0.9585E+25
0.3806	0.9184E+25
0.4029	0.8799E+25
0.4266	0.8430E+25
0.4517	0.8075E+25
0.4783	0.7735E+25
0.5065	0.7408E+25
0.5364	0.7094E+25
0.5683	0.6792E+25
0.6021	0.6502E+25
0.6382	0.6223E+25
0.6765	0.5956E+25
0.7175	0.5698E+25
0.7612	0.5451E+25
0.8080	0.5213E+25
0.8578	0.4985E+25
0.9115	0.4766E+25
0.9689	0.4555E+25
1.031	0.4352E+25
1.097	0.4158E+25
1.168	0.3972E+25
1.244	0.3794E+25
1.325	0.3622E+25
1.413	0.3459E+25
1.506	0.3302E+25
1.607	0.3152E+25
1.714	0.3009E+25
1.828	0.2872E+25
1.950	0.2741E+25
2.080	0.2617E+25
2.218	0.2498E+25
2.365	0.2385E+25
2.523	0.2277E+25
2.689	0.2175E+25
2.864	0.2078E+25
3.050	0.1987E+25
3.247	0.1901E+25
3.458	0.1820E+25
3.687	0.1743E+25
3.938	0.1672E+25
4.220	0.1605E+25
4.551	0.1542E+25
4.956	0.1485E+25
5.481	0.1433E+25
6.228	0.1386E+25
7.434	0.1345E+25
9.597	0.1311E+25
13.35	0.1278E+25
18.79	0.1246E+25
25.74	0.1215E+25
34.17	0.1185E+25
44.19	0.1158E+25
55.90	0.1134E+25
69.40	0.1113E+25
84.77	0.1095E+25
101.9	0.1079E+25
120.8	0.1065E+25
141.3	0.1053E+25
163.4	0.1042E+25
187.0	0.1032E+25
211.8	0.1024E+25
237.8	0.1016E+25
264.9	0.1009E+25
292.9	0.1002E+25
321.7	0.9965E+24
351.4	0.9911E+24
381.9	0.9861E+24
412.9	0.9814E+24
444.7	0.9771E+24
477.0	0.9730E+24
509.9	0.9691E+24
543.4	0.9654E+24
577.4	0.9617E+24
611.9	0.9582E+24
646.9	0.9548E+24
682.4	0.9517E+24
718.5	0.9485E+24
755.0	0.9452E+24
792.0	0.9419E+24
829.6	0.9387E+24
867.7	0.9353E+24
906.3	0.9320E+24
945.4	0.9285E+24
985.1	0.9251E+24
1025.	0.9215E+24
1066.	0.9179E+24
1108.	0.9143E+24
1150.	0.9107E+24
1192.	0.9069E+24
1235.	0.9031E+24
1279.	0.8992E+24
1324.	0.8953E+24
1369.	0.8912E+24
1415.	0.8871E+24
1462.	0.8831E+24
1510.	0.8789E+24
1558.	0.8746E+24
1607.	0.8703E+24
1657.	0.8661E+24
1708.	0.8617E+24
1760.	0.8573E+24
1812.	0.8530E+24
1866.	0.8485E+24
1920.	0.8441E+24
1976.	0.8397E+24
2032.	0.8352E+24
2090.	0.8308E+24
2148.	0.8263E+24
2207.	0.8219E+24
2268.	0.8175E+24
2329.	0.8132E+24
2392.	0.8088E+24
2456.	0.8045E+24
2521.	0.8002E+24
2586.	0.7960E+24
2654.	0.7917E+24
2722.	0.7877E+24
2792.	0.7835E+24
2862.	0.7795E+24
2934.	0.7755E+24
3007.	0.7715E+24
3082.	0.7676E+24
3157.	0.7639E+24
3234.	0.7602E+24
3312.	0.7565E+24
3392.	0.7529E+24
3472.	0.7495E+24
3555.	0.7460E+24
 
 
E/N (Td)	Energy diffusion coef. D*N (1/m/s)
0.4600E-02	0.5332E+26
0.4755E-02	0.5323E+26
0.4922E-02	0.5307E+26
0.5104E-02	0.5288E+26
0.5301E-02	0.5265E+26
0.5517E-02	0.5236E+26
0.5751E-02	0.5203E+26
0.6011E-02	0.5164E+26
0.6296E-02	0.5119E+26
0.6610E-02	0.5069E+26
0.6959E-02	0.5013E+26
0.7344E-02	0.4951E+26
0.7776E-02	0.4883E+26
0.8252E-02	0.4808E+26
0.8780E-02	0.4729E+26
0.9368E-02	0.4642E+26
0.1002E-01	0.4552E+26
0.1073E-01	0.4458E+26
0.1152E-01	0.4358E+26
0.1238E-01	0.4258E+26
0.1331E-01	0.4155E+26
0.1434E-01	0.4052E+26
0.1544E-01	0.3947E+26
0.1664E-01	0.3843E+26
0.1793E-01	0.3740E+26
0.1932E-01	0.3638E+26
0.2081E-01	0.3538E+26
0.2241E-01	0.3439E+26
0.2412E-01	0.3343E+26
0.2596E-01	0.3249E+26
0.2791E-01	0.3157E+26
0.3000E-01	0.3068E+26
0.3222E-01	0.2982E+26
0.3458E-01	0.2897E+26
0.3709E-01	0.2817E+26
0.3975E-01	0.2738E+26
0.4256E-01	0.2663E+26
0.4554E-01	0.2590E+26
0.4869E-01	0.2520E+26
0.5201E-01	0.2452E+26
0.5552E-01	0.2387E+26
0.5921E-01	0.2325E+26
0.6310E-01	0.2265E+26
0.6720E-01	0.2207E+26
0.7151E-01	0.2152E+26
0.7605E-01	0.2098E+26
0.8082E-01	0.2048E+26
0.8587E-01	0.1998E+26
0.9117E-01	0.1951E+26
0.9676E-01	0.1906E+26
0.1027	0.1863E+26
0.1088	0.1821E+26
0.1154	0.1780E+26
0.1223	0.1742E+26
0.1295	0.1706E+26
0.1372	0.1669E+26
0.1452	0.1635E+26
0.1538	0.1602E+26
0.1628	0.1569E+26
0.1723	0.1538E+26
0.1823	0.1509E+26
0.1929	0.1480E+26
0.2041	0.1452E+26
0.2160	0.1425E+26
0.2285	0.1398E+26
0.2418	0.1373E+26
0.2559	0.1348E+26
0.2708	0.1324E+26
0.2865	0.1301E+26
0.3032	0.1278E+26
0.3209	0.1255E+26
0.3397	0.1234E+26
0.3596	0.1213E+26
0.3806	0.1192E+26
0.4029	0.1172E+26
0.4266	0.1152E+26
0.4517	0.1133E+26
0.4783	0.1114E+26
0.5065	0.1095E+26
0.5364	0.1078E+26
0.5683	0.1060E+26
0.6021	0.1042E+26
0.6382	0.1025E+26
0.6765	0.1008E+26
0.7175	0.9914E+25
0.7612	0.9754E+25
0.8080	0.9592E+25
0.8578	0.9431E+25
0.9115	0.9273E+25
0.9689	0.9118E+25
1.031	0.8966E+25
1.097	0.8818E+25
1.168	0.8671E+25
1.244	0.8522E+25
1.325	0.8375E+25
1.413	0.8230E+25
1.506	0.8088E+25
1.607	0.7947E+25
1.714	0.7807E+25
1.828	0.7670E+25
1.950	0.7534E+25
2.080	0.7400E+25
2.218	0.7267E+25
2.365	0.7137E+25
2.523	0.7009E+25
2.689	0.6883E+25
2.864	0.6760E+25
3.050	0.6639E+25
3.247	0.6520E+25
3.458	0.6405E+25
3.687	0.6292E+25
3.938	0.6183E+25
4.220	0.6076E+25
4.551	0.5973E+25
4.956	0.5873E+25
5.481	0.5777E+25
6.228	0.5684E+25
7.434	0.5597E+25
9.597	0.5516E+25
13.35	0.5445E+25
18.79	0.5382E+25
25.74	0.5327E+25
34.17	0.5279E+25
44.19	0.5239E+25
55.90	0.5207E+25
69.40	0.5183E+25
84.77	0.5168E+25
101.9	0.5162E+25
120.8	0.5166E+25
141.3	0.5179E+25
163.4	0.5202E+25
187.0	0.5235E+25
211.8	0.5279E+25
237.8	0.5332E+25
264.9	0.5395E+25
292.9	0.5468E+25
321.7	0.5550E+25
351.4	0.5643E+25
381.9	0.5744E+25
412.9	0.5854E+25
444.7	0.5973E+25
477.0	0.6102E+25
509.9	0.6239E+25
543.4	0.6385E+25
577.4	0.6540E+25
611.9	0.6703E+25
646.9	0.6875E+25
682.4	0.7058E+25
718.5	0.7247E+25
755.0	0.7443E+25
792.0	0.7648E+25
829.6	0.7861E+25
867.7	0.8080E+25
906.3	0.8307E+25
945.4	0.8542E+25
985.1	0.8784E+25
1025.	0.9033E+25
1066.	0.9290E+25
1108.	0.9554E+25
1150.	0.9825E+25
1192.	0.1010E+26
1235.	0.1039E+26
1279.	0.1068E+26
1324.	0.1098E+26
1369.	0.1129E+26
1415.	0.1160E+26
1462.	0.1192E+26
1510.	0.1225E+26
1558.	0.1259E+26
1607.	0.1293E+26
1657.	0.1328E+26
1708.	0.1364E+26
1760.	0.1401E+26
1812.	0.1439E+26
1866.	0.1477E+26
1920.	0.1517E+26
1976.	0.1557E+26
2032.	0.1599E+26
2090.	0.1641E+26
2148.	0.1685E+26
2207.	0.1729E+26
2268.	0.1775E+26
2329.	0.1822E+26
2392.	0.1871E+26
2456.	0.1921E+26
2521.	0.1972E+26
2586.	0.2025E+26
2654.	0.2079E+26
2722.	0.2135E+26
2792.	0.2193E+26
2862.	0.2251E+26
2934.	0.2313E+26
3007.	0.2375E+26
3082.	0.2440E+26
3157.	0.2507E+26
3234.	0.2576E+26
3312.	0.2648E+26
3392.	0.2722E+26
3472.	0.2798E+26
3555.	0.2877E+26
 
 
E/N (Td)	Total collision freq. /N (m3/s)
0.4600E-02	0.1199E-14
0.4755E-02	0.1181E-14
0.4922E-02	0.1165E-14
0.5104E-02	0.1150E-14
0.5301E-02	0.1136E-14
0.5517E-02	0.1124E-14
0.5751E-02	0.1115E-14
0.6011E-02	0.1108E-14
0.6296E-02	0.1103E-14
0.6610E-02	0.1102E-14
0.6959E-02	0.1104E-14
0.7344E-02	0.1110E-14
0.7776E-02	0.1120E-14
0.8252E-02	0.1135E-14
0.8780E-02	0.1155E-14
0.9368E-02	0.1181E-14
0.1002E-01	0.1211E-14
0.1073E-01	0.1247E-14
0.1152E-01	0.1290E-14
0.1238E-01	0.1338E-14
0.1331E-01	0.1391E-14
0.1434E-01	0.1452E-14
0.1544E-01	0.1517E-14
0.1664E-01	0.1589E-14
0.1793E-01	0.1667E-14
0.1932E-01	0.1750E-14
0.2081E-01	0.1840E-14
0.2241E-01	0.1936E-14
0.2412E-01	0.2038E-14
0.2596E-01	0.2146E-14
0.2791E-01	0.2261E-14
0.3000E-01	0.2382E-14
0.3222E-01	0.2510E-14
0.3458E-01	0.2645E-14
0.3709E-01	0.2787E-14
0.3975E-01	0.2936E-14
0.4256E-01	0.3092E-14
0.4554E-01	0.3255E-14
0.4869E-01	0.3425E-14
0.5201E-01	0.3603E-14
0.5552E-01	0.3788E-14
0.5921E-01	0.3981E-14
0.6310E-01	0.4182E-14
0.6720E-01	0.4391E-14
0.7151E-01	0.4608E-14
0.7605E-01	0.4833E-14
0.8082E-01	0.5067E-14
0.8587E-01	0.5312E-14
0.9117E-01	0.5564E-14
0.9676E-01	0.5828E-14
0.1027	0.6101E-14
0.1088	0.6384E-14
0.1154	0.6679E-14
0.1223	0.6984E-14
0.1295	0.7303E-14
0.1372	0.7632E-14
0.1452	0.7975E-14
0.1538	0.8332E-14
0.1628	0.8702E-14
0.1723	0.9088E-14
0.1823	0.9489E-14
0.1929	0.9906E-14
0.2041	0.1034E-13
0.2160	0.1079E-13
0.2285	0.1127E-13
0.2418	0.1176E-13
0.2559	0.1227E-13
0.2708	0.1280E-13
0.2865	0.1336E-13
0.3032	0.1394E-13
0.3209	0.1455E-13
0.3397	0.1519E-13
0.3596	0.1585E-13
0.3806	0.1654E-13
0.4029	0.1726E-13
0.4266	0.1801E-13
0.4517	0.1880E-13
0.4783	0.1962E-13
0.5065	0.2048E-13
0.5364	0.2138E-13
0.5683	0.2232E-13
0.6021	0.2330E-13
0.6382	0.2432E-13
0.6765	0.2540E-13
0.7175	0.2653E-13
0.7612	0.2771E-13
0.8080	0.2894E-13
0.8578	0.3024E-13
0.9115	0.3160E-13
0.9689	0.3303E-13
1.031	0.3453E-13
1.097	0.3611E-13
1.168	0.3776E-13
1.244	0.3950E-13
1.325	0.4134E-13
1.413	0.4326E-13
1.506	0.4528E-13
1.607	0.4741E-13
1.714	0.4964E-13
1.828	0.5199E-13
1.950	0.5445E-13
2.080	0.5704E-13
2.218	0.5975E-13
2.365	0.6259E-13
2.523	0.6560E-13
2.689	0.6872E-13
2.864	0.7198E-13
3.050	0.7538E-13
3.247	0.7892E-13
3.458	0.8261E-13
3.687	0.8645E-13
3.938	0.9042E-13
4.220	0.9454E-13
4.551	0.9882E-13
4.956	0.1032E-12
5.481	0.1078E-12
6.228	0.1125E-12
7.434	0.1174E-12
9.597	0.1223E-12
13.35	0.1272E-12
18.79	0.1319E-12
25.74	0.1367E-12
34.17	0.1413E-12
44.19	0.1459E-12
55.90	0.1505E-12
69.40	0.1549E-12
84.77	0.1593E-12
101.9	0.1636E-12
120.8	0.1677E-12
141.3	0.1718E-12
163.4	0.1757E-12
187.0	0.1795E-12
211.8	0.1831E-12
237.8	0.1867E-12
264.9	0.1901E-12
292.9	0.1935E-12
321.7	0.1967E-12
351.4	0.1998E-12
381.9	0.2029E-12
412.9	0.2058E-12
444.7	0.2087E-12
477.0	0.2115E-12
509.9	0.2142E-12
543.4	0.2168E-12
577.4	0.2193E-12
611.9	0.2218E-12
646.9	0.2242E-12
682.4	0.2265E-12
718.5	0.2288E-12
755.0	0.2309E-12
792.0	0.2331E-12
829.6	0.2351E-12
867.7	0.2371E-12
906.3	0.2390E-12
945.4	0.2409E-12
985.1	0.2428E-12
1025.	0.2445E-12
1066.	0.2463E-12
1108.	0.2480E-12
1150.	0.2496E-12
1192.	0.2512E-12
1235.	0.2528E-12
1279.	0.2543E-12
1324.	0.2557E-12
1369.	0.2572E-12
1415.	0.2586E-12
1462.	0.2600E-12
1510.	0.2613E-12
1558.	0.2626E-12
1607.	0.2639E-12
1657.	0.2652E-12
1708.	0.2664E-12
1760.	0.2676E-12
1812.	0.2687E-12
1866.	0.2699E-12
1920.	0.2710E-12
1976.	0.2721E-12
2032.	0.2732E-12
2090.	0.2742E-12
2148.	0.2752E-12
2207.	0.2762E-12
2268.	0.2772E-12
2329.	0.2782E-12
2392.	0.2791E-12
2456.	0.2800E-12
2521.	0.2809E-12
2586.	0.2818E-12
2654.	0.2827E-12
2722.	0.2835E-12
2792.	0.2844E-12
2862.	0.2852E-12
2934.	0.2860E-12
3007.	0.2868E-12
3082.	0.2875E-12
3157.	0.2883E-12
3234.	0.2890E-12
3312.	0.2897E-12
3392.	0.2904E-12
3472.	0.2911E-12
3555.	0.2918E-12
 
 
E/N (Td)	Momentum frequency /N (m3/s)
0.4600E-02	0.1107E-14
0.4755E-02	0.1125E-14
0.4922E-02	0.1145E-14
0.5104E-02	0.1168E-14
0.5301E-02	0.1193E-14
0.5517E-02	0.1222E-14
0.5751E-02	0.1254E-14
0.6011E-02	0.1291E-14
0.6296E-02	0.1332E-14
0.6610E-02	0.1377E-14
0.6959E-02	0.1429E-14
0.7344E-02	0.1486E-14
0.7776E-02	0.1551E-14
0.8252E-02	0.1622E-14
0.8780E-02	0.1701E-14
0.9368E-02	0.1788E-14
0.1002E-01	0.1884E-14
0.1073E-01	0.1988E-14
0.1152E-01	0.2102E-14
0.1238E-01	0.2224E-14
0.1331E-01	0.2355E-14
0.1434E-01	0.2497E-14
0.1544E-01	0.2646E-14
0.1664E-01	0.2805E-14
0.1793E-01	0.2973E-14
0.1932E-01	0.3151E-14
0.2081E-01	0.3337E-14
0.2241E-01	0.3534E-14
0.2412E-01	0.3740E-14
0.2596E-01	0.3956E-14
0.2791E-01	0.4182E-14
0.3000E-01	0.4418E-14
0.3222E-01	0.4664E-14
0.3458E-01	0.4920E-14
0.3709E-01	0.5187E-14
0.3975E-01	0.5464E-14
0.4256E-01	0.5751E-14
0.4554E-01	0.6048E-14
0.4869E-01	0.6355E-14
0.5201E-01	0.6672E-14
0.5552E-01	0.6999E-14
0.5921E-01	0.7336E-14
0.6310E-01	0.7685E-14
0.6720E-01	0.8044E-14
0.7151E-01	0.8415E-14
0.7605E-01	0.8799E-14
0.8082E-01	0.9194E-14
0.8587E-01	0.9605E-14
0.9117E-01	0.1003E-13
0.9676E-01	0.1047E-13
0.1027	0.1092E-13
0.1088	0.1140E-13
0.1154	0.1189E-13
0.1223	0.1239E-13
0.1295	0.1292E-13
0.1372	0.1347E-13
0.1452	0.1404E-13
0.1538	0.1463E-13
0.1628	0.1525E-13
0.1723	0.1590E-13
0.1823	0.1657E-13
0.1929	0.1727E-13
0.2041	0.1800E-13
0.2160	0.1877E-13
0.2285	0.1956E-13
0.2418	0.2040E-13
0.2559	0.2127E-13
0.2708	0.2218E-13
0.2865	0.2314E-13
0.3032	0.2413E-13
0.3209	0.2518E-13
0.3397	0.2627E-13
0.3596	0.2741E-13
0.3806	0.2860E-13
0.4029	0.2985E-13
0.4266	0.3116E-13
0.4517	0.3253E-13
0.4783	0.3396E-13
0.5065	0.3545E-13
0.5364	0.3702E-13
0.5683	0.3866E-13
0.6021	0.4037E-13
0.6382	0.4217E-13
0.6765	0.4404E-13
0.7175	0.4601E-13
0.7612	0.4806E-13
0.8080	0.5021E-13
0.8578	0.5245E-13
0.9115	0.5480E-13
0.9689	0.5725E-13
1.031	0.5982E-13
1.097	0.6251E-13
1.168	0.6530E-13
1.244	0.6823E-13
1.325	0.7131E-13
1.413	0.7451E-13
1.506	0.7786E-13
1.607	0.8137E-13
1.714	0.8505E-13
1.828	0.8890E-13
1.950	0.9293E-13
2.080	0.9716E-13
2.218	0.1016E-12
2.365	0.1062E-12
2.523	0.1111E-12
2.689	0.1161E-12
2.864	0.1214E-12
3.050	0.1268E-12
3.247	0.1324E-12
3.458	0.1382E-12
3.687	0.1441E-12
3.938	0.1500E-12
4.220	0.1559E-12
4.551	0.1615E-12
4.956	0.1668E-12
5.481	0.1712E-12
6.228	0.1745E-12
7.434	0.1764E-12
9.597	0.1775E-12
13.35	0.1800E-12
18.79	0.1849E-12
25.74	0.1912E-12
34.17	0.1979E-12
44.19	0.2045E-12
55.90	0.2106E-12
69.40	0.2163E-12
84.77	0.2215E-12
101.9	0.2265E-12
120.8	0.2312E-12
141.3	0.2357E-12
163.4	0.2400E-12
187.0	0.2442E-12
211.8	0.2483E-12
237.8	0.2522E-12
264.9	0.2560E-12
292.9	0.2596E-12
321.7	0.2631E-12
351.4	0.2665E-12
381.9	0.2697E-12
412.9	0.2727E-12
444.7	0.2756E-12
477.0	0.2784E-12
509.9	0.2810E-12
543.4	0.2835E-12
577.4	0.2860E-12
611.9	0.2883E-12
646.9	0.2905E-12
682.4	0.2926E-12
718.5	0.2946E-12
755.0	0.2966E-12
792.0	0.2986E-12
829.6	0.3005E-12
867.7	0.3023E-12
906.3	0.3041E-12
945.4	0.3059E-12
985.1	0.3077E-12
1025.	0.3095E-12
1066.	0.3112E-12
1108.	0.3129E-12
1150.	0.3146E-12
1192.	0.3163E-12
1235.	0.3179E-12
1279.	0.3196E-12
1324.	0.3213E-12
1369.	0.3230E-12
1415.	0.3248E-12
1462.	0.3264E-12
1510.	0.3282E-12
1558.	0.3299E-12
1607.	0.3317E-12
1657.	0.3334E-12
1708.	0.3352E-12
1760.	0.3370E-12
1812.	0.3387E-12
1866.	0.3406E-12
1920.	0.3424E-12
1976.	0.3443E-12
2032.	0.3461E-12
2090.	0.3480E-12
2148.	0.3499E-12
2207.	0.3518E-12
2268.	0.3538E-12
2329.	0.3557E-12
2392.	0.3577E-12
2456.	0.3596E-12
2521.	0.3616E-12
2586.	0.3635E-12
2654.	0.3656E-12
2722.	0.3675E-12
2792.	0.3696E-12
2862.	0.3716E-12
2934.	0.3737E-12
3007.	0.3757E-12
3082.	0.3778E-12
3157.	0.3798E-12
3234.	0.3817E-12
3312.	0.3839E-12
3392.	0.3859E-12
3472.	0.3878E-12
3555.	0.3899E-12
 
 
E/N (Td)	Total ionization freq. /N (m3/s)
0.4600E-02	0.000
0.4755E-02	0.000
0.4922E-02	0.000
0.5104E-02	0.000
0.5301E-02	0.000
0.5517E-02	0.000
0.5751E-02	0.000
0.6011E-02	0.000
0.6296E-02	0.000
0.6610E-02	0.000
0.6959E-02	0.000
0.7344E-02	0.000
0.7776E-02	0.000
0.8252E-02	0.000
0.8780E-02	0.000
0.9368E-02	0.000
0.1002E-01	0.000
0.1073E-01	0.000
0.1152E-01	0.000
0.1238E-01	0.000
0.1331E-01	0.000
0.1434E-01	0.000
0.1544E-01	0.000
0.1664E-01	0.000
0.1793E-01	0.000
0.1932E-01	0.000
0.2081E-01	0.000
0.2241E-01	0.000
0.2412E-01	0.000
0.2596E-01	0.000
0.2791E-01	0.000
0.3000E-01	0.000
0.3222E-01	0.000
0.3458E-01	0.000
0.3709E-01	0.000
0.3975E-01	0.000
0.4256E-01	0.000
0.4554E-01	0.000
0.4869E-01	0.000
0.5201E-01	0.000
0.5552E-01	0.000
0.5921E-01	0.000
0.6310E-01	0.000
0.6720E-01	0.000
0.7151E-01	0.000
0.7605E-01	0.000
0.8082E-01	0.000
0.8587E-01	0.000
0.9117E-01	0.000
0.9676E-01	0.000
0.1027	0.000
0.1088	0.000
0.1154	0.000
0.1223	0.000
0.1295	0.9250E-40
0.1372	0.000
0.1452	0.000
0.1538	0.000
0.1628	0.000
0.1723	0.000
0.1823	0.7021E-33
0.1929	0.1015E-30
0.2041	0.8629E-30
0.2160	0.5361E-29
0.2285	0.2950E-28
0.2418	0.1470E-27
0.2559	0.6663E-27
0.2708	0.2763E-26
0.2865	0.1047E-25
0.3032	0.3639E-25
0.3209	0.1164E-24
0.3397	0.3456E-24
0.3596	0.9480E-24
0.3806	0.2422E-23
0.4029	0.5783E-23
0.4266	0.1297E-22
0.4517	0.2743E-22
0.4783	0.5492E-22
0.5065	0.1045E-21
0.5364	0.1895E-21
0.5683	0.3298E-21
0.6021	0.5506E-21
0.6382	0.8874E-21
0.6765	0.1382E-20
0.7175	0.2090E-20
0.7612	0.3072E-20
0.8080	0.4400E-20
0.8578	0.6151E-20
0.9115	0.8430E-20
0.9689	0.1132E-19
1.031	0.1493E-19
1.097	0.1935E-19
1.168	0.2467E-19
1.244	0.3101E-19
1.325	0.3847E-19
1.413	0.4706E-19
1.506	0.5688E-19
1.607	0.6797E-19
1.714	0.8038E-19
1.828	0.9410E-19
1.950	0.1092E-18
2.080	0.1256E-18
2.218	0.1433E-18
2.365	0.1624E-18
2.523	0.1829E-18
2.689	0.2044E-18
2.864	0.2271E-18
3.050	0.2509E-18
3.247	0.2758E-18
3.458	0.3016E-18
3.687	0.3284E-18
3.938	0.3560E-18
4.220	0.3845E-18
4.551	0.4138E-18
4.956	0.4440E-18
5.481	0.4749E-18
6.228	0.5063E-18
7.434	0.5382E-18
9.597	0.5696E-18
13.35	0.6003E-18
18.79	0.6443E-18
25.74	0.8245E-18
34.17	0.1619E-17
44.19	0.4165E-17
55.90	0.1044E-16
69.40	0.2324E-16
84.77	0.4614E-16
101.9	0.8268E-16
120.8	0.1370E-15
141.3	0.2128E-15
163.4	0.3133E-15
187.0	0.4413E-15
211.8	0.5992E-15
237.8	0.7887E-15
264.9	0.1011E-14
292.9	0.1268E-14
321.7	0.1559E-14
351.4	0.1886E-14
381.9	0.2250E-14
412.9	0.2648E-14
444.7	0.3083E-14
477.0	0.3555E-14
509.9	0.4063E-14
543.4	0.4607E-14
577.4	0.5187E-14
611.9	0.5803E-14
646.9	0.6455E-14
682.4	0.7143E-14
718.5	0.7865E-14
755.0	0.8621E-14
792.0	0.9411E-14
829.6	0.1024E-13
867.7	0.1109E-13
906.3	0.1198E-13
945.4	0.1291E-13
985.1	0.1386E-13
1025.	0.1485E-13
1066.	0.1586E-13
1108.	0.1691E-13
1150.	0.1799E-13
1192.	0.1910E-13
1235.	0.2024E-13
1279.	0.2140E-13
1324.	0.2260E-13
1369.	0.2382E-13
1415.	0.2507E-13
1462.	0.2635E-13
1510.	0.2765E-13
1558.	0.2898E-13
1607.	0.3034E-13
1657.	0.3172E-13
1708.	0.3312E-13
1760.	0.3455E-13
1812.	0.3601E-13
1866.	0.3748E-13
1920.	0.3898E-13
1976.	0.4050E-13
2032.	0.4204E-13
2090.	0.4360E-13
2148.	0.4518E-13
2207.	0.4678E-13
2268.	0.4839E-13
2329.	0.5003E-13
2392.	0.5168E-13
2456.	0.5335E-13
2521.	0.5502E-13
2586.	0.5672E-13
2654.	0.5843E-13
2722.	0.6015E-13
2792.	0.6189E-13
2862.	0.6362E-13
2934.	0.6537E-13
3007.	0.6714E-13
3082.	0.6890E-13
3157.	0.7068E-13
3234.	0.7246E-13
3312.	0.7424E-13
3392.	0.7603E-13
3472.	0.7783E-13
3555.	0.7962E-13
 
 
E/N (Td)	Townsend ioniz. coef. alpha/N (m2)
0.4600E-02	0.000
0.4755E-02	0.000
0.4922E-02	0.000
0.5104E-02	0.000
0.5301E-02	0.000
0.5517E-02	0.000
0.5751E-02	0.000
0.6011E-02	0.000
0.6296E-02	0.000
0.6610E-02	0.000
0.6959E-02	0.000
0.7344E-02	0.000
0.7776E-02	0.000
0.8252E-02	0.000
0.8780E-02	0.000
0.9368E-02	0.000
0.1002E-01	0.000
0.1073E-01	0.000
0.1152E-01	0.000
0.1238E-01	0.000
0.1331E-01	0.000
0.1434E-01	0.000
0.1544E-01	0.000
0.1664E-01	0.000
0.1793E-01	0.000
0.1932E-01	0.000
0.2081E-01	0.000
0.2241E-01	0.000
0.2412E-01	0.000
0.2596E-01	0.000
0.2791E-01	0.000
0.3000E-01	0.000
0.3222E-01	0.000
0.3458E-01	0.000
0.3709E-01	0.000
0.3975E-01	0.000
0.4256E-01	0.000
0.4554E-01	0.000
0.4869E-01	0.000
0.5201E-01	0.000
0.5552E-01	0.000
0.5921E-01	0.000
0.6310E-01	0.000
0.6720E-01	0.000
0.7151E-01	0.000
0.7605E-01	0.000
0.8082E-01	0.000
0.8587E-01	0.000
0.9117E-01	0.000
0.9676E-01	0.000
0.1027	0.000
0.1088	0.000
0.1154	0.000
0.1223	0.000
0.1295	0.5247E-43
0.1372	0.000
0.1452	0.000
0.1538	0.000
0.1628	0.000
0.1723	0.000
0.1823	0.3628E-36
0.1929	0.5164E-34
0.2041	0.4327E-33
0.2160	0.2648E-32
0.2285	0.1436E-31
0.2418	0.7049E-31
0.2559	0.3149E-30
0.2708	0.1287E-29
0.2865	0.4805E-29
0.3032	0.1646E-28
0.3209	0.5194E-28
0.3397	0.1519E-27
0.3596	0.4109E-27
0.3806	0.1035E-26
0.4029	0.2436E-26
0.4266	0.5384E-26
0.4517	0.1123E-25
0.4783	0.2217E-25
0.5065	0.4158E-25
0.5364	0.7435E-25
0.5683	0.1275E-24
0.6021	0.2099E-24
0.6382	0.3334E-24
0.6765	0.5116E-24
0.7175	0.7619E-24
0.7612	0.1103E-23
0.8080	0.1555E-23
0.8578	0.2138E-23
0.9115	0.2882E-23
0.9689	0.3802E-23
1.031	0.4926E-23
1.097	0.6269E-23
1.168	0.7845E-23
1.244	0.9673E-23
1.325	0.1177E-22
1.413	0.1411E-22
1.506	0.1672E-22
1.607	0.1958E-22
1.714	0.2268E-22
1.828	0.2602E-22
1.950	0.2958E-22
2.080	0.3336E-22
2.218	0.3731E-22
2.365	0.4145E-22
2.523	0.4577E-22
2.689	0.5019E-22
2.864	0.5472E-22
3.050	0.5932E-22
3.247	0.6394E-22
3.458	0.6853E-22
3.687	0.7297E-22
3.938	0.7711E-22
4.220	0.8073E-22
4.551	0.8351E-22
4.956	0.8495E-22
5.481	0.8434E-22
6.228	0.8066E-22
7.434	0.7262E-22
9.597	0.5991E-22
13.35	0.4601E-22
18.79	0.3606E-22
25.74	0.3482E-22
34.17	0.5330E-22
44.19	0.1095E-21
55.90	0.2235E-21
69.40	0.4118E-21
84.77	0.6856E-21
101.9	0.1045E-20
120.8	0.1492E-20
141.3	0.2018E-20
163.4	0.2616E-20
187.0	0.3277E-20
211.8	0.3993E-20
237.8	0.4755E-20
264.9	0.5556E-20
292.9	0.6390E-20
321.7	0.7248E-20
351.4	0.8131E-20
381.9	0.9033E-20
412.9	0.9943E-20
444.7	0.1087E-19
477.0	0.1180E-19
509.9	0.1273E-19
543.4	0.1367E-19
577.4	0.1461E-19
611.9	0.1554E-19
646.9	0.1648E-19
682.4	0.1741E-19
718.5	0.1834E-19
755.0	0.1926E-19
792.0	0.2017E-19
829.6	0.2108E-19
867.7	0.2198E-19
906.3	0.2286E-19
945.4	0.2374E-19
985.1	0.2462E-19
1025.	0.2548E-19
1066.	0.2633E-19
1108.	0.2716E-19
1150.	0.2799E-19
1192.	0.2881E-19
1235.	0.2961E-19
1279.	0.3040E-19
1324.	0.3118E-19
1369.	0.3195E-19
1415.	0.3270E-19
1462.	0.3344E-19
1510.	0.3417E-19
1558.	0.3489E-19
1607.	0.3559E-19
1657.	0.3628E-19
1708.	0.3696E-19
1760.	0.3762E-19
1812.	0.3826E-19
1866.	0.3890E-19
1920.	0.3952E-19
1976.	0.4012E-19
2032.	0.4071E-19
2090.	0.4129E-19
2148.	0.4185E-19
2207.	0.4239E-19
2268.	0.4292E-19
2329.	0.4343E-19
2392.	0.4393E-19
2456.	0.4441E-19
2521.	0.4488E-19
2586.	0.4533E-19
2654.	0.4577E-19
2722.	0.4618E-19
2792.	0.4658E-19
2862.	0.4696E-19
2934.	0.4734E-19
3007.	0.4768E-19
3082.	0.4802E-19
3157.	0.4833E-19
3234.	0.4863E-19
3312.	0.4892E-19
3392.	0.4918E-19
3472.	0.4942E-19
3555.	0.4966E-19
 
 
E/N (Td)	Power /N (eV m3/s)
0.4600E-02	0.3363E-20
0.4755E-02	0.3535E-20
0.4922E-02	0.3722E-20
0.5104E-02	0.3924E-20
0.5301E-02	0.4142E-20
0.5517E-02	0.4380E-20
0.5751E-02	0.4638E-20
0.6011E-02	0.4923E-20
0.6296E-02	0.5235E-20
0.6610E-02	0.5579E-20
0.6959E-02	0.5961E-20
0.7344E-02	0.6384E-20
0.7776E-02	0.6857E-20
0.8252E-02	0.7384E-20
0.8780E-02	0.7972E-20
0.9368E-02	0.8632E-20
0.1002E-01	0.9366E-20
0.1073E-01	0.1018E-19
0.1152E-01	0.1110E-19
0.1238E-01	0.1211E-19
0.1331E-01	0.1323E-19
0.1434E-01	0.1448E-19
0.1544E-01	0.1585E-19
0.1664E-01	0.1736E-19
0.1793E-01	0.1902E-19
0.1932E-01	0.2084E-19
0.2081E-01	0.2283E-19
0.2241E-01	0.2500E-19
0.2412E-01	0.2737E-19
0.2596E-01	0.2996E-19
0.2791E-01	0.3277E-19
0.3000E-01	0.3583E-19
0.3222E-01	0.3914E-19
0.3458E-01	0.4274E-19
0.3709E-01	0.4664E-19
0.3975E-01	0.5085E-19
0.4256E-01	0.5541E-19
0.4554E-01	0.6032E-19
0.4869E-01	0.6562E-19
0.5201E-01	0.7133E-19
0.5552E-01	0.7746E-19
0.5921E-01	0.8406E-19
0.6310E-01	0.9114E-19
0.6720E-01	0.9873E-19
0.7151E-01	0.1069E-18
0.7605E-01	0.1156E-18
0.8082E-01	0.1249E-18
0.8587E-01	0.1350E-18
0.9117E-01	0.1458E-18
0.9676E-01	0.1573E-18
0.1027	0.1696E-18
0.1088	0.1828E-18
0.1154	0.1970E-18
0.1223	0.2121E-18
0.1295	0.2284E-18
0.1372	0.2457E-18
0.1452	0.2643E-18
0.1538	0.2842E-18
0.1628	0.3055E-18
0.1723	0.3283E-18
0.1823	0.3528E-18
0.1929	0.3790E-18
0.2041	0.4071E-18
0.2160	0.4373E-18
0.2285	0.4696E-18
0.2418	0.5042E-18
0.2559	0.5414E-18
0.2708	0.5813E-18
0.2865	0.6242E-18
0.3032	0.6702E-18
0.3209	0.7195E-18
0.3397	0.7727E-18
0.3596	0.8297E-18
0.3806	0.8908E-18
0.4029	0.9565E-18
0.4266	0.1027E-17
0.4517	0.1103E-17
0.4783	0.1185E-17
0.5065	0.1273E-17
0.5364	0.1367E-17
0.5683	0.1469E-17
0.6021	0.1580E-17
0.6382	0.1699E-17
0.6765	0.1828E-17
0.7175	0.1968E-17
0.7612	0.2121E-17
0.8080	0.2287E-17
0.8578	0.2468E-17
0.9115	0.2667E-17
0.9689	0.2884E-17
1.031	0.3123E-17
1.097	0.3384E-17
1.168	0.3671E-17
1.244	0.3986E-17
1.325	0.4333E-17
1.413	0.4712E-17
1.506	0.5126E-17
1.607	0.5579E-17
1.714	0.6073E-17
1.828	0.6611E-17
1.950	0.7196E-17
2.080	0.7833E-17
2.218	0.8522E-17
2.365	0.9267E-17
2.523	0.1008E-16
2.689	0.1095E-16
2.864	0.1189E-16
3.050	0.1290E-16
3.247	0.1401E-16
3.458	0.1522E-16
3.687	0.1659E-16
3.938	0.1818E-16
4.220	0.2010E-16
4.551	0.2255E-16
4.956	0.2590E-16
5.481	0.3086E-16
6.228	0.3910E-16
7.434	0.5509E-16
9.597	0.9125E-16
13.35	0.1742E-15
18.79	0.3357E-15
25.74	0.6094E-15
34.17	0.1038E-14
44.19	0.1680E-14
55.90	0.2610E-14
69.40	0.3917E-14
84.77	0.5705E-14
101.9	0.8057E-14
120.8	0.1109E-13
141.3	0.1491E-13
163.4	0.1958E-13
187.0	0.2518E-13
211.8	0.3178E-13
237.8	0.3944E-13
264.9	0.4820E-13
292.9	0.5812E-13
321.7	0.6918E-13
351.4	0.8152E-13
381.9	0.9514E-13
412.9	0.1100E-12
444.7	0.1262E-12
477.0	0.1437E-12
509.9	0.1627E-12
543.4	0.1832E-12
577.4	0.2050E-12
611.9	0.2285E-12
646.9	0.2534E-12
682.4	0.2800E-12
718.5	0.3082E-12
755.0	0.3380E-12
792.0	0.3696E-12
829.6	0.4029E-12
867.7	0.4380E-12
906.3	0.4750E-12
945.4	0.5138E-12
985.1	0.5547E-12
1025.	0.5975E-12
1066.	0.6425E-12
1108.	0.6896E-12
1150.	0.7388E-12
1192.	0.7904E-12
1235.	0.8443E-12
1279.	0.9007E-12
1324.	0.9595E-12
1369.	0.1021E-11
1415.	0.1085E-11
1462.	0.1152E-11
1510.	0.1222E-11
1558.	0.1294E-11
1607.	0.1370E-11
1657.	0.1449E-11
1708.	0.1531E-11
1760.	0.1616E-11
1812.	0.1705E-11
1866.	0.1798E-11
1920.	0.1894E-11
1976.	0.1994E-11
2032.	0.2098E-11
2090.	0.2207E-11
2148.	0.2319E-11
2207.	0.2436E-11
2268.	0.2557E-11
2329.	0.2683E-11
2392.	0.2814E-11
2456.	0.2950E-11
2521.	0.3090E-11
2586.	0.3237E-11
2654.	0.3388E-11
2722.	0.3545E-11
2792.	0.3709E-11
2862.	0.3877E-11
2934.	0.4052E-11
3007.	0.4234E-11
3082.	0.4422E-11
3157.	0.4617E-11
3234.	0.4819E-11
3312.	0.5028E-11
3392.	0.5244E-11
3472.	0.5468E-11
3555.	0.5699E-11
 
 
E/N (Td)	Elastic power loss /N (eV m3/s)
0.4600E-02	0.3363E-20
0.4755E-02	0.3536E-20
0.4922E-02	0.3722E-20
0.5104E-02	0.3924E-20
0.5301E-02	0.4142E-20
0.5517E-02	0.4380E-20
0.5751E-02	0.4638E-20
0.6011E-02	0.4923E-20
0.6296E-02	0.5235E-20
0.6610E-02	0.5579E-20
0.6959E-02	0.5962E-20
0.7344E-02	0.6385E-20
0.7776E-02	0.6858E-20
0.8252E-02	0.7385E-20
0.8780E-02	0.7973E-20
0.9368E-02	0.8633E-20
0.1002E-01	0.9367E-20
0.1073E-01	0.1019E-19
0.1152E-01	0.1110E-19
0.1238E-01	0.1211E-19
0.1331E-01	0.1324E-19
0.1434E-01	0.1448E-19
0.1544E-01	0.1585E-19
0.1664E-01	0.1736E-19
0.1793E-01	0.1902E-19
0.1932E-01	0.2084E-19
0.2081E-01	0.2283E-19
0.2241E-01	0.2501E-19
0.2412E-01	0.2738E-19
0.2596E-01	0.2996E-19
0.2791E-01	0.3277E-19
0.3000E-01	0.3583E-19
0.3222E-01	0.3915E-19
0.3458E-01	0.4275E-19
0.3709E-01	0.4664E-19
0.3975E-01	0.5086E-19
0.4256E-01	0.5542E-19
0.4554E-01	0.6033E-19
0.4869E-01	0.6563E-19
0.5201E-01	0.7134E-19
0.5552E-01	0.7747E-19
0.5921E-01	0.8407E-19
0.6310E-01	0.9115E-19
0.6720E-01	0.9875E-19
0.7151E-01	0.1069E-18
0.7605E-01	0.1156E-18
0.8082E-01	0.1250E-18
0.8587E-01	0.1350E-18
0.9117E-01	0.1458E-18
0.9676E-01	0.1573E-18
0.1027	0.1697E-18
0.1088	0.1829E-18
0.1154	0.1970E-18
0.1223	0.2122E-18
0.1295	0.2284E-18
0.1372	0.2457E-18
0.1452	0.2643E-18
0.1538	0.2842E-18
0.1628	0.3055E-18
0.1723	0.3283E-18
0.1823	0.3528E-18
0.1929	0.3790E-18
0.2041	0.4071E-18
0.2160	0.4373E-18
0.2285	0.4696E-18
0.2418	0.5043E-18
0.2559	0.5414E-18
0.2708	0.5814E-18
0.2865	0.6242E-18
0.3032	0.6702E-18
0.3209	0.7196E-18
0.3397	0.7728E-18
0.3596	0.8297E-18
0.3806	0.8909E-18
0.4029	0.9566E-18
0.4266	0.1027E-17
0.4517	0.1103E-17
0.4783	0.1185E-17
0.5065	0.1272E-17
0.5364	0.1366E-17
0.5683	0.1468E-17
0.6021	0.1576E-17
0.6382	0.1694E-17
0.6765	0.1819E-17
0.7175	0.1955E-17
0.7612	0.2102E-17
0.8080	0.2259E-17
0.8578	0.2429E-17
0.9115	0.2612E-17
0.9689	0.2810E-17
1.031	0.3024E-17
1.097	0.3255E-17
1.168	0.3505E-17
1.244	0.3775E-17
1.325	0.4068E-17
1.413	0.4383E-17
1.506	0.4725E-17
1.607	0.5094E-17
1.714	0.5492E-17
1.828	0.5923E-17
1.950	0.6389E-17
2.080	0.6892E-17
2.218	0.7435E-17
2.365	0.8020E-17
2.523	0.8657E-17
2.689	0.9338E-17
2.864	0.1007E-16
3.050	0.1086E-16
3.247	0.1170E-16
3.458	0.1260E-16
3.687	0.1357E-16
3.938	0.1460E-16
4.220	0.1569E-16
4.551	0.1687E-16
4.956	0.1812E-16
5.481	0.1946E-16
6.228	0.2091E-16
7.434	0.2247E-16
9.597	0.2415E-16
13.35	0.2589E-16
18.79	0.2764E-16
25.74	0.2940E-16
34.17	0.3120E-16
44.19	0.3305E-16
55.90	0.3495E-16
69.40	0.3689E-16
84.77	0.3889E-16
101.9	0.4091E-16
120.8	0.4298E-16
141.3	0.4508E-16
163.4	0.4722E-16
187.0	0.4938E-16
211.8	0.5158E-16
237.8	0.5381E-16
264.9	0.5607E-16
292.9	0.5837E-16
321.7	0.6071E-16
351.4	0.6309E-16
381.9	0.6553E-16
412.9	0.6799E-16
444.7	0.7051E-16
477.0	0.7308E-16
509.9	0.7571E-16
543.4	0.7839E-16
577.4	0.8112E-16
611.9	0.8392E-16
646.9	0.8678E-16
682.4	0.8970E-16
718.5	0.9269E-16
755.0	0.9575E-16
792.0	0.9888E-16
829.6	0.1021E-15
867.7	0.1054E-15
906.3	0.1087E-15
945.4	0.1122E-15
985.1	0.1157E-15
1025.	0.1194E-15
1066.	0.1231E-15
1108.	0.1269E-15
1150.	0.1308E-15
1192.	0.1349E-15
1235.	0.1390E-15
1279.	0.1433E-15
1324.	0.1476E-15
1369.	0.1521E-15
1415.	0.1567E-15
1462.	0.1615E-15
1510.	0.1663E-15
1558.	0.1713E-15
1607.	0.1765E-15
1657.	0.1818E-15
1708.	0.1872E-15
1760.	0.1928E-15
1812.	0.1986E-15
1866.	0.2045E-15
1920.	0.2106E-15
1976.	0.2169E-15
2032.	0.2234E-15
2090.	0.2300E-15
2148.	0.2368E-15
2207.	0.2439E-15
2268.	0.2511E-15
2329.	0.2585E-15
2392.	0.2662E-15
2456.	0.2740E-15
2521.	0.2821E-15
2586.	0.2904E-15
2654.	0.2990E-15
2722.	0.3078E-15
2792.	0.3169E-15
2862.	0.3261E-15
2934.	0.3357E-15
3007.	0.3455E-15
3082.	0.3556E-15
3157.	0.3659E-15
3234.	0.3766E-15
3312.	0.3875E-15
3392.	0.3988E-15
3472.	0.4103E-15
3555.	0.4222E-15
 
 
E/N (Td)	Inelastic power loss /N (eV m3/s)
0.4600E-02	-0.1454-207
0.4755E-02	-0.1482-207
0.4922E-02	-0.1510-207
0.5104E-02	-0.1540-207
0.5301E-02	-0.1569-207
0.5517E-02	-0.1599-207
0.5751E-02	-0.1629-207
0.6011E-02	-0.1660-207
0.6296E-02	-0.1691-207
0.6610E-02	-0.1722-207
0.6959E-02	-0.1753-207
0.7344E-02	-0.1785-207
0.7776E-02	-0.1816-207
0.8252E-02	-0.1848-207
0.8780E-02	-0.1880-207
0.9368E-02	-0.1911-207
0.1002E-01	-0.1943-207
0.1073E-01	-0.1975-207
0.1152E-01	-0.2007-207
0.1238E-01	-0.2039-207
0.1331E-01	-0.2071-207
0.1434E-01	-0.2104-207
0.1544E-01	-0.2137-207
0.1664E-01	-0.2170-207
0.1793E-01	-0.2203-207
0.1932E-01	-0.2237-207
0.2081E-01	-0.2271-207
0.2241E-01	-0.2306-207
0.2412E-01	-0.2341-207
0.2596E-01	-0.2376-207
0.2791E-01	-0.2413-207
0.3000E-01	-0.2449-207
0.3222E-01	-0.2486-207
0.3458E-01	-0.2524-207
0.3709E-01	-0.2563-207
0.3975E-01	-0.2602-207
0.4256E-01	-0.2642-207
0.4554E-01	-0.2682-207
0.4869E-01	-0.2724-207
0.5201E-01	-0.2766-207
0.5552E-01	-0.2809-207
0.5921E-01	-0.2852-207
0.6310E-01	-0.2897-207
0.6720E-01	-0.2943-207
0.7151E-01	-0.2990-207
0.7605E-01	-0.3039-207
0.8082E-01	-0.3089-207
0.8587E-01	-0.3140-207
0.9117E-01	-0.3193-207
0.9676E-01	-0.3247-207
0.1027	-0.3302-207
0.1088	-0.3359-207
0.1154	-0.3417-207
0.1223	-0.3476-207
0.1295	0.3885E-39
0.1372	-0.3597-207
0.1452	-0.3659-207
0.1538	-0.3721-207
0.1628	-0.3785-207
0.1723	-0.3849-207
0.1823	0.2949E-32
0.1929	0.4262E-30
0.2041	0.3624E-29
0.2160	0.2252E-28
0.2285	0.1239E-27
0.2418	0.6173E-27
0.2559	0.2798E-26
0.2708	0.1161E-25
0.2865	0.4397E-25
0.3032	0.1528E-24
0.3209	0.4891E-24
0.3397	0.1451E-23
0.3596	0.3982E-23
0.3806	0.1017E-22
0.4029	0.2429E-22
0.4266	0.5445E-22
0.4517	0.1152E-21
0.4783	0.2307E-21
0.5065	0.4389E-21
0.5364	0.7958E-21
0.5683	0.1385E-20
0.6021	0.2313E-20
0.6382	0.3727E-20
0.6765	0.5805E-20
0.7175	0.8778E-20
0.7612	0.1290E-19
0.8080	0.1848E-19
0.8578	0.2584E-19
0.9115	0.3541E-19
0.9689	0.4753E-19
1.031	0.6269E-19
1.097	0.8125E-19
1.168	0.1036E-18
1.244	0.1302E-18
1.325	0.1616E-18
1.413	0.1976E-18
1.506	0.2389E-18
1.607	0.2855E-18
1.714	0.3376E-18
1.828	0.3952E-18
1.950	0.4585E-18
2.080	0.5276E-18
2.218	0.6020E-18
2.365	0.6820E-18
2.523	0.7684E-18
2.689	0.8599E-18
2.864	0.9590E-18
3.050	0.1070E-17
3.247	0.1203E-17
3.458	0.1379E-17
3.687	0.1635E-17
3.938	0.2034E-17
4.220	0.2685E-17
4.551	0.3782E-17
4.956	0.5679E-17
5.481	0.9089E-17
6.228	0.1566E-16
7.434	0.2986E-16
9.597	0.6409E-16
13.35	0.1450E-15
18.79	0.3045E-15
25.74	0.5753E-15
34.17	0.9970E-15
44.19	0.1622E-14
55.90	0.2510E-14
69.40	0.3731E-14
84.77	0.5361E-14
101.9	0.7455E-14
120.8	0.1010E-13
141.3	0.1333E-13
163.4	0.1722E-13
187.0	0.2179E-13
211.8	0.2706E-13
237.8	0.3307E-13
264.9	0.3982E-13
292.9	0.4732E-13
321.7	0.5555E-13
351.4	0.6457E-13
381.9	0.7437E-13
412.9	0.8485E-13
444.7	0.9612E-13
477.0	0.1081E-12
509.9	0.1209E-12
543.4	0.1344E-12
577.4	0.1486E-12
611.9	0.1635E-12
646.9	0.1792E-12
682.4	0.1955E-12
718.5	0.2125E-12
755.0	0.2303E-12
792.0	0.2486E-12
829.6	0.2677E-12
867.7	0.2873E-12
906.3	0.3077E-12
945.4	0.3286E-12
985.1	0.3501E-12
1025.	0.3723E-12
1066.	0.3950E-12
1108.	0.4183E-12
1150.	0.4422E-12
1192.	0.4667E-12
1235.	0.4917E-12
1279.	0.5172E-12
1324.	0.5432E-12
1369.	0.5698E-12
1415.	0.5969E-12
1462.	0.6244E-12
1510.	0.6525E-12
1558.	0.6810E-12
1607.	0.7099E-12
1657.	0.7394E-12
1708.	0.7692E-12
1760.	0.7994E-12
1812.	0.8301E-12
1866.	0.8612E-12
1920.	0.8926E-12
1976.	0.9244E-12
2032.	0.9565E-12
2090.	0.9890E-12
2148.	0.1022E-11
2207.	0.1055E-11
2268.	0.1088E-11
2329.	0.1122E-11
2392.	0.1156E-11
2456.	0.1190E-11
2521.	0.1224E-11
2586.	0.1259E-11
2654.	0.1294E-11
2722.	0.1329E-11
2792.	0.1364E-11
2862.	0.1399E-11
2934.	0.1434E-11
3007.	0.1470E-11
3082.	0.1505E-11
3157.	0.1541E-11
3234.	0.1576E-11
3312.	0.1612E-11
3392.	0.1647E-11
3472.	0.1683E-11
3555.	0.1718E-11
 
 
E/N (Td)	Growth power /N (eV m3/s)
0.4600E-02	0.000
0.4755E-02	0.000
0.4922E-02	0.000
0.5104E-02	0.000
0.5301E-02	0.000
0.5517E-02	0.000
0.5751E-02	0.000
0.6011E-02	0.000
0.6296E-02	0.000
0.6610E-02	0.000
0.6959E-02	0.000
0.7344E-02	0.000
0.7776E-02	0.000
0.8252E-02	0.000
0.8780E-02	0.000
0.9368E-02	0.000
0.1002E-01	0.000
0.1073E-01	0.000
0.1152E-01	0.000
0.1238E-01	0.000
0.1331E-01	0.000
0.1434E-01	0.000
0.1544E-01	0.000
0.1664E-01	0.000
0.1793E-01	0.000
0.1932E-01	0.000
0.2081E-01	0.000
0.2241E-01	0.000
0.2412E-01	0.000
0.2596E-01	0.000
0.2791E-01	0.000
0.3000E-01	0.000
0.3222E-01	0.000
0.3458E-01	0.000
0.3709E-01	0.000
0.3975E-01	0.000
0.4256E-01	0.000
0.4554E-01	0.000
0.4869E-01	0.000
0.5201E-01	0.000
0.5552E-01	0.000
0.5921E-01	0.000
0.6310E-01	0.000
0.6720E-01	0.000
0.7151E-01	0.000
0.7605E-01	0.000
0.8082E-01	0.000
0.8587E-01	0.000
0.9117E-01	0.000
0.9676E-01	0.000
0.1027	0.000
0.1088	0.000
0.1154	0.000
0.1223	0.000
0.1295	0.8276E-40
0.1372	0.000
0.1452	0.000
0.1538	0.000
0.1628	0.000
0.1723	0.000
0.1823	0.7420E-33
0.1929	0.1102E-30
0.2041	0.9639E-30
0.2160	0.6157E-29
0.2285	0.3483E-28
0.2418	0.1784E-27
0.2559	0.8316E-27
0.2708	0.3546E-26
0.2865	0.1381E-25
0.3032	0.4936E-25
0.3209	0.1624E-24
0.3397	0.4955E-24
0.3596	0.1398E-23
0.3806	0.3670E-23
0.4029	0.9012E-23
0.4266	0.2077E-22
0.4517	0.4519E-22
0.4783	0.9301E-22
0.5065	0.1819E-21
0.5364	0.3392E-21
0.5683	0.6070E-21
0.6021	0.1042E-20
0.6382	0.1727E-20
0.6765	0.2765E-20
0.7175	0.4299E-20
0.7612	0.6495E-20
0.8080	0.9566E-20
0.8578	0.1375E-19
0.9115	0.1937E-19
0.9689	0.2674E-19
1.031	0.3625E-19
1.097	0.4832E-19
1.168	0.6334E-19
1.244	0.8186E-19
1.325	0.1044E-18
1.413	0.1313E-18
1.506	0.1632E-18
1.607	0.2005E-18
1.714	0.2438E-18
1.828	0.2934E-18
1.950	0.3500E-18
2.080	0.4140E-18
2.218	0.4857E-18
2.365	0.5657E-18
2.523	0.6552E-18
2.689	0.7530E-18
2.864	0.8601E-18
3.050	0.9770E-18
3.247	0.1104E-17
3.458	0.1241E-17
3.687	0.1389E-17
3.938	0.1549E-17
4.220	0.1720E-17
4.551	0.1903E-17
4.956	0.2099E-17
5.481	0.2308E-17
6.228	0.2531E-17
7.434	0.2766E-17
9.597	0.3010E-17
13.35	0.3261E-17
18.79	0.3598E-17
25.74	0.4734E-17
34.17	0.9555E-17
44.19	0.2528E-16
55.90	0.6513E-16
69.40	0.1491E-15
84.77	0.3044E-15
101.9	0.5607E-15
120.8	0.9555E-15
141.3	0.1526E-14
163.4	0.2309E-14
187.0	0.3344E-14
211.8	0.4668E-14
237.8	0.6318E-14
264.9	0.8328E-14
292.9	0.1074E-13
321.7	0.1357E-13
351.4	0.1688E-13
381.9	0.2071E-13
412.9	0.2506E-13
444.7	0.3000E-13
477.0	0.3556E-13
509.9	0.4178E-13
543.4	0.4871E-13
577.4	0.5639E-13
611.9	0.6486E-13
646.9	0.7418E-13
682.4	0.8439E-13
718.5	0.9553E-13
755.0	0.1077E-12
792.0	0.1208E-12
829.6	0.1351E-12
867.7	0.1506E-12
906.3	0.1672E-12
945.4	0.1852E-12
985.1	0.2045E-12
1025.	0.2252E-12
1066.	0.2474E-12
1108.	0.2711E-12
1150.	0.2966E-12
1192.	0.3237E-12
1235.	0.3526E-12
1279.	0.3834E-12
1324.	0.4162E-12
1369.	0.4511E-12
1415.	0.4881E-12
1462.	0.5274E-12
1510.	0.5691E-12
1558.	0.6133E-12
1607.	0.6600E-12
1657.	0.7095E-12
1708.	0.7618E-12
1760.	0.8170E-12
1812.	0.8753E-12
1866.	0.9368E-12
1920.	0.1002E-11
1976.	0.1070E-11
2032.	0.1142E-11
2090.	0.1218E-11
2148.	0.1297E-11
2207.	0.1381E-11
2268.	0.1469E-11
2329.	0.1561E-11
2392.	0.1658E-11
2456.	0.1760E-11
2521.	0.1866E-11
2586.	0.1978E-11
2654.	0.2095E-11
2722.	0.2217E-11
2792.	0.2346E-11
2862.	0.2479E-11
2934.	0.2619E-11
3007.	0.2765E-11
3082.	0.2918E-11
3157.	0.3077E-11
3234.	0.3244E-11
3312.	0.3417E-11
3392.	0.3598E-11
3472.	0.3787E-11
3555.	0.3983E-11
 
 
E/N (Td)	Maximum energy
0.4600E-02	1.131
0.4755E-02	1.099
0.4922E-02	1.287
0.5104E-02	1.277
0.5301E-02	1.276
0.5517E-02	1.317
0.5751E-02	1.335
0.6011E-02	1.367
0.6296E-02	1.192
0.6610E-02	1.268
0.6959E-02	1.371
0.7344E-02	1.419
0.7776E-02	1.476
0.8252E-02	1.544
0.8780E-02	1.437
0.9368E-02	1.363
0.1002E-01	1.391
0.1073E-01	1.440
0.1152E-01	1.497
0.1238E-01	1.565
0.1331E-01	1.673
0.1434E-01	1.767
0.1544E-01	1.825
0.1664E-01	1.839
0.1793E-01	1.855
0.1932E-01	1.873
0.2081E-01	1.924
0.2241E-01	1.947
0.2412E-01	1.973
0.2596E-01	2.001
0.2791E-01	2.032
0.3000E-01	2.066
0.3222E-01	2.102
0.3458E-01	2.141
0.3709E-01	2.183
0.3975E-01	2.228
0.4256E-01	2.275
0.4554E-01	2.325
0.4869E-01	2.377
0.5201E-01	2.432
0.5552E-01	2.489
0.5921E-01	2.549
0.6310E-01	2.611
0.6720E-01	2.674
0.7151E-01	2.740
0.7605E-01	2.809
0.8082E-01	3.429
0.8587E-01	3.516
0.9117E-01	3.605
0.9676E-01	3.697
0.1027	3.792
0.1088	3.890
0.1154	3.991
0.1223	4.095
0.1295	4.204
0.1372	3.674
0.1452	3.773
0.1538	3.876
0.1628	3.983
0.1723	4.096
0.1823	4.216
0.1929	4.342
0.2041	4.476
0.2160	4.575
0.2285	4.666
0.2418	4.761
0.2559	4.859
0.2708	4.962
0.2865	5.069
0.3032	5.180
0.3209	5.296
0.3397	5.415
0.3596	5.539
0.3806	5.668
0.4029	5.800
0.4266	5.938
0.4517	6.081
0.4783	6.228
0.5065	6.381
0.5364	7.788
0.5683	6.704
0.6021	6.875
0.6382	7.052
0.6765	7.237
0.7175	7.431
0.7612	7.689
0.8080	7.873
0.8578	8.065
0.9115	8.269
0.9689	8.484
1.031	8.713
1.097	8.956
1.168	9.216
1.244	9.493
1.325	9.791
1.413	10.11
1.506	10.44
1.607	12.81
1.714	11.28
1.828	11.68
1.950	12.02
2.080	12.32
2.218	12.60
2.365	12.86
2.523	13.12
2.689	13.33
2.864	13.53
3.050	13.73
3.247	14.03
3.458	14.25
3.687	14.43
3.938	14.64
4.220	14.82
4.551	15.10
4.956	15.28
5.481	15.70
6.228	16.08
7.434	16.73
9.597	17.75
13.35	19.10
18.79	20.86
25.74	23.11
34.17	25.38
44.19	27.95
55.90	30.68
69.40	34.42
84.77	37.77
101.9	41.26
120.8	46.15
141.3	51.02
163.4	55.80
187.0	61.38
211.8	67.83
237.8	75.19
264.9	80.29
292.9	89.15
321.7	95.12
351.4	105.8
381.9	112.9
412.9	120.1
444.7	133.5
477.0	141.4
509.9	149.7
543.4	158.4
577.4	167.4
611.9	186.3
646.9	196.9
682.4	208.1
718.5	219.7
755.0	231.7
792.0	244.2
829.6	304.1
867.7	320.0
906.3	303.1
945.4	319.3
985.1	336.1
1025.	353.8
1066.	372.3
1108.	391.6
1150.	411.8
1192.	433.0
1235.	455.3
1279.	478.8
1324.	503.2
1369.	527.8
1415.	553.4
1462.	685.8
1510.	718.7
1558.	690.8
1607.	725.1
1657.	761.3
1708.	798.8
1760.	838.6
1812.	880.4
1866.	924.1
1920.	970.4
1976.	1019.
2032.	1070.
2090.	1124.
2148.	1181.
2207.	1239.
2268.	1302.
2329.	1369.
2392.	1440.
2456.	1515.
2521.	1596.
2586.	1682.
2654.	1773.
2722.	1869.
2792.	1970.
2862.	2080.
2934.	2195.
3007.	2094.
3082.	2190.
3157.	2287.
3234.	2364.
3312.	2475.
3392.	2587.
3472.	2683.
3555.	2811.
 
 
E/N (Td)	# of iterations
0.4600E-02	4.000
0.4755E-02	4.000
0.4922E-02	8.000
0.5104E-02	8.000
0.5301E-02	8.000
0.5517E-02	8.000
0.5751E-02	8.000
0.6011E-02	8.000
0.6296E-02	4.000
0.6610E-02	4.000
0.6959E-02	4.000
0.7344E-02	4.000
0.7776E-02	4.000
0.8252E-02	4.000
0.8780E-02	4.000
0.9368E-02	4.000
0.1002E-01	4.000
0.1073E-01	4.000
0.1152E-01	4.000
0.1238E-01	4.000
0.1331E-01	4.000
0.1434E-01	4.000
0.1544E-01	4.000
0.1664E-01	4.000
0.1793E-01	4.000
0.1932E-01	4.000
0.2081E-01	4.000
0.2241E-01	4.000
0.2412E-01	4.000
0.2596E-01	4.000
0.2791E-01	4.000
0.3000E-01	4.000
0.3222E-01	4.000
0.3458E-01	4.000
0.3709E-01	4.000
0.3975E-01	4.000
0.4256E-01	4.000
0.4554E-01	4.000
0.4869E-01	4.000
0.5201E-01	4.000
0.5552E-01	4.000
0.5921E-01	4.000
0.6310E-01	4.000
0.6720E-01	4.000
0.7151E-01	4.000
0.7605E-01	4.000
0.8082E-01	8.000
0.8587E-01	8.000
0.9117E-01	8.000
0.9676E-01	8.000
0.1027	8.000
0.1088	8.000
0.1154	8.000
0.1223	8.000
0.1295	8.000
0.1372	4.000
0.1452	4.000
0.1538	4.000
0.1628	4.000
0.1723	4.000
0.1823	4.000
0.1929	4.000
0.2041	4.000
0.2160	4.000
0.2285	4.000
0.2418	4.000
0.2559	4.000
0.2708	4.000
0.2865	4.000
0.3032	4.000
0.3209	4.000
0.3397	4.000
0.3596	4.000
0.3806	4.000
0.4029	4.000
0.4266	4.000
0.4517	4.000
0.4783	4.000
0.5065	4.000
0.5364	8.000
0.5683	4.000
0.6021	4.000
0.6382	4.000
0.6765	4.000
0.7175	4.000
0.7612	4.000
0.8080	4.000
0.8578	4.000
0.9115	4.000
0.9689	4.000
1.031	4.000
1.097	4.000
1.168	4.000
1.244	4.000
1.325	4.000
1.413	4.000
1.506	5.000
1.607	10.00
1.714	5.000
1.828	5.000
1.950	5.000
2.080	5.000
2.218	5.000
2.365	5.000
2.523	5.000
2.689	5.000
2.864	5.000
3.050	5.000
3.247	5.000
3.458	5.000
3.687	5.000
3.938	5.000
4.220	5.000
4.551	5.000
4.956	5.000
5.481	5.000
6.228	5.000
7.434	5.000
9.597	5.000
13.35	5.000
18.79	5.000
25.74	5.000
34.17	5.000
44.19	4.000
55.90	4.000
69.40	5.000
84.77	5.000
101.9	5.000
120.8	5.000
141.3	5.000
163.4	6.000
187.0	6.000
211.8	6.000
237.8	6.000
264.9	6.000
292.9	6.000
321.7	6.000
351.4	6.000
381.9	6.000
412.9	6.000
444.7	6.000
477.0	6.000
509.9	6.000
543.4	6.000
577.4	6.000
611.9	5.000
646.9	5.000
682.4	6.000
718.5	6.000
755.0	6.000
792.0	7.000
829.6	14.00
867.7	14.00
906.3	7.000
945.4	7.000
985.1	7.000
1025.	7.000
1066.	7.000
1108.	7.000
1150.	7.000
1192.	7.000
1235.	8.000
1279.	8.000
1324.	8.000
1369.	8.000
1415.	8.000
1462.	16.00
1510.	16.00
1558.	8.000
1607.	8.000
1657.	8.000
1708.	8.000
1760.	8.000
1812.	9.000
1866.	9.000
1920.	9.000
1976.	9.000
2032.	9.000
2090.	9.000
2148.	9.000
2207.	9.000
2268.	9.000
2329.	9.000
2392.	9.000
2456.	9.000
2521.	9.000
2586.	9.000
2654.	8.000
2722.	8.000
2792.	9.000
2862.	10.00
2934.	10.00
3007.	20.00
3082.	19.00
3157.	19.00
3234.	19.00
3312.	19.00
3392.	18.00
3472.	18.00
3555.	18.00
 
 
E/N (Td)	# of grid trials
0.4600E-02	1.000
0.4755E-02	1.000
0.4922E-02	2.000
0.5104E-02	2.000
0.5301E-02	2.000
0.5517E-02	2.000
0.5751E-02	2.000
0.6011E-02	2.000
0.6296E-02	1.000
0.6610E-02	1.000
0.6959E-02	1.000
0.7344E-02	1.000
0.7776E-02	1.000
0.8252E-02	1.000
0.8780E-02	1.000
0.9368E-02	1.000
0.1002E-01	1.000
0.1073E-01	1.000
0.1152E-01	1.000
0.1238E-01	1.000
0.1331E-01	1.000
0.1434E-01	1.000
0.1544E-01	1.000
0.1664E-01	1.000
0.1793E-01	1.000
0.1932E-01	1.000
0.2081E-01	1.000
0.2241E-01	1.000
0.2412E-01	1.000
0.2596E-01	1.000
0.2791E-01	1.000
0.3000E-01	1.000
0.3222E-01	1.000
0.3458E-01	1.000
0.3709E-01	1.000
0.3975E-01	1.000
0.4256E-01	1.000
0.4554E-01	1.000
0.4869E-01	1.000
0.5201E-01	1.000
0.5552E-01	1.000
0.5921E-01	1.000
0.6310E-01	1.000
0.6720E-01	1.000
0.7151E-01	1.000
0.7605E-01	1.000
0.8082E-01	2.000
0.8587E-01	2.000
0.9117E-01	2.000
0.9676E-01	2.000
0.1027	2.000
0.1088	2.000
0.1154	2.000
0.1223	2.000
0.1295	2.000
0.1372	1.000
0.1452	1.000
0.1538	1.000
0.1628	1.000
0.1723	1.000
0.1823	1.000
0.1929	1.000
0.2041	1.000
0.2160	1.000
0.2285	1.000
0.2418	1.000
0.2559	1.000
0.2708	1.000
0.2865	1.000
0.3032	1.000
0.3209	1.000
0.3397	1.000
0.3596	1.000
0.3806	1.000
0.4029	1.000
0.4266	1.000
0.4517	1.000
0.4783	1.000
0.5065	1.000
0.5364	2.000
0.5683	1.000
0.6021	1.000
0.6382	1.000
0.6765	1.000
0.7175	1.000
0.7612	1.000
0.8080	1.000
0.8578	1.000
0.9115	1.000
0.9689	1.000
1.031	1.000
1.097	1.000
1.168	1.000
1.244	1.000
1.325	1.000
1.413	1.000
1.506	1.000
1.607	2.000
1.714	1.000
1.828	1.000
1.950	1.000
2.080	1.000
2.218	1.000
2.365	1.000
2.523	1.000
2.689	1.000
2.864	1.000
3.050	1.000
3.247	1.000
3.458	1.000
3.687	1.000
3.938	1.000
4.220	1.000
4.551	1.000
4.956	1.000
5.481	1.000
6.228	1.000
7.434	1.000
9.597	1.000
13.35	1.000
18.79	1.000
25.74	1.000
34.17	1.000
44.19	1.000
55.90	1.000
69.40	1.000
84.77	1.000
101.9	1.000
120.8	1.000
141.3	1.000
163.4	1.000
187.0	1.000
211.8	1.000
237.8	1.000
264.9	1.000
292.9	1.000
321.7	1.000
351.4	1.000
381.9	1.000
412.9	1.000
444.7	1.000
477.0	1.000
509.9	1.000
543.4	1.000
577.4	1.000
611.9	1.000
646.9	1.000
682.4	1.000
718.5	1.000
755.0	1.000
792.0	1.000
829.6	2.000
867.7	2.000
906.3	1.000
945.4	1.000
985.1	1.000
1025.	1.000
1066.	1.000
1108.	1.000
1150.	1.000
1192.	1.000
1235.	1.000
1279.	1.000
1324.	1.000
1369.	1.000
1415.	1.000
1462.	2.000
1510.	2.000
1558.	1.000
1607.	1.000
1657.	1.000
1708.	1.000
1760.	1.000
1812.	1.000
1866.	1.000
1920.	1.000
1976.	1.000
2032.	1.000
2090.	1.000
2148.	1.000
2207.	1.000
2268.	1.000
2329.	1.000
2392.	1.000
2456.	1.000
2521.	1.000
2586.	1.000
2654.	1.000
2722.	1.000
2792.	1.000
2862.	1.000
2934.	1.000
3007.	2.000
3082.	2.000
3157.	2.000
3234.	2.000
3312.	2.000
3392.	2.000
3472.	2.000
3555.	2.000
 
 
C1    Ar    Elastic                                             
E/N (Td)	Rate coefficient (m3/s)
0.4600E-02	0.1199E-14
0.4755E-02	0.1181E-14
0.4922E-02	0.1165E-14
0.5104E-02	0.1150E-14
0.5301E-02	0.1136E-14
0.5517E-02	0.1124E-14
0.5751E-02	0.1115E-14
0.6011E-02	0.1108E-14
0.6296E-02	0.1103E-14
0.6610E-02	0.1102E-14
0.6959E-02	0.1104E-14
0.7344E-02	0.1110E-14
0.7776E-02	0.1120E-14
0.8252E-02	0.1135E-14
0.8780E-02	0.1155E-14
0.9368E-02	0.1181E-14
0.1002E-01	0.1211E-14
0.1073E-01	0.1247E-14
0.1152E-01	0.1290E-14
0.1238E-01	0.1338E-14
0.1331E-01	0.1391E-14
0.1434E-01	0.1452E-14
0.1544E-01	0.1517E-14
0.1664E-01	0.1589E-14
0.1793E-01	0.1667E-14
0.1932E-01	0.1750E-14
0.2081E-01	0.1840E-14
0.2241E-01	0.1936E-14
0.2412E-01	0.2038E-14
0.2596E-01	0.2146E-14
0.2791E-01	0.2261E-14
0.3000E-01	0.2382E-14
0.3222E-01	0.2510E-14
0.3458E-01	0.2645E-14
0.3709E-01	0.2787E-14
0.3975E-01	0.2936E-14
0.4256E-01	0.3092E-14
0.4554E-01	0.3255E-14
0.4869E-01	0.3425E-14
0.5201E-01	0.3603E-14
0.5552E-01	0.3788E-14
0.5921E-01	0.3981E-14
0.6310E-01	0.4182E-14
0.6720E-01	0.4391E-14
0.7151E-01	0.4608E-14
0.7605E-01	0.4834E-14
0.8082E-01	0.5067E-14
0.8587E-01	0.5312E-14
0.9117E-01	0.5564E-14
0.9676E-01	0.5828E-14
0.1027	0.6101E-14
0.1088	0.6384E-14
0.1154	0.6679E-14
0.1223	0.6984E-14
0.1295	0.7303E-14
0.1372	0.7632E-14
0.1452	0.7975E-14
0.1538	0.8332E-14
0.1628	0.8703E-14
0.1723	0.9088E-14
0.1823	0.9489E-14
0.1929	0.9906E-14
0.2041	0.1034E-13
0.2160	0.1079E-13
0.2285	0.1127E-13
0.2418	0.1176E-13
0.2559	0.1227E-13
0.2708	0.1280E-13
0.2865	0.1336E-13
0.3032	0.1394E-13
0.3209	0.1455E-13
0.3397	0.1519E-13
0.3596	0.1585E-13
0.3806	0.1654E-13
0.4029	0.1726E-13
0.4266	0.1801E-13
0.4517	0.1880E-13
0.4783	0.1962E-13
0.5065	0.2048E-13
0.5364	0.2138E-13
0.5683	0.2232E-13
0.6021	0.2330E-13
0.6382	0.2432E-13
0.6765	0.2540E-13
0.7175	0.2653E-13
0.7612	0.2771E-13
0.8080	0.2894E-13
0.8578	0.3024E-13
0.9115	0.3160E-13
0.9689	0.3303E-13
1.031	0.3453E-13
1.097	0.3611E-13
1.168	0.3776E-13
1.244	0.3950E-13
1.325	0.4134E-13
1.413	0.4326E-13
1.506	0.4528E-13
1.607	0.4741E-13
1.714	0.4964E-13
1.828	0.5199E-13
1.950	0.5445E-13
2.080	0.5704E-13
2.218	0.5975E-13
2.365	0.6259E-13
2.523	0.6560E-13
2.689	0.6872E-13
2.864	0.7198E-13
3.050	0.7538E-13
3.247	0.7893E-13
3.458	0.8261E-13
3.687	0.8645E-13
3.938	0.9042E-13
4.220	0.9454E-13
4.551	0.9882E-13
4.956	0.1032E-12
5.481	0.1078E-12
6.228	0.1125E-12
7.434	0.1174E-12
9.597	0.1223E-12
13.35	0.1272E-12
18.79	0.1319E-12
25.74	0.1366E-12
34.17	0.1412E-12
44.19	0.1458E-12
55.90	0.1503E-12
69.40	0.1546E-12
84.77	0.1589E-12
101.9	0.1630E-12
120.8	0.1670E-12
141.3	0.1708E-12
163.4	0.1744E-12
187.0	0.1778E-12
211.8	0.1811E-12
237.8	0.1842E-12
264.9	0.1872E-12
292.9	0.1900E-12
321.7	0.1927E-12
351.4	0.1952E-12
381.9	0.1976E-12
412.9	0.1998E-12
444.7	0.2019E-12
477.0	0.2038E-12
509.9	0.2056E-12
543.4	0.2073E-12
577.4	0.2089E-12
611.9	0.2103E-12
646.9	0.2116E-12
682.4	0.2128E-12
718.5	0.2139E-12
755.0	0.2149E-12
792.0	0.2158E-12
829.6	0.2165E-12
867.7	0.2172E-12
906.3	0.2177E-12
945.4	0.2182E-12
985.1	0.2186E-12
1025.	0.2188E-12
1066.	0.2190E-12
1108.	0.2191E-12
1150.	0.2192E-12
1192.	0.2191E-12
1235.	0.2190E-12
1279.	0.2188E-12
1324.	0.2185E-12
1369.	0.2182E-12
1415.	0.2177E-12
1462.	0.2173E-12
1510.	0.2167E-12
1558.	0.2161E-12
1607.	0.2154E-12
1657.	0.2147E-12
1708.	0.2139E-12
1760.	0.2131E-12
1812.	0.2122E-12
1866.	0.2113E-12
1920.	0.2103E-12
1976.	0.2092E-12
2032.	0.2082E-12
2090.	0.2070E-12
2148.	0.2059E-12
2207.	0.2047E-12
2268.	0.2034E-12
2329.	0.2021E-12
2392.	0.2008E-12
2456.	0.1995E-12
2521.	0.1981E-12
2586.	0.1967E-12
2654.	0.1952E-12
2722.	0.1937E-12
2792.	0.1922E-12
2862.	0.1907E-12
2934.	0.1892E-12
3007.	0.1876E-12
3082.	0.1860E-12
3157.	0.1844E-12
3234.	0.1828E-12
3312.	0.1811E-12
3392.	0.1795E-12
3472.	0.1778E-12
3555.	0.1761E-12
 
 
C2    Ar    Excitation    11.55 eV                              
E/N (Td)	Rate coefficient (m3/s)
0.4600E-02	0.000
0.4755E-02	0.000
0.4922E-02	0.000
0.5104E-02	0.000
0.5301E-02	0.000
0.5517E-02	0.000
0.5751E-02	0.000
0.6011E-02	0.000
0.6296E-02	0.000
0.6610E-02	0.000
0.6959E-02	0.000
0.7344E-02	0.000
0.7776E-02	0.000
0.8252E-02	0.000
0.8780E-02	0.000
0.9368E-02	0.000
0.1002E-01	0.000
0.1073E-01	0.000
0.1152E-01	0.000
0.1238E-01	0.000
0.1331E-01	0.000
0.1434E-01	0.000
0.1544E-01	0.000
0.1664E-01	0.000
0.1793E-01	0.000
0.1932E-01	0.000
0.2081E-01	0.000
0.2241E-01	0.000
0.2412E-01	0.000
0.2596E-01	0.000
0.2791E-01	0.000
0.3000E-01	0.000
0.3222E-01	0.000
0.3458E-01	0.000
0.3709E-01	0.000
0.3975E-01	0.000
0.4256E-01	0.000
0.4554E-01	0.000
0.4869E-01	0.000
0.5201E-01	0.000
0.5552E-01	0.000
0.5921E-01	0.000
0.6310E-01	0.000
0.6720E-01	0.000
0.7151E-01	0.000
0.7605E-01	0.000
0.8082E-01	0.000
0.8587E-01	0.000
0.9117E-01	0.000
0.9676E-01	0.000
0.1027	0.000
0.1088	0.000
0.1154	0.000
0.1223	0.000
0.1295	0.000
0.1372	0.000
0.1452	0.000
0.1538	0.000
0.1628	0.000
0.1723	0.000
0.1823	0.000
0.1929	0.000
0.2041	0.000
0.2160	0.000
0.2285	0.000
0.2418	0.000
0.2559	0.000
0.2708	0.000
0.2865	0.000
0.3032	0.000
0.3209	0.000
0.3397	0.000
0.3596	0.000
0.3806	0.000
0.4029	0.000
0.4266	0.000
0.4517	0.000
0.4783	0.000
0.5065	0.000
0.5364	0.000
0.5683	0.000
0.6021	0.000
0.6382	0.000
0.6765	0.000
0.7175	0.000
0.7612	0.000
0.8080	0.000
0.8578	0.000
0.9115	0.000
0.9689	0.000
1.031	0.000
1.097	0.000
1.168	0.000
1.244	0.000
1.325	0.000
1.413	0.000
1.506	0.000
1.607	0.1963E-29
1.714	0.000
1.828	0.2418E-27
1.950	0.9569E-26
2.080	0.1011E-24
2.218	0.8066E-24
2.365	0.5164E-23
2.523	0.2742E-22
2.689	0.1192E-21
2.864	0.4393E-21
3.050	0.1396E-20
3.247	0.3896E-20
3.458	0.9728E-20
3.687	0.2212E-19
3.938	0.4659E-19
4.220	0.9249E-19
4.551	0.1764E-18
4.956	0.3288E-18
5.481	0.6096E-18
6.228	0.1156E-17
7.434	0.2328E-17
9.597	0.5054E-17
13.35	0.1099E-16
18.79	0.2137E-16
25.74	0.3675E-16
34.17	0.5764E-16
44.19	0.8458E-16
55.90	0.1178E-15
69.40	0.1575E-15
84.77	0.2034E-15
101.9	0.2548E-15
120.8	0.3116E-15
141.3	0.3732E-15
163.4	0.4392E-15
187.0	0.5092E-15
211.8	0.5827E-15
237.8	0.6594E-15
264.9	0.7390E-15
292.9	0.8214E-15
321.7	0.9063E-15
351.4	0.9940E-15
381.9	0.1084E-14
412.9	0.1176E-14
444.7	0.1271E-14
477.0	0.1369E-14
509.9	0.1468E-14
543.4	0.1570E-14
577.4	0.1674E-14
611.9	0.1781E-14
646.9	0.1890E-14
682.4	0.2001E-14
718.5	0.2114E-14
755.0	0.2229E-14
792.0	0.2347E-14
829.6	0.2466E-14
867.7	0.2587E-14
906.3	0.2711E-14
945.4	0.2835E-14
985.1	0.2962E-14
1025.	0.3091E-14
1066.	0.3221E-14
1108.	0.3352E-14
1150.	0.3485E-14
1192.	0.3620E-14
1235.	0.3755E-14
1279.	0.3892E-14
1324.	0.4030E-14
1369.	0.4169E-14
1415.	0.4309E-14
1462.	0.4450E-14
1510.	0.4592E-14
1558.	0.4734E-14
1607.	0.4877E-14
1657.	0.5021E-14
1708.	0.5165E-14
1760.	0.5309E-14
1812.	0.5453E-14
1866.	0.5598E-14
1920.	0.5742E-14
1976.	0.5887E-14
2032.	0.6031E-14
2090.	0.6175E-14
2148.	0.6318E-14
2207.	0.6462E-14
2268.	0.6604E-14
2329.	0.6746E-14
2392.	0.6886E-14
2456.	0.7027E-14
2521.	0.7165E-14
2586.	0.7304E-14
2654.	0.7440E-14
2722.	0.7576E-14
2792.	0.7710E-14
2862.	0.7843E-14
2934.	0.7973E-14
3007.	0.8103E-14
3082.	0.8230E-14
3157.	0.8357E-14
3234.	0.8481E-14
3312.	0.8603E-14
3392.	0.8723E-14
3472.	0.8842E-14
3555.	0.8957E-14
 
 
C3    Ar    Excitation    13.00 eV                              
E/N (Td)	Rate coefficient (m3/s)
0.4600E-02	0.000
0.4755E-02	0.000
0.4922E-02	0.000
0.5104E-02	0.000
0.5301E-02	0.000
0.5517E-02	0.000
0.5751E-02	0.000
0.6011E-02	0.000
0.6296E-02	0.000
0.6610E-02	0.000
0.6959E-02	0.000
0.7344E-02	0.000
0.7776E-02	0.000
0.8252E-02	0.000
0.8780E-02	0.000
0.9368E-02	0.000
0.1002E-01	0.000
0.1073E-01	0.000
0.1152E-01	0.000
0.1238E-01	0.000
0.1331E-01	0.000
0.1434E-01	0.000
0.1544E-01	0.000
0.1664E-01	0.000
0.1793E-01	0.000
0.1932E-01	0.000
0.2081E-01	0.000
0.2241E-01	0.000
0.2412E-01	0.000
0.2596E-01	0.000
0.2791E-01	0.000
0.3000E-01	0.000
0.3222E-01	0.000
0.3458E-01	0.000
0.3709E-01	0.000
0.3975E-01	0.000
0.4256E-01	0.000
0.4554E-01	0.000
0.4869E-01	0.000
0.5201E-01	0.000
0.5552E-01	0.000
0.5921E-01	0.000
0.6310E-01	0.000
0.6720E-01	0.000
0.7151E-01	0.000
0.7605E-01	0.000
0.8082E-01	0.000
0.8587E-01	0.000
0.9117E-01	0.000
0.9676E-01	0.000
0.1027	0.000
0.1088	0.000
0.1154	0.000
0.1223	0.000
0.1295	0.000
0.1372	0.000
0.1452	0.000
0.1538	0.000
0.1628	0.000
0.1723	0.000
0.1823	0.000
0.1929	0.000
0.2041	0.000
0.2160	0.000
0.2285	0.000
0.2418	0.000
0.2559	0.000
0.2708	0.000
0.2865	0.000
0.3032	0.000
0.3209	0.000
0.3397	0.000
0.3596	0.000
0.3806	0.000
0.4029	0.000
0.4266	0.000
0.4517	0.000
0.4783	0.000
0.5065	0.000
0.5364	0.000
0.5683	0.000
0.6021	0.000
0.6382	0.000
0.6765	0.000
0.7175	0.000
0.7612	0.000
0.8080	0.000
0.8578	0.000
0.9115	0.000
0.9689	0.000
1.031	0.000
1.097	0.000
1.168	0.000
1.244	0.000
1.325	0.000
1.413	0.000
1.506	0.000
1.607	0.000
1.714	0.000
1.828	0.000
1.950	0.000
2.080	0.000
2.218	0.000
2.365	0.000
2.523	0.1745E-27
2.689	0.3583E-26
2.864	0.2884E-25
3.050	0.1725E-24
3.247	0.8586E-24
3.458	0.3667E-23
3.687	0.1380E-22
3.938	0.4699E-22
4.220	0.1487E-21
4.551	0.4514E-21
4.956	0.1356E-20
5.481	0.4173E-20
6.228	0.1392E-19
7.434	0.5427E-19
9.597	0.2521E-18
13.35	0.1148E-17
18.79	0.3929E-17
25.74	0.1007E-16
34.17	0.2101E-16
44.19	0.3822E-16
55.90	0.6304E-16
69.40	0.9667E-16
84.77	0.1403E-15
101.9	0.1941E-15
120.8	0.2589E-15
141.3	0.3347E-15
163.4	0.4215E-15
187.0	0.5189E-15
211.8	0.6264E-15
237.8	0.7437E-15
264.9	0.8700E-15
292.9	0.1005E-14
321.7	0.1148E-14
351.4	0.1299E-14
381.9	0.1458E-14
412.9	0.1622E-14
444.7	0.1794E-14
477.0	0.1972E-14
509.9	0.2155E-14
543.4	0.2344E-14
577.4	0.2538E-14
611.9	0.2737E-14
646.9	0.2941E-14
682.4	0.3148E-14
718.5	0.3360E-14
755.0	0.3575E-14
792.0	0.3794E-14
829.6	0.4015E-14
867.7	0.4239E-14
906.3	0.4466E-14
945.4	0.4695E-14
985.1	0.4926E-14
1025.	0.5159E-14
1066.	0.5393E-14
1108.	0.5629E-14
1150.	0.5866E-14
1192.	0.6104E-14
1235.	0.6343E-14
1279.	0.6582E-14
1324.	0.6822E-14
1369.	0.7061E-14
1415.	0.7301E-14
1462.	0.7540E-14
1510.	0.7779E-14
1558.	0.8018E-14
1607.	0.8256E-14
1657.	0.8493E-14
1708.	0.8729E-14
1760.	0.8964E-14
1812.	0.9197E-14
1866.	0.9429E-14
1920.	0.9659E-14
1976.	0.9888E-14
2032.	0.1011E-13
2090.	0.1034E-13
2148.	0.1056E-13
2207.	0.1078E-13
2268.	0.1100E-13
2329.	0.1121E-13
2392.	0.1142E-13
2456.	0.1163E-13
2521.	0.1184E-13
2586.	0.1204E-13
2654.	0.1224E-13
2722.	0.1244E-13
2792.	0.1263E-13
2862.	0.1282E-13
2934.	0.1300E-13
3007.	0.1319E-13
3082.	0.1336E-13
3157.	0.1354E-13
3234.	0.1371E-13
3312.	0.1388E-13
3392.	0.1404E-13
3472.	0.1420E-13
3555.	0.1435E-13
 
 
C4    Ar    Excitation    14.00 eV                              
E/N (Td)	Rate coefficient (m3/s)
0.4600E-02	0.000
0.4755E-02	0.000
0.4922E-02	0.000
0.5104E-02	0.000
0.5301E-02	0.000
0.5517E-02	0.000
0.5751E-02	0.000
0.6011E-02	0.000
0.6296E-02	0.000
0.6610E-02	0.000
0.6959E-02	0.000
0.7344E-02	0.000
0.7776E-02	0.000
0.8252E-02	0.000
0.8780E-02	0.000
0.9368E-02	0.000
0.1002E-01	0.000
0.1073E-01	0.000
0.1152E-01	0.000
0.1238E-01	0.000
0.1331E-01	0.000
0.1434E-01	0.000
0.1544E-01	0.000
0.1664E-01	0.000
0.1793E-01	0.000
0.1932E-01	0.000
0.2081E-01	0.000
0.2241E-01	0.000
0.2412E-01	0.000
0.2596E-01	0.000
0.2791E-01	0.000
0.3000E-01	0.000
0.3222E-01	0.000
0.3458E-01	0.000
0.3709E-01	0.000
0.3975E-01	0.000
0.4256E-01	0.000
0.4554E-01	0.000
0.4869E-01	0.000
0.5201E-01	0.000
0.5552E-01	0.000
0.5921E-01	0.000
0.6310E-01	0.000
0.6720E-01	0.000
0.7151E-01	0.000
0.7605E-01	0.000
0.8082E-01	0.000
0.8587E-01	0.000
0.9117E-01	0.000
0.9676E-01	0.000
0.1027	0.000
0.1088	0.000
0.1154	0.000
0.1223	0.000
0.1295	0.000
0.1372	0.000
0.1452	0.000
0.1538	0.000
0.1628	0.000
0.1723	0.000
0.1823	0.000
0.1929	0.000
0.2041	0.000
0.2160	0.000
0.2285	0.000
0.2418	0.000
0.2559	0.000
0.2708	0.000
0.2865	0.000
0.3032	0.000
0.3209	0.000
0.3397	0.000
0.3596	0.000
0.3806	0.000
0.4029	0.000
0.4266	0.000
0.4517	0.000
0.4783	0.000
0.5065	0.000
0.5364	0.000
0.5683	0.000
0.6021	0.000
0.6382	0.000
0.6765	0.000
0.7175	0.000
0.7612	0.000
0.8080	0.000
0.8578	0.000
0.9115	0.000
0.9689	0.000
1.031	0.000
1.097	0.000
1.168	0.000
1.244	0.000
1.325	0.000
1.413	0.000
1.506	0.000
1.607	0.000
1.714	0.000
1.828	0.000
1.950	0.000
2.080	0.000
2.218	0.000
2.365	0.000
2.523	0.000
2.689	0.000
2.864	0.000
3.050	0.000
3.247	0.1669E-29
3.458	0.2410E-27
3.687	0.1771E-26
3.938	0.1024E-25
4.220	0.5315E-25
4.551	0.2650E-24
4.956	0.1329E-23
5.481	0.7094E-23
6.228	0.4397E-22
7.434	0.3572E-21
9.597	0.3904E-20
13.35	0.4101E-19
18.79	0.2639E-18
25.74	0.1039E-17
34.17	0.2905E-17
44.19	0.6497E-17
55.90	0.1245E-16
69.40	0.2137E-16
84.77	0.3383E-16
101.9	0.5011E-16
120.8	0.7070E-16
141.3	0.9580E-16
163.4	0.1256E-15
187.0	0.1602E-15
211.8	0.1998E-15
237.8	0.2442E-15
264.9	0.2937E-15
292.9	0.3481E-15
321.7	0.4073E-15
351.4	0.4716E-15
381.9	0.5411E-15
412.9	0.6149E-15
444.7	0.6939E-15
477.0	0.7777E-15
509.9	0.8664E-15
543.4	0.9600E-15
577.4	0.1058E-14
611.9	0.1161E-14
646.9	0.1269E-14
682.4	0.1382E-14
718.5	0.1499E-14
755.0	0.1621E-14
792.0	0.1748E-14
829.6	0.1879E-14
867.7	0.2015E-14
906.3	0.2155E-14
945.4	0.2300E-14
985.1	0.2450E-14
1025.	0.2603E-14
1066.	0.2762E-14
1108.	0.2925E-14
1150.	0.3092E-14
1192.	0.3263E-14
1235.	0.3439E-14
1279.	0.3620E-14
1324.	0.3804E-14
1369.	0.3993E-14
1415.	0.4186E-14
1462.	0.4384E-14
1510.	0.4585E-14
1558.	0.4791E-14
1607.	0.5000E-14
1657.	0.5214E-14
1708.	0.5431E-14
1760.	0.5653E-14
1812.	0.5878E-14
1866.	0.6107E-14
1920.	0.6340E-14
1976.	0.6576E-14
2032.	0.6816E-14
2090.	0.7059E-14
2148.	0.7306E-14
2207.	0.7556E-14
2268.	0.7808E-14
2329.	0.8064E-14
2392.	0.8322E-14
2456.	0.8584E-14
2521.	0.8847E-14
2586.	0.9114E-14
2654.	0.9383E-14
2722.	0.9653E-14
2792.	0.9927E-14
2862.	0.1020E-13
2934.	0.1048E-13
3007.	0.1075E-13
3082.	0.1103E-13
3157.	0.1131E-13
3234.	0.1159E-13
3312.	0.1188E-13
3392.	0.1216E-13
3472.	0.1244E-13
3555.	0.1272E-13
 
 
C5    Ar    Ionization    15.70 eV                              
E/N (Td)	Rate coefficient (m3/s)
0.4600E-02	0.000
0.4755E-02	0.000
0.4922E-02	0.000
0.5104E-02	0.000
0.5301E-02	0.000
0.5517E-02	0.000
0.5751E-02	0.000
0.6011E-02	0.000
0.6296E-02	0.000
0.6610E-02	0.000
0.6959E-02	0.000
0.7344E-02	0.000
0.7776E-02	0.000
0.8252E-02	0.000
0.8780E-02	0.000
0.9368E-02	0.000
0.1002E-01	0.000
0.1073E-01	0.000
0.1152E-01	0.000
0.1238E-01	0.000
0.1331E-01	0.000
0.1434E-01	0.000
0.1544E-01	0.000
0.1664E-01	0.000
0.1793E-01	0.000
0.1932E-01	0.000
0.2081E-01	0.000
0.2241E-01	0.000
0.2412E-01	0.000
0.2596E-01	0.000
0.2791E-01	0.000
0.3000E-01	0.000
0.3222E-01	0.000
0.3458E-01	0.000
0.3709E-01	0.000
0.3975E-01	0.000
0.4256E-01	0.000
0.4554E-01	0.000
0.4869E-01	0.000
0.5201E-01	0.000
0.5552E-01	0.000
0.5921E-01	0.000
0.6310E-01	0.000
0.6720E-01	0.000
0.7151E-01	0.000
0.7605E-01	0.000
0.8082E-01	0.000
0.8587E-01	0.000
0.9117E-01	0.000
0.9676E-01	0.000
0.1027	0.000
0.1088	0.000
0.1154	0.000
0.1223	0.000
0.1295	0.000
0.1372	0.000
0.1452	0.000
0.1538	0.000
0.1628	0.000
0.1723	0.000
0.1823	0.000
0.1929	0.000
0.2041	0.000
0.2160	0.000
0.2285	0.000
0.2418	0.000
0.2559	0.000
0.2708	0.000
0.2865	0.000
0.3032	0.000
0.3209	0.000
0.3397	0.000
0.3596	0.000
0.3806	0.000
0.4029	0.000
0.4266	0.000
0.4517	0.000
0.4783	0.000
0.5065	0.000
0.5364	0.000
0.5683	0.000
0.6021	0.000
0.6382	0.000
0.6765	0.000
0.7175	0.000
0.7612	0.000
0.8080	0.000
0.8578	0.000
0.9115	0.000
0.9689	0.000
1.031	0.000
1.097	0.000
1.168	0.000
1.244	0.000
1.325	0.000
1.413	0.000
1.506	0.000
1.607	0.000
1.714	0.000
1.828	0.000
1.950	0.000
2.080	0.000
2.218	0.000
2.365	0.000
2.523	0.000
2.689	0.000
2.864	0.000
3.050	0.000
3.247	0.000
3.458	0.000
3.687	0.000
3.938	0.000
4.220	0.000
4.551	0.000
4.956	0.000
5.481	0.000
6.228	0.1775E-26
7.434	0.9264E-25
9.597	0.7661E-23
13.35	0.5686E-21
18.79	0.1577E-19
25.74	0.1676E-18
34.17	0.9335E-18
44.19	0.3452E-17
55.90	0.9696E-17
69.40	0.2247E-16
84.77	0.4535E-16
101.9	0.8185E-16
120.8	0.1362E-15
141.3	0.2119E-15
163.4	0.3124E-15
187.0	0.4404E-15
211.8	0.5982E-15
237.8	0.7877E-15
264.9	0.1010E-14
292.9	0.1267E-14
321.7	0.1558E-14
351.4	0.1885E-14
381.9	0.2249E-14
412.9	0.2647E-14
444.7	0.3082E-14
477.0	0.3554E-14
509.9	0.4062E-14
543.4	0.4606E-14
577.4	0.5186E-14
611.9	0.5802E-14
646.9	0.6454E-14
682.4	0.7141E-14
718.5	0.7863E-14
755.0	0.8619E-14
792.0	0.9410E-14
829.6	0.1023E-13
867.7	0.1109E-13
906.3	0.1198E-13
945.4	0.1290E-13
985.1	0.1386E-13
1025.	0.1485E-13
1066.	0.1586E-13
1108.	0.1691E-13
1150.	0.1799E-13
1192.	0.1910E-13
1235.	0.2023E-13
1279.	0.2140E-13
1324.	0.2260E-13
1369.	0.2382E-13
1415.	0.2507E-13
1462.	0.2635E-13
1510.	0.2765E-13
1558.	0.2898E-13
1607.	0.3034E-13
1657.	0.3172E-13
1708.	0.3312E-13
1760.	0.3455E-13
1812.	0.3600E-13
1866.	0.3748E-13
1920.	0.3898E-13
1976.	0.4050E-13
2032.	0.4204E-13
2090.	0.4360E-13
2148.	0.4518E-13
2207.	0.4678E-13
2268.	0.4839E-13
2329.	0.5003E-13
2392.	0.5168E-13
2456.	0.5334E-13
2521.	0.5502E-13
2586.	0.5672E-13
2654.	0.5843E-13
2722.	0.6015E-13
2792.	0.6188E-13
2862.	0.6362E-13
2934.	0.6537E-13
3007.	0.6714E-13
3082.	0.6890E-13
3157.	0.7068E-13
3234.	0.7246E-13
3312.	0.7424E-13
3392.	0.7603E-13
3472.	0.7783E-13
3555.	0.7962E-13
 
 
C6    Ar*    Ionization    4.20 eV                              
E/N (Td)	Rate coefficient (m3/s)
0.4600E-02	0.000
0.4755E-02	0.000
0.4922E-02	0.000
0.5104E-02	0.000
0.5301E-02	0.000
0.5517E-02	0.000
0.5751E-02	0.000
0.6011E-02	0.000
0.6296E-02	0.000
0.6610E-02	0.000
0.6959E-02	0.000
0.7344E-02	0.000
0.7776E-02	0.000
0.8252E-02	0.000
0.8780E-02	0.000
0.9368E-02	0.000
0.1002E-01	0.000
0.1073E-01	0.000
0.1152E-01	0.000
0.1238E-01	0.000
0.1331E-01	0.000
0.1434E-01	0.000
0.1544E-01	0.000
0.1664E-01	0.000
0.1793E-01	0.000
0.1932E-01	0.000
0.2081E-01	0.000
0.2241E-01	0.000
0.2412E-01	0.000
0.2596E-01	0.000
0.2791E-01	0.000
0.3000E-01	0.000
0.3222E-01	0.000
0.3458E-01	0.000
0.3709E-01	0.000
0.3975E-01	0.000
0.4256E-01	0.000
0.4554E-01	0.000
0.4869E-01	0.000
0.5201E-01	0.000
0.5552E-01	0.000
0.5921E-01	0.000
0.6310E-01	0.000
0.6720E-01	0.000
0.7151E-01	0.000
0.7605E-01	0.000
0.8082E-01	0.000
0.8587E-01	0.000
0.9117E-01	0.000
0.9676E-01	0.000
0.1027	0.000
0.1088	0.000
0.1154	0.000
0.1223	0.000
0.1295	0.9250E-35
0.1372	0.000
0.1452	0.000
0.1538	0.000
0.1628	0.000
0.1723	0.000
0.1823	0.7021E-28
0.1929	0.1015E-25
0.2041	0.8629E-25
0.2160	0.5361E-24
0.2285	0.2950E-23
0.2418	0.1470E-22
0.2559	0.6663E-22
0.2708	0.2763E-21
0.2865	0.1047E-20
0.3032	0.3639E-20
0.3209	0.1164E-19
0.3397	0.3456E-19
0.3596	0.9480E-19
0.3806	0.2422E-18
0.4029	0.5783E-18
0.4266	0.1297E-17
0.4517	0.2743E-17
0.4783	0.5492E-17
0.5065	0.1045E-16
0.5364	0.1895E-16
0.5683	0.3298E-16
0.6021	0.5506E-16
0.6382	0.8874E-16
0.6765	0.1382E-15
0.7175	0.2090E-15
0.7612	0.3072E-15
0.8080	0.4400E-15
0.8578	0.6151E-15
0.9115	0.8430E-15
0.9689	0.1132E-14
1.031	0.1493E-14
1.097	0.1935E-14
1.168	0.2467E-14
1.244	0.3101E-14
1.325	0.3847E-14
1.413	0.4706E-14
1.506	0.5688E-14
1.607	0.6797E-14
1.714	0.8038E-14
1.828	0.9410E-14
1.950	0.1092E-13
2.080	0.1256E-13
2.218	0.1433E-13
2.365	0.1624E-13
2.523	0.1829E-13
2.689	0.2044E-13
2.864	0.2271E-13
3.050	0.2509E-13
3.247	0.2758E-13
3.458	0.3016E-13
3.687	0.3284E-13
3.938	0.3560E-13
4.220	0.3845E-13
4.551	0.4138E-13
4.956	0.4440E-13
5.481	0.4749E-13
6.228	0.5063E-13
7.434	0.5382E-13
9.597	0.5696E-13
13.35	0.5997E-13
18.79	0.6285E-13
25.74	0.6569E-13
34.17	0.6850E-13
44.19	0.7131E-13
55.90	0.7410E-13
69.40	0.7688E-13
84.77	0.7965E-13
101.9	0.8239E-13
120.8	0.8511E-13
141.3	0.8780E-13
163.4	0.9046E-13
187.0	0.9310E-13
211.8	0.9572E-13
237.8	0.9831E-13
264.9	0.1009E-12
292.9	0.1034E-12
321.7	0.1060E-12
351.4	0.1085E-12
381.9	0.1110E-12
412.9	0.1134E-12
444.7	0.1159E-12
477.0	0.1183E-12
509.9	0.1207E-12
543.4	0.1231E-12
577.4	0.1254E-12
611.9	0.1278E-12
646.9	0.1301E-12
682.4	0.1323E-12
718.5	0.1346E-12
755.0	0.1369E-12
792.0	0.1391E-12
829.6	0.1413E-12
867.7	0.1435E-12
906.3	0.1456E-12
945.4	0.1478E-12
985.1	0.1499E-12
1025.	0.1520E-12
1066.	0.1540E-12
1108.	0.1561E-12
1150.	0.1581E-12
1192.	0.1601E-12
1235.	0.1621E-12
1279.	0.1641E-12
1324.	0.1660E-12
1369.	0.1680E-12
1415.	0.1699E-12
1462.	0.1717E-12
1510.	0.1736E-12
1558.	0.1754E-12
1607.	0.1773E-12
1657.	0.1791E-12
1708.	0.1808E-12
1760.	0.1826E-12
1812.	0.1843E-12
1866.	0.1860E-12
1920.	0.1876E-12
1976.	0.1893E-12
2032.	0.1909E-12
2090.	0.1925E-12
2148.	0.1941E-12
2207.	0.1956E-12
2268.	0.1971E-12
2329.	0.1986E-12
2392.	0.2001E-12
2456.	0.2015E-12
2521.	0.2029E-12
2586.	0.2043E-12
2654.	0.2056E-12
2722.	0.2069E-12
2792.	0.2082E-12
2862.	0.2094E-12
2934.	0.2107E-12
3007.	0.2119E-12
3082.	0.2130E-12
3157.	0.2141E-12
3234.	0.2153E-12
3312.	0.2163E-12
3392.	0.2174E-12
3472.	0.2184E-12
3555.	0.2193E-12
 
 
Ar                                                              
E/N (Td)	Inelastic energy loss coefficient (eV m3/s)
0.4600E-02	-0.1454-207
0.4755E-02	-0.1482-207
0.4922E-02	-0.1510-207
0.5104E-02	-0.1540-207
0.5301E-02	-0.1569-207
0.5517E-02	-0.1599-207
0.5751E-02	-0.1629-207
0.6011E-02	-0.1660-207
0.6296E-02	-0.1691-207
0.6610E-02	-0.1722-207
0.6959E-02	-0.1753-207
0.7344E-02	-0.1785-207
0.7776E-02	-0.1816-207
0.8252E-02	-0.1848-207
0.8780E-02	-0.1880-207
0.9368E-02	-0.1911-207
0.1002E-01	-0.1943-207
0.1073E-01	-0.1975-207
0.1152E-01	-0.2007-207
0.1238E-01	-0.2039-207
0.1331E-01	-0.2072-207
0.1434E-01	-0.2104-207
0.1544E-01	-0.2137-207
0.1664E-01	-0.2170-207
0.1793E-01	-0.2203-207
0.1932E-01	-0.2237-207
0.2081E-01	-0.2271-207
0.2241E-01	-0.2306-207
0.2412E-01	-0.2341-207
0.2596E-01	-0.2376-207
0.2791E-01	-0.2413-207
0.3000E-01	-0.2449-207
0.3222E-01	-0.2486-207
0.3458E-01	-0.2524-207
0.3709E-01	-0.2563-207
0.3975E-01	-0.2602-207
0.4256E-01	-0.2642-207
0.4554E-01	-0.2682-207
0.4869E-01	-0.2724-207
0.5201E-01	-0.2766-207
0.5552E-01	-0.2809-207
0.5921E-01	-0.2852-207
0.6310E-01	-0.2897-207
0.6720E-01	-0.2943-207
0.7151E-01	-0.2990-207
0.7605E-01	-0.3039-207
0.8082E-01	-0.3089-207
0.8587E-01	-0.3140-207
0.9117E-01	-0.3193-207
0.9676E-01	-0.3247-207
0.1027	-0.3302-207
0.1088	-0.3359-207
0.1154	-0.3417-207
0.1223	-0.3476-207
0.1295	-0.3536-207
0.1372	-0.3597-207
0.1452	-0.3659-207
0.1538	-0.3721-207
0.1628	-0.3785-207
0.1723	-0.3849-207
0.1823	-0.3914-207
0.1929	-0.3979-207
0.2041	-0.4046-207
0.2160	-0.4113-207
0.2285	-0.4181-207
0.2418	-0.4250-207
0.2559	-0.4320-207
0.2708	-0.4391-207
0.2865	-0.4463-207
0.3032	-0.4536-207
0.3209	-0.4611-207
0.3397	-0.4687-207
0.3596	-0.4764-207
0.3806	-0.4843-207
0.4029	-0.4923-207
0.4266	-0.5005-207
0.4517	-0.5089-207
0.4783	-0.5175-207
0.5065	-0.5262-207
0.5364	-0.5351-207
0.5683	-0.5443-207
0.6021	-0.5536-207
0.6382	-0.5631-207
0.6765	-0.5728-207
0.7175	-0.5826-207
0.7612	-0.5927-207
0.8080	-0.6028-207
0.8578	-0.6131-207
0.9115	-0.6234-207
0.9689	-0.6338-207
1.031	-0.6443-207
1.097	-0.6547-207
1.168	-0.6650-207
1.244	-0.6752-207
1.325	-0.6853-207
1.413	-0.6952-207
1.506	-0.7049-207
1.607	0.2267E-28
1.714	-0.7236-207
1.828	0.2793E-26
1.950	0.1105E-24
2.080	0.1168E-23
2.218	0.9316E-23
2.365	0.5964E-22
2.523	0.3167E-21
2.689	0.1377E-20
2.864	0.5074E-20
3.050	0.1613E-19
3.247	0.4502E-19
3.458	0.1124E-18
3.687	0.2556E-18
3.938	0.5388E-18
4.220	0.1070E-17
4.551	0.2044E-17
4.956	0.3815E-17
5.481	0.7095E-17
6.228	0.1353E-16
7.434	0.2760E-16
9.597	0.6170E-16
13.35	0.1425E-15
18.79	0.3018E-15
25.74	0.5726E-15
34.17	0.9942E-15
44.19	0.1619E-14
55.90	0.2507E-14
69.40	0.3728E-14
84.77	0.5358E-14
101.9	0.7452E-14
120.8	0.1009E-13
141.3	0.1333E-13
163.4	0.1722E-13
187.0	0.2178E-13
211.8	0.2706E-13
237.8	0.3307E-13
264.9	0.3982E-13
292.9	0.4732E-13
321.7	0.5555E-13
351.4	0.6457E-13
381.9	0.7437E-13
412.9	0.8485E-13
444.7	0.9612E-13
477.0	0.1081E-12
509.9	0.1209E-12
543.4	0.1344E-12
577.4	0.1486E-12
611.9	0.1635E-12
646.9	0.1792E-12
682.4	0.1955E-12
718.5	0.2125E-12
755.0	0.2303E-12
792.0	0.2486E-12
829.6	0.2677E-12
867.7	0.2874E-12
906.3	0.3077E-12
945.4	0.3286E-12
985.1	0.3502E-12
1025.	0.3723E-12
1066.	0.3950E-12
1108.	0.4184E-12
1150.	0.4423E-12
1192.	0.4667E-12
1235.	0.4917E-12
1279.	0.5172E-12
1324.	0.5433E-12
1369.	0.5698E-12
1415.	0.5969E-12
1462.	0.6245E-12
1510.	0.6525E-12
1558.	0.6810E-12
1607.	0.7100E-12
1657.	0.7394E-12
1708.	0.7692E-12
1760.	0.7995E-12
1812.	0.8302E-12
1866.	0.8612E-12
1920.	0.8927E-12
1976.	0.9245E-12
2032.	0.9566E-12
2090.	0.9891E-12
2148.	0.1022E-11
2207.	0.1055E-11
2268.	0.1088E-11
2329.	0.1122E-11
2392.	0.1156E-11
2456.	0.1190E-11
2521.	0.1224E-11
2586.	0.1259E-11
2654.	0.1294E-11
2722.	0.1329E-11
2792.	0.1364E-11
2862.	0.1399E-11
2934.	0.1434E-11
3007.	0.1470E-11
3082.	0.1505E-11
3157.	0.1541E-11
3234.	0.1576E-11
3312.	0.1612E-11
3392.	0.1647E-11
3472.	0.1683E-11
3555.	0.1718E-11
 
 
Ar*                                                             
E/N (Td)	Inelastic energy loss coefficient (eV m3/s)
0.4600E-02	0.000
0.4755E-02	0.000
0.4922E-02	0.000
0.5104E-02	0.000
0.5301E-02	0.000
0.5517E-02	0.000
0.5751E-02	0.000
0.6011E-02	0.000
0.6296E-02	0.000
0.6610E-02	0.000
0.6959E-02	0.000
0.7344E-02	0.000
0.7776E-02	0.000
0.8252E-02	0.000
0.8780E-02	0.000
0.9368E-02	0.000
0.1002E-01	0.000
0.1073E-01	0.000
0.1152E-01	0.000
0.1238E-01	0.000
0.1331E-01	0.000
0.1434E-01	0.000
0.1544E-01	0.000
0.1664E-01	0.000
0.1793E-01	0.000
0.1932E-01	0.000
0.2081E-01	0.000
0.2241E-01	0.000
0.2412E-01	0.000
0.2596E-01	0.000
0.2791E-01	0.000
0.3000E-01	0.000
0.3222E-01	0.000
0.3458E-01	0.000
0.3709E-01	0.000
0.3975E-01	0.000
0.4256E-01	0.000
0.4554E-01	0.000
0.4869E-01	0.000
0.5201E-01	0.000
0.5552E-01	0.000
0.5921E-01	0.000
0.6310E-01	0.000
0.6720E-01	0.000
0.7151E-01	0.000
0.7605E-01	0.000
0.8082E-01	0.000
0.8587E-01	0.000
0.9117E-01	0.000
0.9676E-01	0.000
0.1027	0.000
0.1088	0.000
0.1154	0.000
0.1223	0.000
0.1295	0.3885E-34
0.1372	0.000
0.1452	0.000
0.1538	0.000
0.1628	0.000
0.1723	0.000
0.1823	0.2949E-27
0.1929	0.4262E-25
0.2041	0.3624E-24
0.2160	0.2252E-23
0.2285	0.1239E-22
0.2418	0.6173E-22
0.2559	0.2798E-21
0.2708	0.1161E-20
0.2865	0.4397E-20
0.3032	0.1528E-19
0.3209	0.4891E-19
0.3397	0.1451E-18
0.3596	0.3982E-18
0.3806	0.1017E-17
0.4029	0.2429E-17
0.4266	0.5445E-17
0.4517	0.1152E-16
0.4783	0.2307E-16
0.5065	0.4389E-16
0.5364	0.7958E-16
0.5683	0.1385E-15
0.6021	0.2313E-15
0.6382	0.3727E-15
0.6765	0.5805E-15
0.7175	0.8778E-15
0.7612	0.1290E-14
0.8080	0.1848E-14
0.8578	0.2584E-14
0.9115	0.3541E-14
0.9689	0.4753E-14
1.031	0.6269E-14
1.097	0.8125E-14
1.168	0.1036E-13
1.244	0.1302E-13
1.325	0.1616E-13
1.413	0.1976E-13
1.506	0.2389E-13
1.607	0.2855E-13
1.714	0.3376E-13
1.828	0.3952E-13
1.950	0.4585E-13
2.080	0.5276E-13
2.218	0.6020E-13
2.365	0.6820E-13
2.523	0.7681E-13
2.689	0.8585E-13
2.864	0.9539E-13
3.050	0.1054E-12
3.247	0.1158E-12
3.458	0.1267E-12
3.687	0.1379E-12
3.938	0.1495E-12
4.220	0.1615E-12
4.551	0.1738E-12
4.956	0.1865E-12
5.481	0.1994E-12
6.228	0.2127E-12
7.434	0.2261E-12
9.597	0.2392E-12
13.35	0.2519E-12
18.79	0.2640E-12
25.74	0.2759E-12
34.17	0.2877E-12
44.19	0.2995E-12
55.90	0.3112E-12
69.40	0.3229E-12
84.77	0.3345E-12
101.9	0.3460E-12
120.8	0.3574E-12
141.3	0.3688E-12
163.4	0.3799E-12
187.0	0.3910E-12
211.8	0.4020E-12
237.8	0.4129E-12
264.9	0.4237E-12
292.9	0.4344E-12
321.7	0.4450E-12
351.4	0.4555E-12
381.9	0.4660E-12
412.9	0.4764E-12
444.7	0.4866E-12
477.0	0.4968E-12
509.9	0.5069E-12
543.4	0.5169E-12
577.4	0.5268E-12
611.9	0.5366E-12
646.9	0.5463E-12
682.4	0.5559E-12
718.5	0.5654E-12
755.0	0.5748E-12
792.0	0.5841E-12
829.6	0.5934E-12
867.7	0.6025E-12
906.3	0.6116E-12
945.4	0.6206E-12
985.1	0.6294E-12
1025.	0.6382E-12
1066.	0.6469E-12
1108.	0.6556E-12
1150.	0.6641E-12
1192.	0.6725E-12
1235.	0.6809E-12
1279.	0.6892E-12
1324.	0.6973E-12
1369.	0.7054E-12
1415.	0.7134E-12
1462.	0.7213E-12
1510.	0.7291E-12
1558.	0.7369E-12
1607.	0.7445E-12
1657.	0.7520E-12
1708.	0.7594E-12
1760.	0.7668E-12
1812.	0.7740E-12
1866.	0.7811E-12
1920.	0.7881E-12
1976.	0.7950E-12
2032.	0.8018E-12
2090.	0.8085E-12
2148.	0.8151E-12
2207.	0.8216E-12
2268.	0.8279E-12
2329.	0.8341E-12
2392.	0.8402E-12
2456.	0.8463E-12
2521.	0.8521E-12
2586.	0.8579E-12
2654.	0.8635E-12
2722.	0.8690E-12
2792.	0.8744E-12
2862.	0.8797E-12
2934.	0.8848E-12
3007.	0.8898E-12
3082.	0.8947E-12
3157.	0.8994E-12
3234.	0.9041E-12
3312.	0.9085E-12
3392.	0.9129E-12
3472.	0.9172E-12
3555.	0.9212E-12
 
 
