BOLSIG+ version: 03/2016
Collision input data:
--------------------------------------------------
Ar                                                              
crs-Biagi_v7.1+step.txt
--------------------------------------------------
Ar*                                                             
crs-Biagi_v7.1+step.txt
 
 
 
Angular frequency / N (m3/s)               0.000    
Cosine of E-B field angle                  0.000    
Gas temperature (K)                        1000.    
Excitation temperature (K)                 1000.    
Transition energy (eV)                     0.000    
Ionization degree                          0.000    
Plasma density (1/m3)                     0.8000E+17
Ion charge parameter                       1.000    
Ion/neutral mass ratio                     1.000    
e-e momentum effects                       1.000    
Energy sharing                             1.000    
Growth model                               1.000    
Maxwellian mean energy (eV)                0.000    
# of grid points                           200.0    
Grid type                                  0.000    
Maximum energy                             200.0    
Precision                                 0.1000E-09
Convergence                               0.1000E-03
Maximum # of iterations                    1000.    
Mole fraction Ar                           1.000    
Mole fraction Ar*                         0.1000E-04
 
 
E/N (Td)    	Electric field / N (Td)                                         
0.1461E-01	0.1461E-01
0.1574E-01	0.1574E-01
0.1694E-01	0.1694E-01
0.1824E-01	0.1824E-01
0.1961E-01	0.1961E-01
0.2108E-01	0.2108E-01
0.2264E-01	0.2264E-01
0.2430E-01	0.2430E-01
0.2607E-01	0.2607E-01
0.2793E-01	0.2793E-01
0.2991E-01	0.2991E-01
0.3201E-01	0.3201E-01
0.3422E-01	0.3422E-01
0.3655E-01	0.3655E-01
0.3901E-01	0.3901E-01
0.4160E-01	0.4160E-01
0.4433E-01	0.4433E-01
0.4720E-01	0.4720E-01
0.5021E-01	0.5021E-01
0.5338E-01	0.5338E-01
0.5669E-01	0.5669E-01
0.6017E-01	0.6017E-01
0.6382E-01	0.6382E-01
0.6764E-01	0.6764E-01
0.7164E-01	0.7164E-01
0.7584E-01	0.7584E-01
0.8022E-01	0.8022E-01
0.8482E-01	0.8482E-01
0.8963E-01	0.8963E-01
0.9467E-01	0.9467E-01
0.9994E-01	0.9994E-01
0.1056	0.1056
0.1114	0.1114
0.1174	0.1174
0.1239	0.1239
0.1306	0.1306
0.1376	0.1376
0.1450	0.1450
0.1527	0.1527
0.1608	0.1608
0.1693	0.1693
0.1783	0.1783
0.1877	0.1877
0.1975	0.1975
0.2079	0.2079
0.2188	0.2188
0.2303	0.2303
0.2424	0.2424
0.2550	0.2550
0.2684	0.2684
0.2824	0.2824
0.2972	0.2972
0.3127	0.3127
0.3291	0.3291
0.3463	0.3463
0.3644	0.3644
0.3835	0.3835
0.4036	0.4036
0.4247	0.4247
0.4469	0.4469
0.4704	0.4704
0.4952	0.4952
0.5213	0.5213
0.5489	0.5489
0.5779	0.5779
0.6087	0.6087
0.6413	0.6413
0.6756	0.6756
0.7124	0.7124
0.7510	0.7510
0.7919	0.7919
0.8354	0.8354
0.8817	0.8817
0.9308	0.9308
0.9832	0.9832
1.039	1.039
1.098	1.098
1.161	1.161
1.228	1.228
1.299	1.299
1.375	1.375
1.455	1.455
1.540	1.540
1.631	1.631
1.726	1.726
1.828	1.828
1.935	1.935
2.049	2.049
2.168	2.168
2.295	2.295
2.428	2.428
2.570	2.570
2.718	2.718
2.873	2.873
3.038	3.038
3.211	3.211
3.397	3.397
3.595	3.595
3.812	3.812
4.050	4.050
4.322	4.322
4.639	4.639
5.023	5.023
5.514	5.514
6.184	6.184
7.184	7.184
8.823	8.823
11.51	11.51
15.53	15.53
20.75	20.75
27.12	27.12
34.63	34.63
43.36	43.36
53.38	53.38
64.76	64.76
77.53	77.53
91.70	91.70
107.2	107.2
124.1	124.1
142.3	142.3
161.6	161.6
182.0	182.0
203.4	203.4
225.8	225.8
248.9	248.9
272.9	272.9
297.6	297.6
322.9	322.9
348.8	348.8
375.4	375.4
402.4	402.4
429.9	429.9
457.8	457.8
486.3	486.3
515.2	515.2
544.5	544.5
574.3	574.3
604.4	604.4
634.9	634.9
665.7	665.7
697.0	697.0
728.7	728.7
760.7	760.7
793.2	793.2
826.0	826.0
859.2	859.2
892.9	892.9
926.9	926.9
961.3	961.3
996.2	996.2
1031.	1031.
1067.	1067.
1103.	1103.
1140.	1140.
1177.	1177.
1215.	1215.
1253.	1253.
1292.	1292.
1331.	1331.
1370.	1370.
1411.	1411.
1451.	1451.
1493.	1493.
1535.	1535.
1577.	1577.
1621.	1621.
1664.	1664.
1709.	1709.
1754.	1754.
1800.	1800.
1847.	1847.
1894.	1894.
1942.	1942.
1990.	1990.
2040.	2040.
2090.	2090.
2141.	2141.
2193.	2193.
2246.	2246.
2299.	2299.
2353.	2353.
2408.	2408.
2464.	2464.
2521.	2521.
2579.	2579.
2637.	2637.
2697.	2697.
2757.	2757.
2818.	2818.
2880.	2880.
2944.	2944.
3008.	3008.
3073.	3073.
3139.	3139.
3205.	3205.
3274.	3274.
3342.	3342.
3412.	3412.
3483.	3483.
3555.	3555.
 
 
E/N (Td)	Mean energy (eV)
0.1461E-01	0.4000
0.1574E-01	0.4098
0.1694E-01	0.4199
0.1824E-01	0.4302
0.1961E-01	0.4408
0.2108E-01	0.4516
0.2264E-01	0.4627
0.2430E-01	0.4740
0.2607E-01	0.4857
0.2793E-01	0.4976
0.2991E-01	0.5098
0.3201E-01	0.5224
0.3422E-01	0.5352
0.3655E-01	0.5483
0.3901E-01	0.5618
0.4160E-01	0.5756
0.4433E-01	0.5897
0.4720E-01	0.6042
0.5021E-01	0.6191
0.5338E-01	0.6343
0.5669E-01	0.6498
0.6017E-01	0.6658
0.6382E-01	0.6821
0.6764E-01	0.6989
0.7164E-01	0.7161
0.7584E-01	0.7336
0.8022E-01	0.7517
0.8482E-01	0.7701
0.8963E-01	0.7890
0.9467E-01	0.8084
0.9994E-01	0.8283
0.1056	0.8486
0.1114	0.8695
0.1174	0.8908
0.1239	0.9127
0.1306	0.9351
0.1376	0.9581
0.1450	0.9816
0.1527	1.006
0.1608	1.030
0.1693	1.056
0.1783	1.082
0.1877	1.108
0.1975	1.135
0.2079	1.163
0.2188	1.192
0.2303	1.221
0.2424	1.251
0.2550	1.282
0.2684	1.313
0.2824	1.346
0.2972	1.379
0.3127	1.413
0.3291	1.447
0.3463	1.483
0.3644	1.519
0.3835	1.556
0.4036	1.595
0.4247	1.634
0.4469	1.674
0.4704	1.715
0.4952	1.757
0.5213	1.800
0.5489	1.845
0.5779	1.890
0.6087	1.936
0.6413	1.984
0.6756	2.033
0.7124	2.083
0.7510	2.134
0.7919	2.186
0.8354	2.240
0.8817	2.295
0.9308	2.351
0.9832	2.409
1.039	2.468
1.098	2.529
1.161	2.591
1.228	2.654
1.299	2.720
1.375	2.786
1.455	2.855
1.540	2.925
1.631	2.997
1.726	3.070
1.828	3.146
1.935	3.223
2.049	3.302
2.168	3.383
2.295	3.466
2.428	3.551
2.570	3.639
2.718	3.728
2.873	3.820
3.038	3.913
3.211	4.010
3.397	4.108
3.595	4.209
3.812	4.312
4.050	4.418
4.322	4.527
4.639	4.638
5.023	4.752
5.514	4.868
6.184	4.988
7.184	5.110
8.823	5.236
11.51	5.364
15.53	5.496
20.75	5.631
27.12	5.770
34.63	5.911
43.36	6.057
53.38	6.205
64.76	6.358
77.53	6.513
91.70	6.674
107.2	6.837
124.1	7.006
142.3	7.178
161.6	7.354
182.0	7.535
203.4	7.720
225.8	7.909
248.9	8.104
272.9	8.303
297.6	8.507
322.9	8.715
348.8	8.930
375.4	9.149
402.4	9.374
429.9	9.604
457.8	9.840
486.3	10.08
515.2	10.33
544.5	10.58
574.3	10.84
604.4	11.11
634.9	11.38
665.7	11.66
697.0	11.95
728.7	12.24
760.7	12.54
793.2	12.85
826.0	13.17
859.2	13.49
892.9	13.82
926.9	14.16
961.3	14.51
996.2	14.86
1031.	15.23
1067.	15.60
1103.	15.99
1140.	16.38
1177.	16.78
1215.	17.19
1253.	17.61
1292.	18.05
1331.	18.49
1370.	18.94
1411.	19.41
1451.	19.89
1493.	20.37
1535.	20.88
1577.	21.39
1621.	21.91
1664.	22.45
1709.	23.00
1754.	23.57
1800.	24.15
1847.	24.74
1894.	25.35
1942.	25.97
1990.	26.61
2040.	27.26
2090.	27.93
2141.	28.62
2193.	29.32
2246.	30.04
2299.	30.78
2353.	31.53
2408.	32.31
2464.	33.10
2521.	33.92
2579.	34.75
2637.	35.60
2697.	36.47
2757.	37.37
2818.	38.29
2880.	39.23
2944.	40.19
3008.	41.18
3073.	42.19
3139.	43.23
3205.	44.29
3274.	45.38
3342.	46.49
3412.	47.63
3483.	48.80
3555.	50.00
 
 
E/N (Td)	Mobility *N (1/m/V/s)
0.1461E-01	0.6078E+26
0.1574E-01	0.5758E+26
0.1694E-01	0.5458E+26
0.1824E-01	0.5176E+26
0.1961E-01	0.4911E+26
0.2108E-01	0.4662E+26
0.2264E-01	0.4429E+26
0.2430E-01	0.4210E+26
0.2607E-01	0.4004E+26
0.2793E-01	0.3811E+26
0.2991E-01	0.3630E+26
0.3201E-01	0.3460E+26
0.3422E-01	0.3300E+26
0.3655E-01	0.3149E+26
0.3901E-01	0.3008E+26
0.4160E-01	0.2875E+26
0.4433E-01	0.2749E+26
0.4720E-01	0.2631E+26
0.5021E-01	0.2520E+26
0.5338E-01	0.2414E+26
0.5669E-01	0.2315E+26
0.6017E-01	0.2221E+26
0.6382E-01	0.2132E+26
0.6764E-01	0.2048E+26
0.7164E-01	0.1968E+26
0.7584E-01	0.1892E+26
0.8022E-01	0.1819E+26
0.8482E-01	0.1751E+26
0.8963E-01	0.1685E+26
0.9467E-01	0.1622E+26
0.9994E-01	0.1562E+26
0.1056	0.1504E+26
0.1114	0.1449E+26
0.1174	0.1396E+26
0.1239	0.1345E+26
0.1306	0.1296E+26
0.1376	0.1249E+26
0.1450	0.1204E+26
0.1527	0.1161E+26
0.1608	0.1119E+26
0.1693	0.1079E+26
0.1783	0.1040E+26
0.1877	0.1002E+26
0.1975	0.9662E+25
0.2079	0.9314E+25
0.2188	0.8976E+25
0.2303	0.8652E+25
0.2424	0.8338E+25
0.2550	0.8035E+25
0.2684	0.7743E+25
0.2824	0.7461E+25
0.2972	0.7187E+25
0.3127	0.6924E+25
0.3291	0.6670E+25
0.3463	0.6425E+25
0.3644	0.6189E+25
0.3835	0.5961E+25
0.4036	0.5740E+25
0.4247	0.5528E+25
0.4469	0.5323E+25
0.4704	0.5125E+25
0.4952	0.4935E+25
0.5213	0.4751E+25
0.5489	0.4573E+25
0.5779	0.4403E+25
0.6087	0.4238E+25
0.6413	0.4079E+25
0.6756	0.3926E+25
0.7124	0.3778E+25
0.7510	0.3636E+25
0.7919	0.3499E+25
0.8354	0.3368E+25
0.8817	0.3241E+25
0.9308	0.3119E+25
0.9832	0.3001E+25
1.039	0.2888E+25
1.098	0.2779E+25
1.161	0.2675E+25
1.228	0.2574E+25
1.299	0.2476E+25
1.375	0.2382E+25
1.455	0.2292E+25
1.540	0.2205E+25
1.631	0.2121E+25
1.726	0.2041E+25
1.828	0.1963E+25
1.935	0.1888E+25
2.049	0.1816E+25
2.168	0.1746E+25
2.295	0.1680E+25
2.428	0.1615E+25
2.570	0.1553E+25
2.718	0.1494E+25
2.873	0.1437E+25
3.038	0.1383E+25
3.211	0.1332E+25
3.397	0.1283E+25
3.595	0.1237E+25
3.812	0.1194E+25
4.050	0.1154E+25
4.322	0.1117E+25
4.639	0.1084E+25
5.023	0.1055E+25
5.514	0.1032E+25
6.184	0.1015E+25
7.184	0.1003E+25
8.823	0.9964E+24
11.51	0.9867E+24
15.53	0.9680E+24
20.75	0.9424E+24
27.12	0.9145E+24
34.63	0.8874E+24
43.36	0.8624E+24
53.38	0.8401E+24
64.76	0.8202E+24
77.53	0.8025E+24
91.70	0.7865E+24
107.2	0.7718E+24
124.1	0.7583E+24
142.3	0.7457E+24
161.6	0.7339E+24
182.0	0.7227E+24
203.4	0.7122E+24
225.8	0.7023E+24
248.9	0.6930E+24
272.9	0.6842E+24
297.6	0.6759E+24
322.9	0.6681E+24
348.8	0.6608E+24
375.4	0.6539E+24
402.4	0.6474E+24
429.9	0.6413E+24
457.8	0.6356E+24
486.3	0.6302E+24
515.2	0.6250E+24
544.5	0.6202E+24
574.3	0.6155E+24
604.4	0.6112E+24
634.9	0.6071E+24
665.7	0.6032E+24
697.0	0.5995E+24
728.7	0.5958E+24
760.7	0.5923E+24
793.2	0.5890E+24
826.0	0.5858E+24
859.2	0.5826E+24
892.9	0.5795E+24
926.9	0.5764E+24
961.3	0.5736E+24
996.2	0.5707E+24
1031.	0.5679E+24
1067.	0.5651E+24
1103.	0.5625E+24
1140.	0.5598E+24
1177.	0.5572E+24
1215.	0.5546E+24
1253.	0.5519E+24
1292.	0.5494E+24
1331.	0.5470E+24
1370.	0.5444E+24
1411.	0.5419E+24
1451.	0.5394E+24
1493.	0.5370E+24
1535.	0.5345E+24
1577.	0.5321E+24
1621.	0.5296E+24
1664.	0.5272E+24
1709.	0.5247E+24
1754.	0.5222E+24
1800.	0.5199E+24
1847.	0.5174E+24
1894.	0.5150E+24
1942.	0.5125E+24
1990.	0.5102E+24
2040.	0.5077E+24
2090.	0.5053E+24
2141.	0.5029E+24
2193.	0.5006E+24
2246.	0.4981E+24
2299.	0.4958E+24
2353.	0.4935E+24
2408.	0.4911E+24
2464.	0.4888E+24
2521.	0.4863E+24
2579.	0.4841E+24
2637.	0.4817E+24
2697.	0.4795E+24
2757.	0.4771E+24
2818.	0.4749E+24
2880.	0.4727E+24
2944.	0.4703E+24
3008.	0.4682E+24
3073.	0.4659E+24
3139.	0.4637E+24
3205.	0.4617E+24
3274.	0.4595E+24
3342.	0.4573E+24
3412.	0.4552E+24
3483.	0.4532E+24
3555.	0.4511E+24
 
 
E/N (Td)	Diffusion coefficient *N (1/m/s)
0.1461E-01	0.4048E+26
0.1574E-01	0.3993E+26
0.1694E-01	0.3938E+26
0.1824E-01	0.3881E+26
0.1961E-01	0.3824E+26
0.2108E-01	0.3764E+26
0.2264E-01	0.3705E+26
0.2430E-01	0.3645E+26
0.2607E-01	0.3585E+26
0.2793E-01	0.3525E+26
0.2991E-01	0.3466E+26
0.3201E-01	0.3407E+26
0.3422E-01	0.3348E+26
0.3655E-01	0.3291E+26
0.3901E-01	0.3234E+26
0.4160E-01	0.3177E+26
0.4433E-01	0.3121E+26
0.4720E-01	0.3068E+26
0.5021E-01	0.3013E+26
0.5338E-01	0.2960E+26
0.5669E-01	0.2909E+26
0.6017E-01	0.2859E+26
0.6382E-01	0.2806E+26
0.6764E-01	0.2755E+26
0.7164E-01	0.2708E+26
0.7584E-01	0.2663E+26
0.8022E-01	0.2620E+26
0.8482E-01	0.2574E+26
0.8963E-01	0.2529E+26
0.9467E-01	0.2484E+26
0.9994E-01	0.2443E+26
0.1056	0.2402E+26
0.1114	0.2361E+26
0.1174	0.2321E+26
0.1239	0.2281E+26
0.1306	0.2245E+26
0.1376	0.2207E+26
0.1450	0.2169E+26
0.1527	0.2133E+26
0.1608	0.2099E+26
0.1693	0.2064E+26
0.1783	0.2030E+26
0.1877	0.1996E+26
0.1975	0.1965E+26
0.2079	0.1933E+26
0.2188	0.1901E+26
0.2303	0.1870E+26
0.2424	0.1841E+26
0.2550	0.1812E+26
0.2684	0.1783E+26
0.2824	0.1754E+26
0.2972	0.1727E+26
0.3127	0.1699E+26
0.3291	0.1673E+26
0.3463	0.1648E+26
0.3644	0.1622E+26
0.3835	0.1598E+26
0.4036	0.1572E+26
0.4247	0.1546E+26
0.4469	0.1521E+26
0.4704	0.1496E+26
0.4952	0.1473E+26
0.5213	0.1452E+26
0.5489	0.1432E+26
0.5779	0.1414E+26
0.6087	0.1394E+26
0.6413	0.1371E+26
0.6756	0.1349E+26
0.7124	0.1325E+26
0.7510	0.1305E+26
0.7919	0.1286E+26
0.8354	0.1268E+26
0.8817	0.1251E+26
0.9308	0.1234E+26
0.9832	0.1215E+26
1.039	0.1196E+26
1.098	0.1177E+26
1.161	0.1159E+26
1.228	0.1142E+26
1.299	0.1125E+26
1.375	0.1108E+26
1.455	0.1092E+26
1.540	0.1075E+26
1.631	0.1059E+26
1.726	0.1044E+26
1.828	0.1028E+26
1.935	0.1013E+26
2.049	0.9975E+25
2.168	0.9825E+25
2.295	0.9677E+25
2.428	0.9531E+25
2.570	0.9385E+25
2.718	0.9244E+25
2.873	0.9104E+25
3.038	0.8967E+25
3.211	0.8832E+25
3.397	0.8700E+25
3.595	0.8570E+25
3.812	0.8443E+25
4.050	0.8320E+25
4.322	0.8200E+25
4.639	0.8084E+25
5.023	0.7974E+25
5.514	0.7870E+25
6.184	0.7774E+25
7.184	0.7689E+25
8.823	0.7612E+25
11.51	0.7538E+25
15.53	0.7456E+25
20.75	0.7367E+25
27.12	0.7276E+25
34.63	0.7187E+25
43.36	0.7099E+25
53.38	0.7013E+25
64.76	0.6928E+25
77.53	0.6840E+25
91.70	0.6750E+25
107.2	0.6658E+25
124.1	0.6565E+25
142.3	0.6473E+25
161.6	0.6385E+25
182.0	0.6303E+25
203.4	0.6228E+25
225.8	0.6160E+25
248.9	0.6100E+25
272.9	0.6047E+25
297.6	0.6000E+25
322.9	0.5961E+25
348.8	0.5929E+25
375.4	0.5903E+25
402.4	0.5883E+25
429.9	0.5869E+25
457.8	0.5862E+25
486.3	0.5859E+25
515.2	0.5862E+25
544.5	0.5871E+25
574.3	0.5884E+25
604.4	0.5903E+25
634.9	0.5927E+25
665.7	0.5957E+25
697.0	0.5990E+25
728.7	0.6028E+25
760.7	0.6070E+25
793.2	0.6118E+25
826.0	0.6169E+25
859.2	0.6225E+25
892.9	0.6284E+25
926.9	0.6347E+25
961.3	0.6416E+25
996.2	0.6488E+25
1031.	0.6563E+25
1067.	0.6643E+25
1103.	0.6727E+25
1140.	0.6815E+25
1177.	0.6907E+25
1215.	0.7001E+25
1253.	0.7099E+25
1292.	0.7202E+25
1331.	0.7309E+25
1370.	0.7418E+25
1411.	0.7532E+25
1451.	0.7649E+25
1493.	0.7771E+25
1535.	0.7894E+25
1577.	0.8023E+25
1621.	0.8154E+25
1664.	0.8289E+25
1709.	0.8428E+25
1754.	0.8570E+25
1800.	0.8717E+25
1847.	0.8867E+25
1894.	0.9021E+25
1942.	0.9178E+25
1990.	0.9341E+25
2040.	0.9505E+25
2090.	0.9673E+25
2141.	0.9847E+25
2193.	0.1003E+26
2246.	0.1021E+26
2299.	0.1039E+26
2353.	0.1058E+26
2408.	0.1077E+26
2464.	0.1097E+26
2521.	0.1118E+26
2579.	0.1139E+26
2637.	0.1160E+26
2697.	0.1181E+26
2757.	0.1203E+26
2818.	0.1226E+26
2880.	0.1250E+26
2944.	0.1273E+26
3008.	0.1297E+26
3073.	0.1322E+26
3139.	0.1347E+26
3205.	0.1374E+26
3274.	0.1400E+26
3342.	0.1427E+26
3412.	0.1455E+26
3483.	0.1484E+26
3555.	0.1512E+26
 
 
E/N (Td)	Energy mobility *N (1/m/V/s)
0.1461E-01	0.8549E+26
0.1574E-01	0.8126E+26
0.1694E-01	0.7726E+26
0.1824E-01	0.7349E+26
0.1961E-01	0.6993E+26
0.2108E-01	0.6657E+26
0.2264E-01	0.6340E+26
0.2430E-01	0.6041E+26
0.2607E-01	0.5759E+26
0.2793E-01	0.5493E+26
0.2991E-01	0.5243E+26
0.3201E-01	0.5006E+26
0.3422E-01	0.4783E+26
0.3655E-01	0.4573E+26
0.3901E-01	0.4375E+26
0.4160E-01	0.4188E+26
0.4433E-01	0.4011E+26
0.4720E-01	0.3844E+26
0.5021E-01	0.3685E+26
0.5338E-01	0.3536E+26
0.5669E-01	0.3394E+26
0.6017E-01	0.3259E+26
0.6382E-01	0.3132E+26
0.6764E-01	0.3010E+26
0.7164E-01	0.2895E+26
0.7584E-01	0.2785E+26
0.8022E-01	0.2680E+26
0.8482E-01	0.2580E+26
0.8963E-01	0.2484E+26
0.9467E-01	0.2393E+26
0.9994E-01	0.2305E+26
0.1056	0.2220E+26
0.1114	0.2140E+26
0.1174	0.2062E+26
0.1239	0.1987E+26
0.1306	0.1916E+26
0.1376	0.1847E+26
0.1450	0.1781E+26
0.1527	0.1717E+26
0.1608	0.1655E+26
0.1693	0.1596E+26
0.1783	0.1538E+26
0.1877	0.1483E+26
0.1975	0.1430E+26
0.2079	0.1378E+26
0.2188	0.1329E+26
0.2303	0.1281E+26
0.2424	0.1234E+26
0.2550	0.1190E+26
0.2684	0.1146E+26
0.2824	0.1105E+26
0.2972	0.1064E+26
0.3127	0.1026E+26
0.3291	0.9882E+25
0.3463	0.9520E+25
0.3644	0.9170E+25
0.3835	0.8833E+25
0.4036	0.8507E+25
0.4247	0.8194E+25
0.4469	0.7891E+25
0.4704	0.7598E+25
0.4952	0.7316E+25
0.5213	0.7043E+25
0.5489	0.6780E+25
0.5779	0.6527E+25
0.6087	0.6281E+25
0.6413	0.6044E+25
0.6756	0.5816E+25
0.7124	0.5594E+25
0.7510	0.5381E+25
0.7919	0.5175E+25
0.8354	0.4976E+25
0.8817	0.4784E+25
0.9308	0.4599E+25
0.9832	0.4420E+25
1.039	0.4247E+25
1.098	0.4081E+25
1.161	0.3920E+25
1.228	0.3766E+25
1.299	0.3617E+25
1.375	0.3473E+25
1.455	0.3335E+25
1.540	0.3202E+25
1.631	0.3075E+25
1.726	0.2952E+25
1.828	0.2835E+25
1.935	0.2722E+25
2.049	0.2613E+25
2.168	0.2509E+25
2.295	0.2410E+25
2.428	0.2314E+25
2.570	0.2223E+25
2.718	0.2136E+25
2.873	0.2053E+25
3.038	0.1974E+25
3.211	0.1899E+25
3.397	0.1828E+25
3.595	0.1761E+25
3.812	0.1697E+25
4.050	0.1637E+25
4.322	0.1580E+25
4.639	0.1527E+25
5.023	0.1478E+25
5.514	0.1432E+25
6.184	0.1391E+25
7.184	0.1355E+25
8.823	0.1323E+25
11.51	0.1294E+25
15.53	0.1265E+25
20.75	0.1237E+25
27.12	0.1209E+25
34.63	0.1184E+25
43.36	0.1160E+25
53.38	0.1139E+25
64.76	0.1120E+25
77.53	0.1103E+25
91.70	0.1088E+25
107.2	0.1075E+25
124.1	0.1063E+25
142.3	0.1052E+25
161.6	0.1043E+25
182.0	0.1034E+25
203.4	0.1027E+25
225.8	0.1019E+25
248.9	0.1013E+25
272.9	0.1007E+25
297.6	0.1001E+25
322.9	0.9963E+24
348.8	0.9916E+24
375.4	0.9872E+24
402.4	0.9830E+24
429.9	0.9790E+24
457.8	0.9754E+24
486.3	0.9719E+24
515.2	0.9684E+24
544.5	0.9652E+24
574.3	0.9620E+24
604.4	0.9590E+24
634.9	0.9560E+24
665.7	0.9534E+24
697.0	0.9505E+24
728.7	0.9475E+24
760.7	0.9447E+24
793.2	0.9418E+24
826.0	0.9390E+24
859.2	0.9361E+24
892.9	0.9331E+24
926.9	0.9301E+24
961.3	0.9271E+24
996.2	0.9241E+24
1031.	0.9209E+24
1067.	0.9178E+24
1103.	0.9147E+24
1140.	0.9115E+24
1177.	0.9083E+24
1215.	0.9049E+24
1253.	0.9014E+24
1292.	0.8981E+24
1331.	0.8947E+24
1370.	0.8911E+24
1411.	0.8876E+24
1451.	0.8840E+24
1493.	0.8804E+24
1535.	0.8767E+24
1577.	0.8730E+24
1621.	0.8692E+24
1664.	0.8655E+24
1709.	0.8617E+24
1754.	0.8578E+24
1800.	0.8540E+24
1847.	0.8501E+24
1894.	0.8463E+24
1942.	0.8424E+24
1990.	0.8386E+24
2040.	0.8346E+24
2090.	0.8307E+24
2141.	0.8269E+24
2193.	0.8230E+24
2246.	0.8191E+24
2299.	0.8153E+24
2353.	0.8115E+24
2408.	0.8077E+24
2464.	0.8040E+24
2521.	0.8001E+24
2579.	0.7965E+24
2637.	0.7927E+24
2697.	0.7891E+24
2757.	0.7855E+24
2818.	0.7820E+24
2880.	0.7785E+24
2944.	0.7749E+24
3008.	0.7715E+24
3073.	0.7681E+24
3139.	0.7648E+24
3205.	0.7616E+24
3274.	0.7583E+24
3342.	0.7552E+24
3412.	0.7520E+24
3483.	0.7490E+24
3555.	0.7460E+24
 
 
E/N (Td)	Energy diffusion coef. D*N (1/m/s)
0.1461E-01	0.3621E+26
0.1574E-01	0.3538E+26
0.1694E-01	0.3455E+26
0.1824E-01	0.3374E+26
0.1961E-01	0.3294E+26
0.2108E-01	0.3214E+26
0.2264E-01	0.3137E+26
0.2430E-01	0.3061E+26
0.2607E-01	0.2986E+26
0.2793E-01	0.2914E+26
0.2991E-01	0.2843E+26
0.3201E-01	0.2775E+26
0.3422E-01	0.2708E+26
0.3655E-01	0.2643E+26
0.3901E-01	0.2580E+26
0.4160E-01	0.2519E+26
0.4433E-01	0.2460E+26
0.4720E-01	0.2403E+26
0.5021E-01	0.2348E+26
0.5338E-01	0.2294E+26
0.5669E-01	0.2243E+26
0.6017E-01	0.2193E+26
0.6382E-01	0.2144E+26
0.6764E-01	0.2097E+26
0.7164E-01	0.2052E+26
0.7584E-01	0.2010E+26
0.8022E-01	0.1969E+26
0.8482E-01	0.1928E+26
0.8963E-01	0.1889E+26
0.9467E-01	0.1851E+26
0.9994E-01	0.1815E+26
0.1056	0.1780E+26
0.1114	0.1746E+26
0.1174	0.1713E+26
0.1239	0.1681E+26
0.1306	0.1651E+26
0.1376	0.1621E+26
0.1450	0.1592E+26
0.1527	0.1564E+26
0.1608	0.1537E+26
0.1693	0.1511E+26
0.1783	0.1485E+26
0.1877	0.1460E+26
0.1975	0.1436E+26
0.2079	0.1413E+26
0.2188	0.1390E+26
0.2303	0.1368E+26
0.2424	0.1346E+26
0.2550	0.1325E+26
0.2684	0.1304E+26
0.2824	0.1284E+26
0.2972	0.1265E+26
0.3127	0.1245E+26
0.3291	0.1227E+26
0.3463	0.1208E+26
0.3644	0.1190E+26
0.3835	0.1173E+26
0.4036	0.1155E+26
0.4247	0.1138E+26
0.4469	0.1121E+26
0.4704	0.1105E+26
0.4952	0.1088E+26
0.5213	0.1073E+26
0.5489	0.1058E+26
0.5779	0.1043E+26
0.6087	0.1028E+26
0.6413	0.1013E+26
0.6756	0.9980E+25
0.7124	0.9834E+25
0.7510	0.9691E+25
0.7919	0.9552E+25
0.8354	0.9415E+25
0.8817	0.9281E+25
0.9308	0.9147E+25
0.9832	0.9012E+25
1.039	0.8878E+25
1.098	0.8746E+25
1.161	0.8616E+25
1.228	0.8487E+25
1.299	0.8360E+25
1.375	0.8235E+25
1.455	0.8110E+25
1.540	0.7987E+25
1.631	0.7865E+25
1.726	0.7744E+25
1.828	0.7624E+25
1.935	0.7506E+25
2.049	0.7389E+25
2.168	0.7273E+25
2.295	0.7160E+25
2.428	0.7047E+25
2.570	0.6937E+25
2.718	0.6828E+25
2.873	0.6721E+25
3.038	0.6616E+25
3.211	0.6513E+25
3.397	0.6412E+25
3.595	0.6314E+25
3.812	0.6217E+25
4.050	0.6123E+25
4.322	0.6031E+25
4.639	0.5942E+25
5.023	0.5856E+25
5.514	0.5772E+25
6.184	0.5691E+25
7.184	0.5614E+25
8.823	0.5542E+25
11.51	0.5477E+25
15.53	0.5418E+25
20.75	0.5365E+25
27.12	0.5318E+25
34.63	0.5277E+25
43.36	0.5242E+25
53.38	0.5213E+25
64.76	0.5190E+25
77.53	0.5174E+25
91.70	0.5165E+25
107.2	0.5162E+25
124.1	0.5167E+25
142.3	0.5180E+25
161.6	0.5200E+25
182.0	0.5228E+25
203.4	0.5263E+25
225.8	0.5306E+25
248.9	0.5357E+25
272.9	0.5416E+25
297.6	0.5481E+25
322.9	0.5554E+25
348.8	0.5634E+25
375.4	0.5722E+25
402.4	0.5816E+25
429.9	0.5917E+25
457.8	0.6025E+25
486.3	0.6141E+25
515.2	0.6262E+25
544.5	0.6391E+25
574.3	0.6525E+25
604.4	0.6667E+25
634.9	0.6815E+25
665.7	0.6973E+25
697.0	0.7134E+25
728.7	0.7301E+25
760.7	0.7474E+25
793.2	0.7654E+25
826.0	0.7840E+25
859.2	0.8031E+25
892.9	0.8227E+25
926.9	0.8430E+25
961.3	0.8639E+25
996.2	0.8853E+25
1031.	0.9071E+25
1067.	0.9297E+25
1103.	0.9528E+25
1140.	0.9764E+25
1177.	0.1001E+26
1215.	0.1025E+26
1253.	0.1050E+26
1292.	0.1076E+26
1331.	0.1102E+26
1370.	0.1129E+26
1411.	0.1157E+26
1451.	0.1185E+26
1493.	0.1213E+26
1535.	0.1242E+26
1577.	0.1272E+26
1621.	0.1302E+26
1664.	0.1333E+26
1709.	0.1365E+26
1754.	0.1397E+26
1800.	0.1430E+26
1847.	0.1463E+26
1894.	0.1497E+26
1942.	0.1532E+26
1990.	0.1568E+26
2040.	0.1605E+26
2090.	0.1642E+26
2141.	0.1680E+26
2193.	0.1719E+26
2246.	0.1759E+26
2299.	0.1799E+26
2353.	0.1841E+26
2408.	0.1884E+26
2464.	0.1928E+26
2521.	0.1973E+26
2579.	0.2018E+26
2637.	0.2066E+26
2697.	0.2114E+26
2757.	0.2164E+26
2818.	0.2215E+26
2880.	0.2267E+26
2944.	0.2321E+26
3008.	0.2375E+26
3073.	0.2432E+26
3139.	0.2491E+26
3205.	0.2550E+26
3274.	0.2612E+26
3342.	0.2676E+26
3412.	0.2741E+26
3483.	0.2808E+26
3555.	0.2877E+26
 
 
E/N (Td)	Total collision freq. /N (m3/s)
0.1461E-01	0.1803E-14
0.1574E-01	0.1878E-14
0.1694E-01	0.1958E-14
0.1824E-01	0.2043E-14
0.1961E-01	0.2133E-14
0.2108E-01	0.2228E-14
0.2264E-01	0.2328E-14
0.2430E-01	0.2433E-14
0.2607E-01	0.2543E-14
0.2793E-01	0.2659E-14
0.2991E-01	0.2780E-14
0.3201E-01	0.2906E-14
0.3422E-01	0.3038E-14
0.3655E-01	0.3175E-14
0.3901E-01	0.3318E-14
0.4160E-01	0.3467E-14
0.4433E-01	0.3621E-14
0.4720E-01	0.3782E-14
0.5021E-01	0.3948E-14
0.5338E-01	0.4121E-14
0.5669E-01	0.4299E-14
0.6017E-01	0.4484E-14
0.6382E-01	0.4676E-14
0.6764E-01	0.4874E-14
0.7164E-01	0.5079E-14
0.7584E-01	0.5291E-14
0.8022E-01	0.5510E-14
0.8482E-01	0.5736E-14
0.8963E-01	0.5970E-14
0.9467E-01	0.6212E-14
0.9994E-01	0.6462E-14
0.1056	0.6723E-14
0.1114	0.6991E-14
0.1174	0.7267E-14
0.1239	0.7555E-14
0.1306	0.7852E-14
0.1376	0.8158E-14
0.1450	0.8477E-14
0.1527	0.8805E-14
0.1608	0.9144E-14
0.1693	0.9497E-14
0.1783	0.9862E-14
0.1877	0.1024E-13
0.1975	0.1063E-13
0.2079	0.1103E-13
0.2188	0.1146E-13
0.2303	0.1189E-13
0.2424	0.1234E-13
0.2550	0.1281E-13
0.2684	0.1330E-13
0.2824	0.1380E-13
0.2972	0.1433E-13
0.3127	0.1487E-13
0.3291	0.1543E-13
0.3463	0.1602E-13
0.3644	0.1663E-13
0.3835	0.1726E-13
0.4036	0.1792E-13
0.4247	0.1859E-13
0.4469	0.1930E-13
0.4704	0.2004E-13
0.4952	0.2080E-13
0.5213	0.2160E-13
0.5489	0.2243E-13
0.5779	0.2328E-13
0.6087	0.2418E-13
0.6413	0.2511E-13
0.6756	0.2608E-13
0.7124	0.2710E-13
0.7510	0.2815E-13
0.7919	0.2924E-13
0.8354	0.3038E-13
0.8817	0.3158E-13
0.9308	0.3282E-13
0.9832	0.3412E-13
1.039	0.3548E-13
1.098	0.3689E-13
1.161	0.3836E-13
1.228	0.3991E-13
1.299	0.4152E-13
1.375	0.4321E-13
1.455	0.4497E-13
1.540	0.4681E-13
1.631	0.4873E-13
1.726	0.5073E-13
1.828	0.5282E-13
1.935	0.5500E-13
2.049	0.5728E-13
2.168	0.5965E-13
2.295	0.6211E-13
2.428	0.6469E-13
2.570	0.6739E-13
2.718	0.7018E-13
2.873	0.7307E-13
3.038	0.7607E-13
3.211	0.7918E-13
3.397	0.8241E-13
3.595	0.8574E-13
3.812	0.8918E-13
4.050	0.9271E-13
4.322	0.9639E-13
4.639	0.1002E-12
5.023	0.1041E-12
5.514	0.1081E-12
6.184	0.1122E-12
7.184	0.1164E-12
8.823	0.1207E-12
11.51	0.1250E-12
15.53	0.1292E-12
20.75	0.1334E-12
27.12	0.1375E-12
34.63	0.1415E-12
43.36	0.1456E-12
53.38	0.1495E-12
64.76	0.1535E-12
77.53	0.1573E-12
91.70	0.1611E-12
107.2	0.1648E-12
124.1	0.1684E-12
142.3	0.1719E-12
161.6	0.1754E-12
182.0	0.1787E-12
203.4	0.1819E-12
225.8	0.1851E-12
248.9	0.1881E-12
272.9	0.1911E-12
297.6	0.1940E-12
322.9	0.1968E-12
348.8	0.1996E-12
375.4	0.2022E-12
402.4	0.2049E-12
429.9	0.2074E-12
457.8	0.2099E-12
486.3	0.2123E-12
515.2	0.2146E-12
544.5	0.2169E-12
574.3	0.2191E-12
604.4	0.2213E-12
634.9	0.2234E-12
665.7	0.2254E-12
697.0	0.2274E-12
728.7	0.2294E-12
760.7	0.2313E-12
793.2	0.2331E-12
826.0	0.2349E-12
859.2	0.2367E-12
892.9	0.2384E-12
926.9	0.2400E-12
961.3	0.2417E-12
996.2	0.2433E-12
1031.	0.2448E-12
1067.	0.2463E-12
1103.	0.2478E-12
1140.	0.2492E-12
1177.	0.2506E-12
1215.	0.2520E-12
1253.	0.2534E-12
1292.	0.2547E-12
1331.	0.2560E-12
1370.	0.2572E-12
1411.	0.2585E-12
1451.	0.2597E-12
1493.	0.2608E-12
1535.	0.2620E-12
1577.	0.2631E-12
1621.	0.2642E-12
1664.	0.2653E-12
1709.	0.2664E-12
1754.	0.2674E-12
1800.	0.2685E-12
1847.	0.2695E-12
1894.	0.2705E-12
1942.	0.2714E-12
1990.	0.2724E-12
2040.	0.2733E-12
2090.	0.2742E-12
2141.	0.2751E-12
2193.	0.2760E-12
2246.	0.2769E-12
2299.	0.2777E-12
2353.	0.2785E-12
2408.	0.2794E-12
2464.	0.2802E-12
2521.	0.2810E-12
2579.	0.2817E-12
2637.	0.2825E-12
2697.	0.2832E-12
2757.	0.2840E-12
2818.	0.2847E-12
2880.	0.2854E-12
2944.	0.2861E-12
3008.	0.2868E-12
3073.	0.2874E-12
3139.	0.2881E-12
3205.	0.2888E-12
3274.	0.2894E-12
3342.	0.2900E-12
3412.	0.2906E-12
3483.	0.2912E-12
3555.	0.2918E-12
 
 
E/N (Td)	Momentum frequency /N (m3/s)
0.1461E-01	0.2894E-14
0.1574E-01	0.3055E-14
0.1694E-01	0.3223E-14
0.1824E-01	0.3398E-14
0.1961E-01	0.3581E-14
0.2108E-01	0.3772E-14
0.2264E-01	0.3971E-14
0.2430E-01	0.4178E-14
0.2607E-01	0.4392E-14
0.2793E-01	0.4615E-14
0.2991E-01	0.4845E-14
0.3201E-01	0.5084E-14
0.3422E-01	0.5330E-14
0.3655E-01	0.5585E-14
0.3901E-01	0.5848E-14
0.4160E-01	0.6119E-14
0.4433E-01	0.6398E-14
0.4720E-01	0.6685E-14
0.5021E-01	0.6981E-14
0.5338E-01	0.7285E-14
0.5669E-01	0.7597E-14
0.6017E-01	0.7919E-14
0.6382E-01	0.8249E-14
0.6764E-01	0.8588E-14
0.7164E-01	0.8938E-14
0.7584E-01	0.9297E-14
0.8022E-01	0.9667E-14
0.8482E-01	0.1005E-13
0.8963E-01	0.1044E-13
0.9467E-01	0.1084E-13
0.9994E-01	0.1126E-13
0.1056	0.1170E-13
0.1114	0.1214E-13
0.1174	0.1260E-13
0.1239	0.1308E-13
0.1306	0.1357E-13
0.1376	0.1408E-13
0.1450	0.1461E-13
0.1527	0.1515E-13
0.1608	0.1572E-13
0.1693	0.1631E-13
0.1783	0.1692E-13
0.1877	0.1755E-13
0.1975	0.1820E-13
0.2079	0.1888E-13
0.2188	0.1959E-13
0.2303	0.2033E-13
0.2424	0.2109E-13
0.2550	0.2189E-13
0.2684	0.2271E-13
0.2824	0.2357E-13
0.2972	0.2447E-13
0.3127	0.2540E-13
0.3291	0.2637E-13
0.3463	0.2737E-13
0.3644	0.2842E-13
0.3835	0.2951E-13
0.4036	0.3064E-13
0.4247	0.3182E-13
0.4469	0.3304E-13
0.4704	0.3432E-13
0.4952	0.3564E-13
0.5213	0.3702E-13
0.5489	0.3846E-13
0.5779	0.3995E-13
0.6087	0.4150E-13
0.6413	0.4312E-13
0.6756	0.4480E-13
0.7124	0.4656E-13
0.7510	0.4838E-13
0.7919	0.5026E-13
0.8354	0.5222E-13
0.8817	0.5427E-13
0.9308	0.5639E-13
0.9832	0.5860E-13
1.039	0.6090E-13
1.098	0.6329E-13
1.161	0.6576E-13
1.228	0.6834E-13
1.299	0.7103E-13
1.375	0.7383E-13
1.455	0.7673E-13
1.540	0.7977E-13
1.631	0.8291E-13
1.726	0.8619E-13
1.828	0.8960E-13
1.935	0.9316E-13
2.049	0.9687E-13
2.168	0.1007E-12
2.295	0.1047E-12
2.428	0.1089E-12
2.570	0.1133E-12
2.718	0.1177E-12
2.873	0.1224E-12
3.038	0.1272E-12
3.211	0.1321E-12
3.397	0.1371E-12
3.595	0.1422E-12
3.812	0.1474E-12
4.050	0.1524E-12
4.322	0.1575E-12
4.639	0.1623E-12
5.023	0.1667E-12
5.514	0.1704E-12
6.184	0.1733E-12
7.184	0.1753E-12
8.823	0.1765E-12
11.51	0.1782E-12
15.53	0.1817E-12
20.75	0.1866E-12
27.12	0.1923E-12
34.63	0.1982E-12
43.36	0.2039E-12
53.38	0.2094E-12
64.76	0.2144E-12
77.53	0.2192E-12
91.70	0.2236E-12
107.2	0.2279E-12
124.1	0.2319E-12
142.3	0.2359E-12
161.6	0.2397E-12
182.0	0.2434E-12
203.4	0.2470E-12
225.8	0.2504E-12
248.9	0.2538E-12
272.9	0.2571E-12
297.6	0.2602E-12
322.9	0.2633E-12
348.8	0.2662E-12
375.4	0.2690E-12
402.4	0.2717E-12
429.9	0.2743E-12
457.8	0.2767E-12
486.3	0.2791E-12
515.2	0.2814E-12
544.5	0.2836E-12
574.3	0.2857E-12
604.4	0.2878E-12
634.9	0.2897E-12
665.7	0.2916E-12
697.0	0.2934E-12
728.7	0.2952E-12
760.7	0.2969E-12
793.2	0.2986E-12
826.0	0.3003E-12
859.2	0.3019E-12
892.9	0.3035E-12
926.9	0.3051E-12
961.3	0.3066E-12
996.2	0.3082E-12
1031.	0.3097E-12
1067.	0.3112E-12
1103.	0.3127E-12
1140.	0.3142E-12
1177.	0.3156E-12
1215.	0.3171E-12
1253.	0.3187E-12
1292.	0.3201E-12
1331.	0.3216E-12
1370.	0.3231E-12
1411.	0.3246E-12
1451.	0.3261E-12
1493.	0.3275E-12
1535.	0.3291E-12
1577.	0.3306E-12
1621.	0.3321E-12
1664.	0.3336E-12
1709.	0.3352E-12
1754.	0.3368E-12
1800.	0.3383E-12
1847.	0.3399E-12
1894.	0.3415E-12
1942.	0.3432E-12
1990.	0.3447E-12
2040.	0.3464E-12
2090.	0.3481E-12
2141.	0.3497E-12
2193.	0.3513E-12
2246.	0.3531E-12
2299.	0.3547E-12
2353.	0.3564E-12
2408.	0.3582E-12
2464.	0.3598E-12
2521.	0.3617E-12
2579.	0.3633E-12
2637.	0.3651E-12
2697.	0.3668E-12
2757.	0.3686E-12
2818.	0.3704E-12
2880.	0.3721E-12
2944.	0.3740E-12
3008.	0.3757E-12
3073.	0.3775E-12
3139.	0.3793E-12
3205.	0.3810E-12
3274.	0.3828E-12
3342.	0.3846E-12
3412.	0.3864E-12
3483.	0.3881E-12
3555.	0.3899E-12
 
 
E/N (Td)	Total ionization freq. /N (m3/s)
0.1461E-01	0.000
0.1574E-01	0.000
0.1694E-01	0.000
0.1824E-01	0.000
0.1961E-01	0.000
0.2108E-01	0.000
0.2264E-01	0.000
0.2430E-01	0.000
0.2607E-01	0.000
0.2793E-01	0.000
0.2991E-01	0.000
0.3201E-01	0.000
0.3422E-01	0.000
0.3655E-01	0.000
0.3901E-01	0.000
0.4160E-01	0.000
0.4433E-01	0.000
0.4720E-01	0.000
0.5021E-01	0.000
0.5338E-01	0.000
0.5669E-01	0.000
0.6017E-01	0.1537E-33
0.6382E-01	0.6711E-33
0.6764E-01	0.1918E-32
0.7164E-01	0.4608E-32
0.7584E-01	0.1015E-31
0.8022E-01	0.2139E-31
0.8482E-01	0.4411E-31
0.8963E-01	0.9020E-31
0.9467E-01	0.1840E-30
0.9994E-01	0.3762E-30
0.1056	0.7805E-30
0.1114	0.1612E-29
0.1174	0.3342E-29
0.1239	0.7001E-29
0.1306	0.1323E-28
0.1376	0.2921E-28
0.1450	0.6325E-28
0.1527	0.1347E-27
0.1608	0.2847E-27
0.1693	0.6007E-27
0.1783	0.1258E-26
0.1877	0.2620E-26
0.1975	0.5422E-26
0.2079	0.1114E-25
0.2188	0.2276E-25
0.2303	0.4592E-25
0.2424	0.9160E-25
0.2550	0.1804E-24
0.2684	0.3503E-24
0.2824	0.6698E-24
0.2972	0.1265E-23
0.3127	0.2340E-23
0.3291	0.4250E-23
0.3463	0.7573E-23
0.3644	0.1323E-22
0.3835	0.2265E-22
0.4036	0.3809E-22
0.4247	0.6245E-22
0.4469	0.1006E-21
0.4704	0.1587E-21
0.4952	0.2455E-21
0.5213	0.3724E-21
0.5489	0.5540E-21
0.5779	0.8080E-21
0.6087	0.1160E-20
0.6413	0.1636E-20
0.6756	0.2266E-20
0.7124	0.3101E-20
0.7510	0.4168E-20
0.7919	0.5519E-20
0.8354	0.7214E-20
0.8817	0.9314E-20
0.9308	0.1187E-19
0.9832	0.1495E-19
1.039	0.1863E-19
1.098	0.2296E-19
1.161	0.2799E-19
1.228	0.3381E-19
1.299	0.4046E-19
1.375	0.4802E-19
1.455	0.5647E-19
1.540	0.6590E-19
1.631	0.7629E-19
1.726	0.8767E-19
1.828	0.1001E-18
1.935	0.1135E-18
2.049	0.1279E-18
2.168	0.1433E-18
2.295	0.1597E-18
2.428	0.1771E-18
2.570	0.1957E-18
2.718	0.2149E-18
2.873	0.2350E-18
3.038	0.2560E-18
3.211	0.2777E-18
3.397	0.3002E-18
3.595	0.3234E-18
3.812	0.3474E-18
4.050	0.3718E-18
4.322	0.3971E-18
4.639	0.4231E-18
5.023	0.4495E-18
5.514	0.4766E-18
6.184	0.5041E-18
7.184	0.5319E-18
8.823	0.5595E-18
11.51	0.5863E-18
15.53	0.6148E-18
20.75	0.6729E-18
27.12	0.8990E-18
34.63	0.1693E-17
43.36	0.3871E-17
53.38	0.8743E-17
64.76	0.1812E-16
77.53	0.3422E-16
91.70	0.5956E-16
107.2	0.9671E-16
124.1	0.1483E-15
142.3	0.2166E-15
161.6	0.3040E-15
182.0	0.4123E-15
203.4	0.5431E-15
225.8	0.6976E-15
248.9	0.8771E-15
272.9	0.1082E-14
297.6	0.1313E-14
322.9	0.1571E-14
348.8	0.1857E-14
375.4	0.2170E-14
402.4	0.2511E-14
429.9	0.2877E-14
457.8	0.3273E-14
486.3	0.3696E-14
515.2	0.4147E-14
544.5	0.4627E-14
574.3	0.5133E-14
604.4	0.5667E-14
634.9	0.6228E-14
665.7	0.6817E-14
697.0	0.7432E-14
728.7	0.8074E-14
760.7	0.8742E-14
793.2	0.9436E-14
826.0	0.1016E-13
859.2	0.1090E-13
892.9	0.1167E-13
926.9	0.1247E-13
961.3	0.1329E-13
996.2	0.1413E-13
1031.	0.1500E-13
1067.	0.1589E-13
1103.	0.1681E-13
1140.	0.1774E-13
1177.	0.1871E-13
1215.	0.1969E-13
1253.	0.2070E-13
1292.	0.2172E-13
1331.	0.2278E-13
1370.	0.2385E-13
1411.	0.2494E-13
1451.	0.2605E-13
1493.	0.2719E-13
1535.	0.2834E-13
1577.	0.2951E-13
1621.	0.3071E-13
1664.	0.3192E-13
1709.	0.3315E-13
1754.	0.3440E-13
1800.	0.3566E-13
1847.	0.3695E-13
1894.	0.3825E-13
1942.	0.3957E-13
1990.	0.4090E-13
2040.	0.4226E-13
2090.	0.4362E-13
2141.	0.4500E-13
2193.	0.4640E-13
2246.	0.4781E-13
2299.	0.4923E-13
2353.	0.5066E-13
2408.	0.5211E-13
2464.	0.5357E-13
2521.	0.5504E-13
2579.	0.5652E-13
2637.	0.5801E-13
2697.	0.5951E-13
2757.	0.6102E-13
2818.	0.6254E-13
2880.	0.6407E-13
2944.	0.6560E-13
3008.	0.6715E-13
3073.	0.6869E-13
3139.	0.7024E-13
3205.	0.7180E-13
3274.	0.7336E-13
3342.	0.7492E-13
3412.	0.7648E-13
3483.	0.7806E-13
3555.	0.7962E-13
 
 
E/N (Td)	Townsend ioniz. coef. alpha/N (m2)
0.1461E-01	0.000
0.1574E-01	0.000
0.1694E-01	0.000
0.1824E-01	0.000
0.1961E-01	0.000
0.2108E-01	0.000
0.2264E-01	0.000
0.2430E-01	0.000
0.2607E-01	0.000
0.2793E-01	0.000
0.2991E-01	0.000
0.3201E-01	0.000
0.3422E-01	0.000
0.3655E-01	0.000
0.3901E-01	0.000
0.4160E-01	0.000
0.4433E-01	0.000
0.4720E-01	0.000
0.5021E-01	0.000
0.5338E-01	0.000
0.5669E-01	0.000
0.6017E-01	0.1150E-36
0.6382E-01	0.4932E-36
0.6764E-01	0.1385E-35
0.7164E-01	0.3268E-35
0.7584E-01	0.7076E-35
0.8022E-01	0.1465E-34
0.8482E-01	0.2971E-34
0.8963E-01	0.5973E-34
0.9467E-01	0.1198E-33
0.9994E-01	0.2409E-33
0.1056	0.4917E-33
0.1114	0.9990E-33
0.1174	0.2039E-32
0.1239	0.4203E-32
0.1306	0.7816E-32
0.1376	0.1700E-31
0.1450	0.3624E-31
0.1527	0.7602E-31
0.1608	0.1582E-30
0.1693	0.3289E-30
0.1783	0.6786E-30
0.1877	0.1393E-29
0.1975	0.2841E-29
0.2079	0.5751E-29
0.2188	0.1159E-28
0.2303	0.2305E-28
0.2424	0.4533E-28
0.2550	0.8803E-28
0.2684	0.1686E-27
0.2824	0.3179E-27
0.2972	0.5922E-27
0.3127	0.1081E-26
0.3291	0.1936E-26
0.3463	0.3403E-26
0.3644	0.5866E-26
0.3835	0.9908E-26
0.4036	0.1644E-25
0.4247	0.2660E-25
0.4469	0.4227E-25
0.4704	0.6583E-25
0.4952	0.1005E-24
0.5213	0.1504E-24
0.5489	0.2207E-24
0.5779	0.3176E-24
0.6087	0.4496E-24
0.6413	0.6254E-24
0.6756	0.8544E-24
0.7124	0.1152E-23
0.7510	0.1526E-23
0.7919	0.1992E-23
0.8354	0.2564E-23
0.8817	0.3259E-23
0.9308	0.4087E-23
0.9832	0.5067E-23
1.039	0.6209E-23
1.098	0.7524E-23
1.161	0.9016E-23
1.228	0.1070E-22
1.299	0.1258E-22
1.375	0.1466E-22
1.455	0.1693E-22
1.540	0.1940E-22
1.631	0.2205E-22
1.726	0.2489E-22
1.828	0.2789E-22
1.935	0.3106E-22
2.049	0.3439E-22
2.168	0.3785E-22
2.295	0.4145E-22
2.428	0.4517E-22
2.570	0.4903E-22
2.718	0.5294E-22
2.873	0.5691E-22
3.038	0.6092E-22
3.211	0.6493E-22
3.397	0.6889E-22
3.595	0.7273E-22
3.812	0.7634E-22
4.050	0.7957E-22
4.322	0.8227E-22
4.639	0.8413E-22
5.023	0.8480E-22
5.514	0.8376E-22
6.184	0.8034E-22
7.184	0.7377E-22
8.823	0.6364E-22
11.51	0.5161E-22
15.53	0.4091E-22
20.75	0.3440E-22
27.12	0.3625E-22
34.63	0.5510E-22
43.36	0.1035E-21
53.38	0.1950E-21
64.76	0.3411E-21
77.53	0.5501E-21
91.70	0.8258E-21
107.2	0.1168E-20
124.1	0.1575E-20
142.3	0.2042E-20
161.6	0.2564E-20
182.0	0.3135E-20
203.4	0.3749E-20
225.8	0.4400E-20
248.9	0.5084E-20
272.9	0.5795E-20
297.6	0.6530E-20
322.9	0.7282E-20
348.8	0.8054E-20
375.4	0.8840E-20
402.4	0.9636E-20
429.9	0.1044E-19
457.8	0.1125E-19
486.3	0.1206E-19
515.2	0.1288E-19
544.5	0.1370E-19
574.3	0.1452E-19
604.4	0.1534E-19
634.9	0.1616E-19
665.7	0.1697E-19
697.0	0.1779E-19
728.7	0.1860E-19
760.7	0.1940E-19
793.2	0.2020E-19
826.0	0.2099E-19
859.2	0.2178E-19
892.9	0.2256E-19
926.9	0.2333E-19
961.3	0.2410E-19
996.2	0.2485E-19
1031.	0.2561E-19
1067.	0.2635E-19
1103.	0.2708E-19
1140.	0.2780E-19
1177.	0.2852E-19
1215.	0.2923E-19
1253.	0.2993E-19
1292.	0.3062E-19
1331.	0.3129E-19
1370.	0.3196E-19
1411.	0.3262E-19
1451.	0.3328E-19
1493.	0.3391E-19
1535.	0.3455E-19
1577.	0.3517E-19
1621.	0.3578E-19
1664.	0.3638E-19
1709.	0.3697E-19
1754.	0.3755E-19
1800.	0.3811E-19
1847.	0.3867E-19
1894.	0.3922E-19
1942.	0.3976E-19
1990.	0.4028E-19
2040.	0.4079E-19
2090.	0.4129E-19
2141.	0.4178E-19
2193.	0.4226E-19
2246.	0.4273E-19
2299.	0.4318E-19
2353.	0.4363E-19
2408.	0.4406E-19
2464.	0.4448E-19
2521.	0.4489E-19
2579.	0.4528E-19
2637.	0.4566E-19
2697.	0.4603E-19
2757.	0.4639E-19
2818.	0.4673E-19
2880.	0.4706E-19
2944.	0.4738E-19
3008.	0.4768E-19
3073.	0.4798E-19
3139.	0.4826E-19
3205.	0.4852E-19
3274.	0.4878E-19
3342.	0.4902E-19
3412.	0.4924E-19
3483.	0.4945E-19
3555.	0.4966E-19
 
 
E/N (Td)	Power /N (eV m3/s)
0.1461E-01	0.1297E-19
0.1574E-01	0.1426E-19
0.1694E-01	0.1567E-19
0.1824E-01	0.1721E-19
0.1961E-01	0.1889E-19
0.2108E-01	0.2072E-19
0.2264E-01	0.2271E-19
0.2430E-01	0.2487E-19
0.2607E-01	0.2721E-19
0.2793E-01	0.2974E-19
0.2991E-01	0.3248E-19
0.3201E-01	0.3544E-19
0.3422E-01	0.3863E-19
0.3655E-01	0.4207E-19
0.3901E-01	0.4577E-19
0.4160E-01	0.4975E-19
0.4433E-01	0.5403E-19
0.4720E-01	0.5861E-19
0.5021E-01	0.6353E-19
0.5338E-01	0.6879E-19
0.5669E-01	0.7441E-19
0.6017E-01	0.8042E-19
0.6382E-01	0.8685E-19
0.6764E-01	0.9370E-19
0.7164E-01	0.1010E-18
0.7584E-01	0.1088E-18
0.8022E-01	0.1171E-18
0.8482E-01	0.1259E-18
0.8963E-01	0.1354E-18
0.9467E-01	0.1454E-18
0.9994E-01	0.1560E-18
0.1056	0.1675E-18
0.1114	0.1796E-18
0.1174	0.1925E-18
0.1239	0.2063E-18
0.1306	0.2209E-18
0.1376	0.2364E-18
0.1450	0.2530E-18
0.1527	0.2706E-18
0.1608	0.2893E-18
0.1693	0.3093E-18
0.1783	0.3305E-18
0.1877	0.3530E-18
0.1975	0.3770E-18
0.2079	0.4026E-18
0.2188	0.4299E-18
0.2303	0.4589E-18
0.2424	0.4897E-18
0.2550	0.5226E-18
0.2684	0.5576E-18
0.2824	0.5949E-18
0.2972	0.6349E-18
0.3127	0.6772E-18
0.3291	0.7224E-18
0.3463	0.7705E-18
0.3644	0.8218E-18
0.3835	0.8765E-18
0.4036	0.9351E-18
0.4247	0.9970E-18
0.4469	0.1063E-17
0.4704	0.1134E-17
0.4952	0.1210E-17
0.5213	0.1291E-17
0.5489	0.1378E-17
0.5779	0.1470E-17
0.6087	0.1570E-17
0.6413	0.1677E-17
0.6756	0.1792E-17
0.7124	0.1917E-17
0.7510	0.2051E-17
0.7919	0.2195E-17
0.8354	0.2350E-17
0.8817	0.2520E-17
0.9308	0.2702E-17
0.9832	0.2901E-17
1.039	0.3117E-17
1.098	0.3350E-17
1.161	0.3603E-17
1.228	0.3878E-17
1.299	0.4177E-17
1.375	0.4501E-17
1.455	0.4851E-17
1.540	0.5231E-17
1.631	0.5640E-17
1.726	0.6082E-17
1.828	0.6557E-17
1.935	0.7069E-17
2.049	0.7620E-17
2.168	0.8210E-17
2.295	0.8843E-17
2.428	0.9521E-17
2.570	0.1026E-16
2.718	0.1103E-16
2.873	0.1187E-16
3.038	0.1276E-16
3.211	0.1374E-16
3.397	0.1480E-16
3.595	0.1599E-16
3.812	0.1734E-16
4.050	0.1892E-16
4.322	0.2086E-16
4.639	0.2333E-16
5.023	0.2663E-16
5.514	0.3137E-16
6.184	0.3880E-16
7.184	0.5180E-16
8.823	0.7756E-16
11.51	0.1308E-15
15.53	0.2333E-15
20.75	0.4059E-15
27.12	0.6725E-15
34.63	0.1064E-14
43.36	0.1622E-14
53.38	0.2394E-14
64.76	0.3440E-14
77.53	0.4824E-14
91.70	0.6614E-14
107.2	0.8878E-14
124.1	0.1168E-13
142.3	0.1509E-13
161.6	0.1916E-13
182.0	0.2394E-13
203.4	0.2947E-13
225.8	0.3579E-13
248.9	0.4295E-13
272.9	0.5096E-13
297.6	0.5985E-13
322.9	0.6964E-13
348.8	0.8040E-13
375.4	0.9214E-13
402.4	0.1048E-12
429.9	0.1185E-12
457.8	0.1332E-12
486.3	0.1490E-12
515.2	0.1659E-12
544.5	0.1839E-12
574.3	0.2030E-12
604.4	0.2233E-12
634.9	0.2447E-12
665.7	0.2674E-12
697.0	0.2912E-12
728.7	0.3164E-12
760.7	0.3428E-12
793.2	0.3705E-12
826.0	0.3996E-12
859.2	0.4301E-12
892.9	0.4619E-12
926.9	0.4953E-12
961.3	0.5300E-12
996.2	0.5663E-12
1031.	0.6042E-12
1067.	0.6437E-12
1103.	0.6848E-12
1140.	0.7276E-12
1177.	0.7721E-12
1215.	0.8183E-12
1253.	0.8664E-12
1292.	0.9164E-12
1331.	0.9684E-12
1370.	0.1022E-11
1411.	0.1078E-11
1451.	0.1136E-11
1493.	0.1197E-11
1535.	0.1259E-11
1577.	0.1324E-11
1621.	0.1391E-11
1664.	0.1460E-11
1709.	0.1532E-11
1754.	0.1607E-11
1800.	0.1684E-11
1847.	0.1764E-11
1894.	0.1847E-11
1942.	0.1933E-11
1990.	0.2021E-11
2040.	0.2113E-11
2090.	0.2208E-11
2141.	0.2306E-11
2193.	0.2408E-11
2246.	0.2513E-11
2299.	0.2621E-11
2353.	0.2733E-11
2408.	0.2848E-11
2464.	0.2968E-11
2521.	0.3092E-11
2579.	0.3219E-11
2637.	0.3351E-11
2697.	0.3487E-11
2757.	0.3627E-11
2818.	0.3772E-11
2880.	0.3922E-11
2944.	0.4076E-11
3008.	0.4235E-11
3073.	0.4399E-11
3139.	0.4568E-11
3205.	0.4743E-11
3274.	0.4924E-11
3342.	0.5108E-11
3412.	0.5300E-11
3483.	0.5497E-11
3555.	0.5699E-11
 
 
E/N (Td)	Elastic power loss /N (eV m3/s)
0.1461E-01	0.1297E-19
0.1574E-01	0.1426E-19
0.1694E-01	0.1567E-19
0.1824E-01	0.1722E-19
0.1961E-01	0.1890E-19
0.2108E-01	0.2073E-19
0.2264E-01	0.2272E-19
0.2430E-01	0.2487E-19
0.2607E-01	0.2721E-19
0.2793E-01	0.2975E-19
0.2991E-01	0.3249E-19
0.3201E-01	0.3545E-19
0.3422E-01	0.3864E-19
0.3655E-01	0.4208E-19
0.3901E-01	0.4578E-19
0.4160E-01	0.4976E-19
0.4433E-01	0.5404E-19
0.4720E-01	0.5862E-19
0.5021E-01	0.6354E-19
0.5338E-01	0.6880E-19
0.5669E-01	0.7442E-19
0.6017E-01	0.8044E-19
0.6382E-01	0.8686E-19
0.6764E-01	0.9372E-19
0.7164E-01	0.1010E-18
0.7584E-01	0.1088E-18
0.8022E-01	0.1171E-18
0.8482E-01	0.1260E-18
0.8963E-01	0.1354E-18
0.9467E-01	0.1454E-18
0.9994E-01	0.1561E-18
0.1056	0.1676E-18
0.1114	0.1797E-18
0.1174	0.1925E-18
0.1239	0.2063E-18
0.1306	0.2209E-18
0.1376	0.2365E-18
0.1450	0.2531E-18
0.1527	0.2706E-18
0.1608	0.2893E-18
0.1693	0.3093E-18
0.1783	0.3305E-18
0.1877	0.3531E-18
0.1975	0.3771E-18
0.2079	0.4026E-18
0.2188	0.4299E-18
0.2303	0.4589E-18
0.2424	0.4898E-18
0.2550	0.5227E-18
0.2684	0.5577E-18
0.2824	0.5950E-18
0.2972	0.6349E-18
0.3127	0.6773E-18
0.3291	0.7224E-18
0.3463	0.7706E-18
0.3644	0.8218E-18
0.3835	0.8764E-18
0.4036	0.9350E-18
0.4247	0.9967E-18
0.4469	0.1063E-17
0.4704	0.1134E-17
0.4952	0.1209E-17
0.5213	0.1289E-17
0.5489	0.1375E-17
0.5779	0.1466E-17
0.6087	0.1563E-17
0.6413	0.1668E-17
0.6756	0.1778E-17
0.7124	0.1898E-17
0.7510	0.2024E-17
0.7919	0.2160E-17
0.8354	0.2304E-17
0.8817	0.2459E-17
0.9308	0.2625E-17
0.9832	0.2802E-17
1.039	0.2993E-17
1.098	0.3196E-17
1.161	0.3414E-17
1.228	0.3647E-17
1.299	0.3897E-17
1.375	0.4167E-17
1.455	0.4454E-17
1.540	0.4762E-17
1.631	0.5092E-17
1.726	0.5445E-17
1.828	0.5823E-17
1.935	0.6227E-17
2.049	0.6661E-17
2.168	0.7124E-17
2.295	0.7619E-17
2.428	0.8149E-17
2.570	0.8720E-17
2.718	0.9324E-17
2.873	0.9967E-17
3.038	0.1065E-16
3.211	0.1138E-16
3.397	0.1215E-16
3.595	0.1298E-16
3.812	0.1384E-16
4.050	0.1476E-16
4.322	0.1574E-16
4.639	0.1677E-16
5.023	0.1787E-16
5.514	0.1904E-16
6.184	0.2028E-16
7.184	0.2161E-16
8.823	0.2304E-16
11.51	0.2452E-16
15.53	0.2603E-16
20.75	0.2755E-16
27.12	0.2909E-16
34.63	0.3066E-16
43.36	0.3226E-16
53.38	0.3391E-16
64.76	0.3559E-16
77.53	0.3730E-16
91.70	0.3906E-16
107.2	0.4084E-16
124.1	0.4265E-16
142.3	0.4448E-16
161.6	0.4634E-16
182.0	0.4823E-16
203.4	0.5014E-16
225.8	0.5207E-16
248.9	0.5403E-16
272.9	0.5602E-16
297.6	0.5804E-16
322.9	0.6008E-16
348.8	0.6217E-16
375.4	0.6428E-16
402.4	0.6644E-16
429.9	0.6861E-16
457.8	0.7084E-16
486.3	0.7310E-16
515.2	0.7540E-16
544.5	0.7775E-16
574.3	0.8014E-16
604.4	0.8257E-16
634.9	0.8506E-16
665.7	0.8759E-16
697.0	0.9017E-16
728.7	0.9280E-16
760.7	0.9549E-16
793.2	0.9824E-16
826.0	0.1010E-15
859.2	0.1039E-15
892.9	0.1068E-15
926.9	0.1098E-15
961.3	0.1129E-15
996.2	0.1160E-15
1031.	0.1192E-15
1067.	0.1224E-15
1103.	0.1258E-15
1140.	0.1292E-15
1177.	0.1327E-15
1215.	0.1363E-15
1253.	0.1399E-15
1292.	0.1437E-15
1331.	0.1475E-15
1370.	0.1515E-15
1411.	0.1555E-15
1451.	0.1596E-15
1493.	0.1638E-15
1535.	0.1682E-15
1577.	0.1726E-15
1621.	0.1772E-15
1664.	0.1818E-15
1709.	0.1866E-15
1754.	0.1915E-15
1800.	0.1965E-15
1847.	0.2016E-15
1894.	0.2069E-15
1942.	0.2123E-15
1990.	0.2178E-15
2040.	0.2235E-15
2090.	0.2293E-15
2141.	0.2353E-15
2193.	0.2414E-15
2246.	0.2477E-15
2299.	0.2541E-15
2353.	0.2607E-15
2408.	0.2674E-15
2464.	0.2743E-15
2521.	0.2814E-15
2579.	0.2887E-15
2637.	0.2961E-15
2697.	0.3037E-15
2757.	0.3116E-15
2818.	0.3196E-15
2880.	0.3278E-15
2944.	0.3362E-15
3008.	0.3448E-15
3073.	0.3536E-15
3139.	0.3626E-15
3205.	0.3718E-15
3274.	0.3813E-15
3342.	0.3910E-15
3412.	0.4009E-15
3483.	0.4110E-15
3555.	0.4214E-15
 
 
E/N (Td)	Inelastic power loss /N (eV m3/s)
0.1461E-01	-0.1469E-71
0.1574E-01	-0.1489E-71
0.1694E-01	-0.1509E-71
0.1824E-01	-0.1529E-71
0.1961E-01	-0.1550E-71
0.2108E-01	-0.1571E-71
0.2264E-01	-0.1592E-71
0.2430E-01	-0.1613E-71
0.2607E-01	-0.1635E-71
0.2793E-01	-0.1657E-71
0.2991E-01	-0.1679E-71
0.3201E-01	-0.1702E-71
0.3422E-01	-0.1725E-71
0.3655E-01	-0.1748E-71
0.3901E-01	-0.1772E-71
0.4160E-01	-0.1796E-71
0.4433E-01	-0.1821E-71
0.4720E-01	-0.1845E-71
0.5021E-01	-0.1871E-71
0.5338E-01	-0.1897E-71
0.5669E-01	-0.1923E-71
0.6017E-01	0.6455E-33
0.6382E-01	0.2819E-32
0.6764E-01	0.8057E-32
0.7164E-01	0.1935E-31
0.7584E-01	0.4264E-31
0.8022E-01	0.8983E-31
0.8482E-01	0.1853E-30
0.8963E-01	0.3788E-30
0.9467E-01	0.7728E-30
0.9994E-01	0.1580E-29
0.1056	0.3278E-29
0.1114	0.6769E-29
0.1174	0.1404E-28
0.1239	0.2940E-28
0.1306	0.5555E-28
0.1376	0.1227E-27
0.1450	0.2657E-27
0.1527	0.5659E-27
0.1608	0.1196E-26
0.1693	0.2523E-26
0.1783	0.5283E-26
0.1877	0.1100E-25
0.1975	0.2277E-25
0.2079	0.4677E-25
0.2188	0.9561E-25
0.2303	0.1929E-24
0.2424	0.3847E-24
0.2550	0.7576E-24
0.2684	0.1471E-23
0.2824	0.2813E-23
0.2972	0.5313E-23
0.3127	0.9828E-23
0.3291	0.1785E-22
0.3463	0.3180E-22
0.3644	0.5556E-22
0.3835	0.9512E-22
0.4036	0.1600E-21
0.4247	0.2623E-21
0.4469	0.4224E-21
0.4704	0.6667E-21
0.4952	0.1031E-20
0.5213	0.1564E-20
0.5489	0.2327E-20
0.5779	0.3394E-20
0.6087	0.4871E-20
0.6413	0.6870E-20
0.6756	0.9519E-20
0.7124	0.1302E-19
0.7510	0.1751E-19
0.7919	0.2318E-19
0.8354	0.3030E-19
0.8817	0.3912E-19
0.9308	0.4984E-19
0.9832	0.6280E-19
1.039	0.7824E-19
1.098	0.9642E-19
1.161	0.1175E-18
1.228	0.1420E-18
1.299	0.1699E-18
1.375	0.2017E-18
1.455	0.2372E-18
1.540	0.2768E-18
1.631	0.3204E-18
1.726	0.3682E-18
1.828	0.4202E-18
1.935	0.4765E-18
2.049	0.5373E-18
2.168	0.6021E-18
2.295	0.6711E-18
2.428	0.7447E-18
2.570	0.8241E-18
2.718	0.9087E-18
2.873	0.1002E-17
3.038	0.1110E-17
3.211	0.1242E-17
3.397	0.1414E-17
3.595	0.1654E-17
3.812	0.2003E-17
4.050	0.2522E-17
4.322	0.3329E-17
4.639	0.4594E-17
5.023	0.6626E-17
5.514	0.1002E-16
6.184	0.1601E-16
7.184	0.2747E-16
8.823	0.5159E-16
11.51	0.1031E-15
15.53	0.2039E-15
20.75	0.3746E-15
27.12	0.6382E-15
34.63	0.1023E-14
43.36	0.1566E-14
53.38	0.2306E-14
64.76	0.3289E-14
77.53	0.4564E-14
91.70	0.6177E-14
107.2	0.8176E-14
124.1	0.1060E-13
142.3	0.1349E-13
161.6	0.1687E-13
182.0	0.2078E-13
203.4	0.2522E-13
225.8	0.3022E-13
248.9	0.3579E-13
272.9	0.4192E-13
297.6	0.4862E-13
322.9	0.5589E-13
348.8	0.6376E-13
375.4	0.7222E-13
402.4	0.8125E-13
429.9	0.9080E-13
457.8	0.1010E-12
486.3	0.1117E-12
515.2	0.1230E-12
544.5	0.1348E-12
574.3	0.1473E-12
604.4	0.1602E-12
634.9	0.1737E-12
665.7	0.1878E-12
697.0	0.2024E-12
728.7	0.2175E-12
760.7	0.2331E-12
793.2	0.2492E-12
826.0	0.2658E-12
859.2	0.2829E-12
892.9	0.3005E-12
926.9	0.3186E-12
961.3	0.3372E-12
996.2	0.3562E-12
1031.	0.3757E-12
1067.	0.3956E-12
1103.	0.4160E-12
1140.	0.4368E-12
1177.	0.4580E-12
1215.	0.4797E-12
1253.	0.5018E-12
1292.	0.5242E-12
1331.	0.5471E-12
1370.	0.5704E-12
1411.	0.5940E-12
1451.	0.6180E-12
1493.	0.6425E-12
1535.	0.6672E-12
1577.	0.6923E-12
1621.	0.7178E-12
1664.	0.7436E-12
1709.	0.7697E-12
1754.	0.7961E-12
1800.	0.8229E-12
1847.	0.8500E-12
1894.	0.8773E-12
1942.	0.9050E-12
1990.	0.9329E-12
2040.	0.9611E-12
2090.	0.9894E-12
2141.	0.1018E-11
2193.	0.1047E-11
2246.	0.1076E-11
2299.	0.1105E-11
2353.	0.1135E-11
2408.	0.1165E-11
2464.	0.1195E-11
2521.	0.1225E-11
2579.	0.1255E-11
2637.	0.1285E-11
2697.	0.1316E-11
2757.	0.1346E-11
2818.	0.1377E-11
2880.	0.1408E-11
2944.	0.1439E-11
3008.	0.1470E-11
3073.	0.1501E-11
3139.	0.1532E-11
3205.	0.1563E-11
3274.	0.1594E-11
3342.	0.1625E-11
3412.	0.1656E-11
3483.	0.1687E-11
3555.	0.1718E-11
 
 
E/N (Td)	Growth power /N (eV m3/s)
0.1461E-01	0.000
0.1574E-01	0.000
0.1694E-01	0.000
0.1824E-01	0.000
0.1961E-01	0.000
0.2108E-01	0.000
0.2264E-01	0.000
0.2430E-01	0.000
0.2607E-01	0.000
0.2793E-01	0.000
0.2991E-01	0.000
0.3201E-01	0.000
0.3422E-01	0.000
0.3655E-01	0.000
0.3901E-01	0.000
0.4160E-01	0.000
0.4433E-01	0.000
0.4720E-01	0.000
0.5021E-01	0.000
0.5338E-01	0.000
0.5669E-01	0.000
0.6017E-01	0.1023E-33
0.6382E-01	0.4577E-33
0.6764E-01	0.1341E-32
0.7164E-01	0.3299E-32
0.7584E-01	0.7446E-32
0.8022E-01	0.1607E-31
0.8482E-01	0.3396E-31
0.8963E-01	0.7114E-31
0.9467E-01	0.1487E-30
0.9994E-01	0.3114E-30
0.1056	0.6621E-30
0.1114	0.1401E-29
0.1174	0.2976E-29
0.1239	0.6388E-29
0.1306	0.1237E-28
0.1376	0.2798E-28
0.1450	0.6208E-28
0.1527	0.1355E-27
0.1608	0.2933E-27
0.1693	0.6341E-27
0.1783	0.1360E-26
0.1877	0.2903E-26
0.1975	0.6155E-26
0.2079	0.1295E-25
0.2188	0.2713E-25
0.2303	0.5607E-25
0.2424	0.1146E-24
0.2550	0.2312E-24
0.2684	0.4600E-24
0.2824	0.9012E-24
0.2972	0.1744E-23
0.3127	0.3305E-23
0.3291	0.6150E-23
0.3463	0.1123E-22
0.3644	0.2009E-22
0.3835	0.3524E-22
0.4036	0.6074E-22
0.4247	0.1020E-21
0.4469	0.1683E-21
0.4704	0.2722E-21
0.4952	0.4313E-21
0.5213	0.6702E-21
0.5489	0.1022E-20
0.5779	0.1527E-20
0.6087	0.2245E-20
0.6413	0.3244E-20
0.6756	0.4605E-20
0.7124	0.6457E-20
0.7510	0.8892E-20
0.7919	0.1206E-19
0.8354	0.1615E-19
0.8817	0.2137E-19
0.9308	0.2789E-19
0.9832	0.3601E-19
1.039	0.4596E-19
1.098	0.5804E-19
1.161	0.7249E-19
1.228	0.8972E-19
1.299	0.1100E-18
1.375	0.1338E-18
1.455	0.1612E-18
1.540	0.1927E-18
1.631	0.2286E-18
1.726	0.2691E-18
1.828	0.3147E-18
1.935	0.3656E-18
2.049	0.4223E-18
2.168	0.4848E-18
2.295	0.5536E-18
2.428	0.6289E-18
2.570	0.7120E-18
2.718	0.8012E-18
2.873	0.8977E-18
3.038	0.1002E-17
3.211	0.1113E-17
3.397	0.1233E-17
3.595	0.1361E-17
3.812	0.1498E-17
4.050	0.1642E-17
4.322	0.1797E-17
4.639	0.1962E-17
5.023	0.2136E-17
5.514	0.2320E-17
6.184	0.2514E-17
7.184	0.2718E-17
8.823	0.2930E-17
11.51	0.3145E-17
15.53	0.3379E-17
20.75	0.3789E-17
27.12	0.5187E-17
34.63	0.1001E-16
43.36	0.2344E-16
53.38	0.5425E-16
64.76	0.1152E-15
77.53	0.2229E-15
91.70	0.3975E-15
107.2	0.6612E-15
124.1	0.1039E-14
142.3	0.1555E-14
161.6	0.2236E-14
182.0	0.3107E-14
203.4	0.4193E-14
225.8	0.5518E-14
248.9	0.7108E-14
272.9	0.8985E-14
297.6	0.1117E-13
322.9	0.1369E-13
348.8	0.1658E-13
375.4	0.1985E-13
402.4	0.2354E-13
429.9	0.2763E-13
457.8	0.3220E-13
486.3	0.3727E-13
515.2	0.4284E-13
544.5	0.4897E-13
574.3	0.5566E-13
604.4	0.6296E-13
634.9	0.7089E-13
665.7	0.7951E-13
697.0	0.8881E-13
728.7	0.9884E-13
760.7	0.1096E-12
793.2	0.1213E-12
826.0	0.1337E-12
859.2	0.1471E-12
892.9	0.1613E-12
926.9	0.1765E-12
961.3	0.1928E-12
996.2	0.2101E-12
1031.	0.2284E-12
1067.	0.2480E-12
1103.	0.2687E-12
1140.	0.2907E-12
1177.	0.3140E-12
1215.	0.3386E-12
1253.	0.3646E-12
1292.	0.3922E-12
1331.	0.4212E-12
1370.	0.4519E-12
1411.	0.4842E-12
1451.	0.5182E-12
1493.	0.5541E-12
1535.	0.5917E-12
1577.	0.6314E-12
1621.	0.6730E-12
1664.	0.7168E-12
1709.	0.7627E-12
1754.	0.8109E-12
1800.	0.8614E-12
1847.	0.9144E-12
1894.	0.9698E-12
1942.	0.1028E-11
1990.	0.1089E-11
2040.	0.1152E-11
2090.	0.1219E-11
2141.	0.1288E-11
2193.	0.1361E-11
2246.	0.1437E-11
2299.	0.1516E-11
2353.	0.1598E-11
2408.	0.1684E-11
2464.	0.1774E-11
2521.	0.1868E-11
2579.	0.1965E-11
2637.	0.2066E-11
2697.	0.2172E-11
2757.	0.2281E-11
2818.	0.2396E-11
2880.	0.2515E-11
2944.	0.2638E-11
3008.	0.2766E-11
3073.	0.2899E-11
3139.	0.3037E-11
3205.	0.3181E-11
3274.	0.3331E-11
3342.	0.3484E-11
3412.	0.3645E-11
3483.	0.3811E-11
3555.	0.3983E-11
 
 
E/N (Td)	Maximum energy
0.1461E-01	2.981
0.1574E-01	2.989
0.1694E-01	2.997
0.1824E-01	3.007
0.1961E-01	3.105
0.2108E-01	3.117
0.2264E-01	3.131
0.2430E-01	3.146
0.2607E-01	3.163
0.2793E-01	3.182
0.2991E-01	3.203
0.3201E-01	3.226
0.3422E-01	3.252
0.3655E-01	3.279
0.3901E-01	3.309
0.4160E-01	3.341
0.4433E-01	3.375
0.4720E-01	3.412
0.5021E-01	3.452
0.5338E-01	3.493
0.5669E-01	3.537
0.6017E-01	4.268
0.6382E-01	4.327
0.6764E-01	4.388
0.7164E-01	4.451
0.7584E-01	4.518
0.8022E-01	4.587
0.8482E-01	4.659
0.8963E-01	4.734
0.9467E-01	4.812
0.9994E-01	4.892
0.1056	4.977
0.1114	5.064
0.1174	5.154
0.1239	5.248
0.1306	4.586
0.1376	4.671
0.1450	4.761
0.1527	4.853
0.1608	4.951
0.1693	5.054
0.1783	5.163
0.1877	5.278
0.1975	5.402
0.2079	5.499
0.2188	5.568
0.2303	5.641
0.2424	5.717
0.2550	5.796
0.2684	5.880
0.2824	5.967
0.2972	6.059
0.3127	6.154
0.3291	6.253
0.3463	6.355
0.3644	6.462
0.3835	6.573
0.4036	6.688
0.4247	8.107
0.4469	8.253
0.4704	8.405
0.4952	8.563
0.5213	8.726
0.5489	8.896
0.5779	9.071
0.6087	9.255
0.6413	9.447
0.6756	9.646
0.7124	8.267
0.7510	8.544
0.7919	8.700
0.8354	8.866
0.8817	9.041
0.9308	9.226
0.9832	9.422
1.039	9.629
1.098	9.848
1.161	10.08
1.228	12.29
1.299	12.60
1.375	12.94
1.455	13.29
1.540	13.62
1.631	11.90
1.726	12.12
1.828	12.33
1.935	12.53
2.049	12.73
2.168	12.93
2.295	13.13
2.428	13.31
2.570	13.48
2.718	13.62
2.873	13.77
3.038	14.05
3.211	14.19
3.397	14.35
3.595	14.51
3.812	14.67
4.050	14.82
4.322	15.03
4.639	15.24
5.023	15.52
5.514	15.79
6.184	16.12
7.184	16.67
8.823	17.32
11.51	18.48
15.53	19.84
20.75	21.45
27.12	23.49
34.63	25.50
43.36	27.75
53.38	30.10
64.76	33.39
77.53	36.21
91.70	39.20
107.2	43.48
124.1	46.78
142.3	51.15
161.6	55.53
182.0	60.58
203.4	66.37
225.8	72.92
248.9	77.29
272.9	85.07
297.6	90.11
322.9	95.36
348.8	105.2
375.4	111.3
402.4	117.7
429.9	124.1
457.8	136.7
486.3	143.8
515.2	151.1
544.5	158.7
574.3	166.6
604.4	184.1
634.9	193.2
665.7	202.8
697.0	212.7
728.7	223.0
760.7	233.6
793.2	244.6
826.0	302.6
859.2	316.4
892.9	297.7
926.9	311.6
961.3	326.0
996.2	340.9
1031.	356.5
1067.	372.8
1103.	389.6
1140.	407.1
1177.	425.4
1215.	444.5
1253.	464.6
1292.	485.5
1331.	506.7
1370.	528.4
1411.	550.7
1451.	678.4
1493.	706.7
1535.	674.8
1577.	704.0
1621.	734.6
1664.	766.5
1709.	799.5
1754.	834.2
1800.	870.6
1847.	908.2
1894.	947.6
1942.	989.3
1990.	1032.
2040.	1077.
2090.	1124.
2141.	1174.
2193.	1225.
2246.	1279.
2299.	1336.
2353.	1395.
2408.	1459.
2464.	1526.
2521.	1597.
2579.	1671.
2637.	1750.
2697.	1834.
2757.	1919.
2818.	2011.
2880.	2109.
2944.	2211.
3008.	2095.
3073.	2175.
3139.	2256.
3205.	2342.
3274.	2407.
3342.	2496.
3412.	2593.
3483.	2705.
3555.	2811.
 
 
E/N (Td)	# of iterations
0.1461E-01	4.000
0.1574E-01	4.000
0.1694E-01	4.000
0.1824E-01	4.000
0.1961E-01	4.000
0.2108E-01	4.000
0.2264E-01	4.000
0.2430E-01	4.000
0.2607E-01	4.000
0.2793E-01	4.000
0.2991E-01	4.000
0.3201E-01	4.000
0.3422E-01	4.000
0.3655E-01	4.000
0.3901E-01	4.000
0.4160E-01	4.000
0.4433E-01	4.000
0.4720E-01	4.000
0.5021E-01	4.000
0.5338E-01	4.000
0.5669E-01	4.000
0.6017E-01	8.000
0.6382E-01	8.000
0.6764E-01	8.000
0.7164E-01	8.000
0.7584E-01	8.000
0.8022E-01	8.000
0.8482E-01	8.000
0.8963E-01	8.000
0.9467E-01	8.000
0.9994E-01	8.000
0.1056	8.000
0.1114	8.000
0.1174	8.000
0.1239	8.000
0.1306	4.000
0.1376	4.000
0.1450	4.000
0.1527	4.000
0.1608	4.000
0.1693	4.000
0.1783	4.000
0.1877	4.000
0.1975	4.000
0.2079	4.000
0.2188	4.000
0.2303	4.000
0.2424	4.000
0.2550	4.000
0.2684	4.000
0.2824	4.000
0.2972	4.000
0.3127	4.000
0.3291	4.000
0.3463	4.000
0.3644	4.000
0.3835	4.000
0.4036	4.000
0.4247	8.000
0.4469	8.000
0.4704	8.000
0.4952	8.000
0.5213	8.000
0.5489	8.000
0.5779	8.000
0.6087	8.000
0.6413	8.000
0.6756	8.000
0.7124	4.000
0.7510	4.000
0.7919	4.000
0.8354	4.000
0.8817	4.000
0.9308	4.000
0.9832	4.000
1.039	4.000
1.098	4.000
1.161	4.000
1.228	8.000
1.299	8.000
1.375	8.000
1.455	10.00
1.540	10.00
1.631	5.000
1.726	5.000
1.828	5.000
1.935	5.000
2.049	5.000
2.168	5.000
2.295	5.000
2.428	5.000
2.570	5.000
2.718	5.000
2.873	5.000
3.038	5.000
3.211	5.000
3.397	5.000
3.595	5.000
3.812	5.000
4.050	5.000
4.322	5.000
4.639	5.000
5.023	5.000
5.514	5.000
6.184	5.000
7.184	5.000
8.823	5.000
11.51	5.000
15.53	5.000
20.75	5.000
27.12	5.000
34.63	5.000
43.36	4.000
53.38	4.000
64.76	5.000
77.53	5.000
91.70	5.000
107.2	5.000
124.1	5.000
142.3	5.000
161.6	6.000
182.0	6.000
203.4	6.000
225.8	6.000
248.9	6.000
272.9	6.000
297.6	6.000
322.9	6.000
348.8	6.000
375.4	6.000
402.4	6.000
429.9	6.000
457.8	6.000
486.3	6.000
515.2	6.000
544.5	6.000
574.3	6.000
604.4	5.000
634.9	5.000
665.7	6.000
697.0	6.000
728.7	6.000
760.7	6.000
793.2	7.000
826.0	14.00
859.2	14.00
892.9	7.000
926.9	7.000
961.3	7.000
996.2	7.000
1031.	7.000
1067.	7.000
1103.	7.000
1140.	7.000
1177.	7.000
1215.	7.000
1253.	8.000
1292.	8.000
1331.	8.000
1370.	8.000
1411.	8.000
1451.	16.00
1493.	16.00
1535.	8.000
1577.	8.000
1621.	8.000
1664.	8.000
1709.	8.000
1754.	8.000
1800.	9.000
1847.	9.000
1894.	9.000
1942.	9.000
1990.	9.000
2040.	9.000
2090.	9.000
2141.	9.000
2193.	9.000
2246.	9.000
2299.	9.000
2353.	9.000
2408.	9.000
2464.	9.000
2521.	9.000
2579.	9.000
2637.	8.000
2697.	8.000
2757.	8.000
2818.	10.00
2880.	10.00
2944.	10.00
3008.	20.00
3073.	19.00
3139.	19.00
3205.	19.00
3274.	19.00
3342.	19.00
3412.	18.00
3483.	18.00
3555.	18.00
 
 
E/N (Td)	# of grid trials
0.1461E-01	1.000
0.1574E-01	1.000
0.1694E-01	1.000
0.1824E-01	1.000
0.1961E-01	1.000
0.2108E-01	1.000
0.2264E-01	1.000
0.2430E-01	1.000
0.2607E-01	1.000
0.2793E-01	1.000
0.2991E-01	1.000
0.3201E-01	1.000
0.3422E-01	1.000
0.3655E-01	1.000
0.3901E-01	1.000
0.4160E-01	1.000
0.4433E-01	1.000
0.4720E-01	1.000
0.5021E-01	1.000
0.5338E-01	1.000
0.5669E-01	1.000
0.6017E-01	2.000
0.6382E-01	2.000
0.6764E-01	2.000
0.7164E-01	2.000
0.7584E-01	2.000
0.8022E-01	2.000
0.8482E-01	2.000
0.8963E-01	2.000
0.9467E-01	2.000
0.9994E-01	2.000
0.1056	2.000
0.1114	2.000
0.1174	2.000
0.1239	2.000
0.1306	1.000
0.1376	1.000
0.1450	1.000
0.1527	1.000
0.1608	1.000
0.1693	1.000
0.1783	1.000
0.1877	1.000
0.1975	1.000
0.2079	1.000
0.2188	1.000
0.2303	1.000
0.2424	1.000
0.2550	1.000
0.2684	1.000
0.2824	1.000
0.2972	1.000
0.3127	1.000
0.3291	1.000
0.3463	1.000
0.3644	1.000
0.3835	1.000
0.4036	1.000
0.4247	2.000
0.4469	2.000
0.4704	2.000
0.4952	2.000
0.5213	2.000
0.5489	2.000
0.5779	2.000
0.6087	2.000
0.6413	2.000
0.6756	2.000
0.7124	1.000
0.7510	1.000
0.7919	1.000
0.8354	1.000
0.8817	1.000
0.9308	1.000
0.9832	1.000
1.039	1.000
1.098	1.000
1.161	1.000
1.228	2.000
1.299	2.000
1.375	2.000
1.455	2.000
1.540	2.000
1.631	1.000
1.726	1.000
1.828	1.000
1.935	1.000
2.049	1.000
2.168	1.000
2.295	1.000
2.428	1.000
2.570	1.000
2.718	1.000
2.873	1.000
3.038	1.000
3.211	1.000
3.397	1.000
3.595	1.000
3.812	1.000
4.050	1.000
4.322	1.000
4.639	1.000
5.023	1.000
5.514	1.000
6.184	1.000
7.184	1.000
8.823	1.000
11.51	1.000
15.53	1.000
20.75	1.000
27.12	1.000
34.63	1.000
43.36	1.000
53.38	1.000
64.76	1.000
77.53	1.000
91.70	1.000
107.2	1.000
124.1	1.000
142.3	1.000
161.6	1.000
182.0	1.000
203.4	1.000
225.8	1.000
248.9	1.000
272.9	1.000
297.6	1.000
322.9	1.000
348.8	1.000
375.4	1.000
402.4	1.000
429.9	1.000
457.8	1.000
486.3	1.000
515.2	1.000
544.5	1.000
574.3	1.000
604.4	1.000
634.9	1.000
665.7	1.000
697.0	1.000
728.7	1.000
760.7	1.000
793.2	1.000
826.0	2.000
859.2	2.000
892.9	1.000
926.9	1.000
961.3	1.000
996.2	1.000
1031.	1.000
1067.	1.000
1103.	1.000
1140.	1.000
1177.	1.000
1215.	1.000
1253.	1.000
1292.	1.000
1331.	1.000
1370.	1.000
1411.	1.000
1451.	2.000
1493.	2.000
1535.	1.000
1577.	1.000
1621.	1.000
1664.	1.000
1709.	1.000
1754.	1.000
1800.	1.000
1847.	1.000
1894.	1.000
1942.	1.000
1990.	1.000
2040.	1.000
2090.	1.000
2141.	1.000
2193.	1.000
2246.	1.000
2299.	1.000
2353.	1.000
2408.	1.000
2464.	1.000
2521.	1.000
2579.	1.000
2637.	1.000
2697.	1.000
2757.	1.000
2818.	1.000
2880.	1.000
2944.	1.000
3008.	2.000
3073.	2.000
3139.	2.000
3205.	2.000
3274.	2.000
3342.	2.000
3412.	2.000
3483.	2.000
3555.	2.000
 
 
C1    Ar    Elastic                                             
E/N (Td)	Rate coefficient (m3/s)
0.1461E-01	0.1803E-14
0.1574E-01	0.1878E-14
0.1694E-01	0.1958E-14
0.1824E-01	0.2043E-14
0.1961E-01	0.2133E-14
0.2108E-01	0.2228E-14
0.2264E-01	0.2328E-14
0.2430E-01	0.2433E-14
0.2607E-01	0.2543E-14
0.2793E-01	0.2659E-14
0.2991E-01	0.2780E-14
0.3201E-01	0.2906E-14
0.3422E-01	0.3038E-14
0.3655E-01	0.3175E-14
0.3901E-01	0.3318E-14
0.4160E-01	0.3467E-14
0.4433E-01	0.3621E-14
0.4720E-01	0.3782E-14
0.5021E-01	0.3948E-14
0.5338E-01	0.4121E-14
0.5669E-01	0.4299E-14
0.6017E-01	0.4484E-14
0.6382E-01	0.4676E-14
0.6764E-01	0.4874E-14
0.7164E-01	0.5079E-14
0.7584E-01	0.5291E-14
0.8022E-01	0.5510E-14
0.8482E-01	0.5736E-14
0.8963E-01	0.5970E-14
0.9467E-01	0.6212E-14
0.9994E-01	0.6462E-14
0.1056	0.6724E-14
0.1114	0.6991E-14
0.1174	0.7267E-14
0.1239	0.7555E-14
0.1306	0.7852E-14
0.1376	0.8158E-14
0.1450	0.8477E-14
0.1527	0.8805E-14
0.1608	0.9144E-14
0.1693	0.9497E-14
0.1783	0.9862E-14
0.1877	0.1024E-13
0.1975	0.1063E-13
0.2079	0.1103E-13
0.2188	0.1146E-13
0.2303	0.1189E-13
0.2424	0.1234E-13
0.2550	0.1281E-13
0.2684	0.1330E-13
0.2824	0.1380E-13
0.2972	0.1433E-13
0.3127	0.1487E-13
0.3291	0.1543E-13
0.3463	0.1602E-13
0.3644	0.1663E-13
0.3835	0.1726E-13
0.4036	0.1792E-13
0.4247	0.1859E-13
0.4469	0.1930E-13
0.4704	0.2004E-13
0.4952	0.2080E-13
0.5213	0.2160E-13
0.5489	0.2243E-13
0.5779	0.2328E-13
0.6087	0.2418E-13
0.6413	0.2511E-13
0.6756	0.2608E-13
0.7124	0.2710E-13
0.7510	0.2815E-13
0.7919	0.2924E-13
0.8354	0.3038E-13
0.8817	0.3158E-13
0.9308	0.3282E-13
0.9832	0.3412E-13
1.039	0.3548E-13
1.098	0.3689E-13
1.161	0.3836E-13
1.228	0.3991E-13
1.299	0.4152E-13
1.375	0.4321E-13
1.455	0.4497E-13
1.540	0.4681E-13
1.631	0.4873E-13
1.726	0.5073E-13
1.828	0.5282E-13
1.935	0.5500E-13
2.049	0.5728E-13
2.168	0.5965E-13
2.295	0.6211E-13
2.428	0.6469E-13
2.570	0.6739E-13
2.718	0.7018E-13
2.873	0.7307E-13
3.038	0.7607E-13
3.211	0.7919E-13
3.397	0.8241E-13
3.595	0.8574E-13
3.812	0.8918E-13
4.050	0.9271E-13
4.322	0.9639E-13
4.639	0.1002E-12
5.023	0.1041E-12
5.514	0.1081E-12
6.184	0.1122E-12
7.184	0.1164E-12
8.823	0.1207E-12
11.51	0.1250E-12
15.53	0.1292E-12
20.75	0.1333E-12
27.12	0.1374E-12
34.63	0.1414E-12
43.36	0.1454E-12
53.38	0.1494E-12
64.76	0.1532E-12
77.53	0.1570E-12
91.70	0.1606E-12
107.2	0.1642E-12
124.1	0.1676E-12
142.3	0.1709E-12
161.6	0.1741E-12
182.0	0.1771E-12
203.4	0.1800E-12
225.8	0.1828E-12
248.9	0.1855E-12
272.9	0.1880E-12
297.6	0.1905E-12
322.9	0.1928E-12
348.8	0.1950E-12
375.4	0.1971E-12
402.4	0.1990E-12
429.9	0.2009E-12
457.8	0.2027E-12
486.3	0.2044E-12
515.2	0.2059E-12
544.5	0.2074E-12
574.3	0.2088E-12
604.4	0.2100E-12
634.9	0.2112E-12
665.7	0.2123E-12
697.0	0.2133E-12
728.7	0.2142E-12
760.7	0.2150E-12
793.2	0.2158E-12
826.0	0.2165E-12
859.2	0.2170E-12
892.9	0.2176E-12
926.9	0.2180E-12
961.3	0.2184E-12
996.2	0.2187E-12
1031.	0.2189E-12
1067.	0.2190E-12
1103.	0.2191E-12
1140.	0.2192E-12
1177.	0.2191E-12
1215.	0.2191E-12
1253.	0.2189E-12
1292.	0.2187E-12
1331.	0.2185E-12
1370.	0.2181E-12
1411.	0.2178E-12
1451.	0.2174E-12
1493.	0.2169E-12
1535.	0.2164E-12
1577.	0.2158E-12
1621.	0.2152E-12
1664.	0.2146E-12
1709.	0.2139E-12
1754.	0.2132E-12
1800.	0.2124E-12
1847.	0.2116E-12
1894.	0.2108E-12
1942.	0.2099E-12
1990.	0.2090E-12
2040.	0.2080E-12
2090.	0.2070E-12
2141.	0.2060E-12
2193.	0.2050E-12
2246.	0.2039E-12
2299.	0.2028E-12
2353.	0.2016E-12
2408.	0.2005E-12
2464.	0.1993E-12
2521.	0.1981E-12
2579.	0.1968E-12
2637.	0.1956E-12
2697.	0.1943E-12
2757.	0.1930E-12
2818.	0.1917E-12
2880.	0.1903E-12
2944.	0.1890E-12
3008.	0.1876E-12
3073.	0.1862E-12
3139.	0.1848E-12
3205.	0.1834E-12
3274.	0.1820E-12
3342.	0.1805E-12
3412.	0.1791E-12
3483.	0.1776E-12
3555.	0.1761E-12
 
 
C2    Ar    Excitation    11.55 eV                              
E/N (Td)	Rate coefficient (m3/s)
0.1461E-01	0.000
0.1574E-01	0.000
0.1694E-01	0.000
0.1824E-01	0.000
0.1961E-01	0.000
0.2108E-01	0.000
0.2264E-01	0.000
0.2430E-01	0.000
0.2607E-01	0.000
0.2793E-01	0.000
0.2991E-01	0.000
0.3201E-01	0.000
0.3422E-01	0.000
0.3655E-01	0.000
0.3901E-01	0.000
0.4160E-01	0.000
0.4433E-01	0.000
0.4720E-01	0.000
0.5021E-01	0.000
0.5338E-01	0.000
0.5669E-01	0.000
0.6017E-01	0.000
0.6382E-01	0.000
0.6764E-01	0.000
0.7164E-01	0.000
0.7584E-01	0.000
0.8022E-01	0.000
0.8482E-01	0.000
0.8963E-01	0.000
0.9467E-01	0.000
0.9994E-01	0.000
0.1056	0.000
0.1114	0.000
0.1174	0.000
0.1239	0.000
0.1306	0.000
0.1376	0.000
0.1450	0.000
0.1527	0.000
0.1608	0.000
0.1693	0.000
0.1783	0.000
0.1877	0.000
0.1975	0.000
0.2079	0.000
0.2188	0.000
0.2303	0.000
0.2424	0.000
0.2550	0.000
0.2684	0.000
0.2824	0.000
0.2972	0.000
0.3127	0.000
0.3291	0.000
0.3463	0.000
0.3644	0.000
0.3835	0.000
0.4036	0.000
0.4247	0.000
0.4469	0.000
0.4704	0.000
0.4952	0.000
0.5213	0.000
0.5489	0.000
0.5779	0.000
0.6087	0.000
0.6413	0.000
0.6756	0.000
0.7124	0.000
0.7510	0.000
0.7919	0.000
0.8354	0.000
0.8817	0.000
0.9308	0.000
0.9832	0.000
1.039	0.000
1.098	0.000
1.161	0.000
1.228	0.2240E-30
1.299	0.1680E-29
1.375	0.1205E-28
1.455	0.8102E-28
1.540	0.5127E-27
1.631	0.2549E-26
1.726	0.1595E-25
1.828	0.8100E-25
1.935	0.3709E-24
2.049	0.1556E-23
2.168	0.5944E-23
2.295	0.2074E-22
2.428	0.6630E-22
2.570	0.1965E-21
2.718	0.5289E-21
2.873	0.1315E-20
3.038	0.3035E-20
3.211	0.6546E-20
3.397	0.1329E-19
3.595	0.2556E-19
3.812	0.4701E-19
4.050	0.8302E-19
4.322	0.1434E-18
4.639	0.2430E-18
5.023	0.4078E-18
5.514	0.6881E-18
6.184	0.1186E-17
7.184	0.2132E-17
8.823	0.4074E-17
11.51	0.7993E-17
15.53	0.1499E-16
20.75	0.2556E-16
27.12	0.4006E-16
34.63	0.5885E-16
43.36	0.8231E-16
53.38	0.1106E-15
64.76	0.1438E-15
77.53	0.1817E-15
91.70	0.2242E-15
107.2	0.2710E-15
124.1	0.3217E-15
142.3	0.3760E-15
161.6	0.4337E-15
182.0	0.4943E-15
203.4	0.5578E-15
225.8	0.6238E-15
248.9	0.6921E-15
272.9	0.7626E-15
297.6	0.8352E-15
322.9	0.9096E-15
348.8	0.9863E-15
375.4	0.1065E-14
402.4	0.1145E-14
429.9	0.1227E-14
457.8	0.1311E-14
486.3	0.1397E-14
515.2	0.1484E-14
544.5	0.1574E-14
574.3	0.1665E-14
604.4	0.1758E-14
634.9	0.1852E-14
665.7	0.1949E-14
697.0	0.2047E-14
728.7	0.2146E-14
760.7	0.2247E-14
793.2	0.2350E-14
826.0	0.2455E-14
859.2	0.2560E-14
892.9	0.2668E-14
926.9	0.2776E-14
961.3	0.2886E-14
996.2	0.2998E-14
1031.	0.3110E-14
1067.	0.3224E-14
1103.	0.3339E-14
1140.	0.3455E-14
1177.	0.3572E-14
1215.	0.3690E-14
1253.	0.3810E-14
1292.	0.3930E-14
1331.	0.4051E-14
1370.	0.4172E-14
1411.	0.4295E-14
1451.	0.4418E-14
1493.	0.4541E-14
1535.	0.4666E-14
1577.	0.4791E-14
1621.	0.4916E-14
1664.	0.5041E-14
1709.	0.5167E-14
1754.	0.5293E-14
1800.	0.5419E-14
1847.	0.5546E-14
1894.	0.5672E-14
1942.	0.5799E-14
1990.	0.5925E-14
2040.	0.6051E-14
2090.	0.6177E-14
2141.	0.6302E-14
2193.	0.6428E-14
2246.	0.6552E-14
2299.	0.6676E-14
2353.	0.6800E-14
2408.	0.6923E-14
2464.	0.7045E-14
2521.	0.7167E-14
2579.	0.7288E-14
2637.	0.7407E-14
2697.	0.7526E-14
2757.	0.7644E-14
2818.	0.7760E-14
2880.	0.7876E-14
2944.	0.7990E-14
3008.	0.8104E-14
3073.	0.8215E-14
3139.	0.8326E-14
3205.	0.8435E-14
3274.	0.8543E-14
3342.	0.8648E-14
3412.	0.8753E-14
3483.	0.8857E-14
3555.	0.8957E-14
 
 
C3    Ar    Excitation    13.00 eV                              
E/N (Td)	Rate coefficient (m3/s)
0.1461E-01	0.000
0.1574E-01	0.000
0.1694E-01	0.000
0.1824E-01	0.000
0.1961E-01	0.000
0.2108E-01	0.000
0.2264E-01	0.000
0.2430E-01	0.000
0.2607E-01	0.000
0.2793E-01	0.000
0.2991E-01	0.000
0.3201E-01	0.000
0.3422E-01	0.000
0.3655E-01	0.000
0.3901E-01	0.000
0.4160E-01	0.000
0.4433E-01	0.000
0.4720E-01	0.000
0.5021E-01	0.000
0.5338E-01	0.000
0.5669E-01	0.000
0.6017E-01	0.000
0.6382E-01	0.000
0.6764E-01	0.000
0.7164E-01	0.000
0.7584E-01	0.000
0.8022E-01	0.000
0.8482E-01	0.000
0.8963E-01	0.000
0.9467E-01	0.000
0.9994E-01	0.000
0.1056	0.000
0.1114	0.000
0.1174	0.000
0.1239	0.000
0.1306	0.000
0.1376	0.000
0.1450	0.000
0.1527	0.000
0.1608	0.000
0.1693	0.000
0.1783	0.000
0.1877	0.000
0.1975	0.000
0.2079	0.000
0.2188	0.000
0.2303	0.000
0.2424	0.000
0.2550	0.000
0.2684	0.000
0.2824	0.000
0.2972	0.000
0.3127	0.000
0.3291	0.000
0.3463	0.000
0.3644	0.000
0.3835	0.000
0.4036	0.000
0.4247	0.000
0.4469	0.000
0.4704	0.000
0.4952	0.000
0.5213	0.000
0.5489	0.000
0.5779	0.000
0.6087	0.000
0.6413	0.000
0.6756	0.000
0.7124	0.000
0.7510	0.000
0.7919	0.000
0.8354	0.000
0.8817	0.000
0.9308	0.000
0.9832	0.000
1.039	0.000
1.098	0.000
1.161	0.000
1.228	0.000
1.299	0.000
1.375	0.000
1.455	0.2133E-34
1.540	0.2536E-33
1.631	0.000
1.726	0.000
1.828	0.000
1.935	0.000
2.049	0.000
2.168	0.000
2.295	0.2024E-27
2.428	0.2177E-26
2.570	0.1203E-25
2.718	0.5242E-25
2.873	0.2042E-24
3.038	0.7235E-24
3.211	0.2351E-23
3.397	0.7081E-23
3.595	0.1997E-22
3.812	0.5333E-22
4.050	0.1358E-21
4.322	0.3403E-21
4.639	0.8421E-21
5.023	0.2100E-20
5.514	0.5426E-20
6.184	0.1501E-19
7.184	0.4649E-19
8.823	0.1661E-18
11.51	0.6241E-18
15.53	0.2062E-17
20.75	0.5402E-17
27.12	0.1163E-16
34.63	0.2172E-16
43.36	0.3666E-16
53.38	0.5734E-16
64.76	0.8459E-16
77.53	0.1191E-15
91.70	0.1615E-15
107.2	0.2120E-15
124.1	0.2710E-15
142.3	0.3383E-15
161.6	0.4140E-15
182.0	0.4978E-15
203.4	0.5894E-15
225.8	0.6886E-15
248.9	0.7951E-15
272.9	0.9083E-15
297.6	0.1028E-14
322.9	0.1154E-14
348.8	0.1286E-14
375.4	0.1424E-14
402.4	0.1566E-14
429.9	0.1714E-14
457.8	0.1866E-14
486.3	0.2024E-14
515.2	0.2185E-14
544.5	0.2351E-14
574.3	0.2520E-14
604.4	0.2694E-14
634.9	0.2871E-14
665.7	0.3051E-14
697.0	0.3234E-14
728.7	0.3420E-14
760.7	0.3609E-14
793.2	0.3800E-14
826.0	0.3994E-14
859.2	0.4189E-14
892.9	0.4387E-14
926.9	0.4587E-14
961.3	0.4788E-14
996.2	0.4990E-14
1031.	0.5194E-14
1067.	0.5400E-14
1103.	0.5606E-14
1140.	0.5813E-14
1177.	0.6021E-14
1215.	0.6229E-14
1253.	0.6438E-14
1292.	0.6647E-14
1331.	0.6857E-14
1370.	0.7066E-14
1411.	0.7276E-14
1451.	0.7485E-14
1493.	0.7695E-14
1535.	0.7903E-14
1577.	0.8112E-14
1621.	0.8320E-14
1664.	0.8527E-14
1709.	0.8733E-14
1754.	0.8938E-14
1800.	0.9143E-14
1847.	0.9346E-14
1894.	0.9548E-14
1942.	0.9749E-14
1990.	0.9948E-14
2040.	0.1015E-13
2090.	0.1034E-13
2141.	0.1053E-13
2193.	0.1073E-13
2246.	0.1092E-13
2299.	0.1111E-13
2353.	0.1129E-13
2408.	0.1148E-13
2464.	0.1166E-13
2521.	0.1184E-13
2579.	0.1202E-13
2637.	0.1219E-13
2697.	0.1236E-13
2757.	0.1253E-13
2818.	0.1270E-13
2880.	0.1287E-13
2944.	0.1303E-13
3008.	0.1319E-13
3073.	0.1334E-13
3139.	0.1350E-13
3205.	0.1365E-13
3274.	0.1379E-13
3342.	0.1394E-13
3412.	0.1408E-13
3483.	0.1422E-13
3555.	0.1435E-13
 
 
C4    Ar    Excitation    14.00 eV                              
E/N (Td)	Rate coefficient (m3/s)
0.1461E-01	0.000
0.1574E-01	0.000
0.1694E-01	0.000
0.1824E-01	0.000
0.1961E-01	0.000
0.2108E-01	0.000
0.2264E-01	0.000
0.2430E-01	0.000
0.2607E-01	0.000
0.2793E-01	0.000
0.2991E-01	0.000
0.3201E-01	0.000
0.3422E-01	0.000
0.3655E-01	0.000
0.3901E-01	0.000
0.4160E-01	0.000
0.4433E-01	0.000
0.4720E-01	0.000
0.5021E-01	0.000
0.5338E-01	0.000
0.5669E-01	0.000
0.6017E-01	0.000
0.6382E-01	0.000
0.6764E-01	0.000
0.7164E-01	0.000
0.7584E-01	0.000
0.8022E-01	0.000
0.8482E-01	0.000
0.8963E-01	0.000
0.9467E-01	0.000
0.9994E-01	0.000
0.1056	0.000
0.1114	0.000
0.1174	0.000
0.1239	0.000
0.1306	0.000
0.1376	0.000
0.1450	0.000
0.1527	0.000
0.1608	0.000
0.1693	0.000
0.1783	0.000
0.1877	0.000
0.1975	0.000
0.2079	0.000
0.2188	0.000
0.2303	0.000
0.2424	0.000
0.2550	0.000
0.2684	0.000
0.2824	0.000
0.2972	0.000
0.3127	0.000
0.3291	0.000
0.3463	0.000
0.3644	0.000
0.3835	0.000
0.4036	0.000
0.4247	0.000
0.4469	0.000
0.4704	0.000
0.4952	0.000
0.5213	0.000
0.5489	0.000
0.5779	0.000
0.6087	0.000
0.6413	0.000
0.6756	0.000
0.7124	0.000
0.7510	0.000
0.7919	0.000
0.8354	0.000
0.8817	0.000
0.9308	0.000
0.9832	0.000
1.039	0.000
1.098	0.000
1.161	0.000
1.228	0.000
1.299	0.000
1.375	0.000
1.455	0.000
1.540	0.000
1.631	0.000
1.726	0.000
1.828	0.000
1.935	0.000
2.049	0.000
2.168	0.000
2.295	0.000
2.428	0.000
2.570	0.000
2.718	0.000
2.873	0.000
3.038	0.4594E-29
3.211	0.1230E-27
3.397	0.7494E-27
3.595	0.3328E-26
3.812	0.1328E-25
4.050	0.4985E-25
4.322	0.1853E-24
4.639	0.6878E-24
5.023	0.2627E-23
5.514	0.1079E-22
6.184	0.5022E-22
7.184	0.2842E-21
8.823	0.2050E-20
11.51	0.1605E-19
15.53	0.1004E-18
20.75	0.4226E-18
27.12	0.1276E-17
34.63	0.3042E-17
43.36	0.6150E-17
53.38	0.1103E-16
64.76	0.1808E-16
77.53	0.2769E-16
91.70	0.4016E-16
107.2	0.5573E-16
124.1	0.7463E-16
142.3	0.9699E-16
161.6	0.1230E-15
182.0	0.1526E-15
203.4	0.1860E-15
225.8	0.2232E-15
248.9	0.2642E-15
272.9	0.3089E-15
297.6	0.3575E-15
322.9	0.4097E-15
348.8	0.4659E-15
375.4	0.5259E-15
402.4	0.5896E-15
429.9	0.6566E-15
457.8	0.7277E-15
486.3	0.8026E-15
515.2	0.8810E-15
544.5	0.9633E-15
574.3	0.1049E-14
604.4	0.1139E-14
634.9	0.1232E-14
665.7	0.1329E-14
697.0	0.1429E-14
728.7	0.1533E-14
760.7	0.1641E-14
793.2	0.1752E-14
826.0	0.1866E-14
859.2	0.1984E-14
892.9	0.2106E-14
926.9	0.2231E-14
961.3	0.2360E-14
996.2	0.2492E-14
1031.	0.2627E-14
1067.	0.2766E-14
1103.	0.2908E-14
1140.	0.3054E-14
1177.	0.3203E-14
1215.	0.3355E-14
1253.	0.3511E-14
1292.	0.3670E-14
1331.	0.3832E-14
1370.	0.3997E-14
1411.	0.4166E-14
1451.	0.4338E-14
1493.	0.4513E-14
1535.	0.4691E-14
1577.	0.4873E-14
1621.	0.5057E-14
1664.	0.5245E-14
1709.	0.5435E-14
1754.	0.5629E-14
1800.	0.5825E-14
1847.	0.6024E-14
1894.	0.6227E-14
1942.	0.6432E-14
1990.	0.6639E-14
2040.	0.6850E-14
2090.	0.7062E-14
2141.	0.7278E-14
2193.	0.7496E-14
2246.	0.7716E-14
2299.	0.7939E-14
2353.	0.8163E-14
2408.	0.8390E-14
2464.	0.8619E-14
2521.	0.8850E-14
2579.	0.9083E-14
2637.	0.9317E-14
2697.	0.9553E-14
2757.	0.9791E-14
2818.	0.1003E-13
2880.	0.1027E-13
2944.	0.1051E-13
3008.	0.1076E-13
3073.	0.1100E-13
3139.	0.1124E-13
3205.	0.1149E-13
3274.	0.1174E-13
3342.	0.1198E-13
3412.	0.1223E-13
3483.	0.1248E-13
3555.	0.1272E-13
 
 
C5    Ar    Ionization    15.70 eV                              
E/N (Td)	Rate coefficient (m3/s)
0.1461E-01	0.000
0.1574E-01	0.000
0.1694E-01	0.000
0.1824E-01	0.000
0.1961E-01	0.000
0.2108E-01	0.000
0.2264E-01	0.000
0.2430E-01	0.000
0.2607E-01	0.000
0.2793E-01	0.000
0.2991E-01	0.000
0.3201E-01	0.000
0.3422E-01	0.000
0.3655E-01	0.000
0.3901E-01	0.000
0.4160E-01	0.000
0.4433E-01	0.000
0.4720E-01	0.000
0.5021E-01	0.000
0.5338E-01	0.000
0.5669E-01	0.000
0.6017E-01	0.000
0.6382E-01	0.000
0.6764E-01	0.000
0.7164E-01	0.000
0.7584E-01	0.000
0.8022E-01	0.000
0.8482E-01	0.000
0.8963E-01	0.000
0.9467E-01	0.000
0.9994E-01	0.000
0.1056	0.000
0.1114	0.000
0.1174	0.000
0.1239	0.000
0.1306	0.000
0.1376	0.000
0.1450	0.000
0.1527	0.000
0.1608	0.000
0.1693	0.000
0.1783	0.000
0.1877	0.000
0.1975	0.000
0.2079	0.000
0.2188	0.000
0.2303	0.000
0.2424	0.000
0.2550	0.000
0.2684	0.000
0.2824	0.000
0.2972	0.000
0.3127	0.000
0.3291	0.000
0.3463	0.000
0.3644	0.000
0.3835	0.000
0.4036	0.000
0.4247	0.000
0.4469	0.000
0.4704	0.000
0.4952	0.000
0.5213	0.000
0.5489	0.000
0.5779	0.000
0.6087	0.000
0.6413	0.000
0.6756	0.000
0.7124	0.000
0.7510	0.000
0.7919	0.000
0.8354	0.000
0.8817	0.000
0.9308	0.000
0.9832	0.000
1.039	0.000
1.098	0.000
1.161	0.000
1.228	0.000
1.299	0.000
1.375	0.000
1.455	0.000
1.540	0.000
1.631	0.000
1.726	0.000
1.828	0.000
1.935	0.000
2.049	0.000
2.168	0.000
2.295	0.000
2.428	0.000
2.570	0.000
2.718	0.000
2.873	0.000
3.038	0.000
3.211	0.000
3.397	0.000
3.595	0.000
3.812	0.000
4.050	0.000
4.322	0.000
4.639	0.000
5.023	0.000
5.514	0.3984E-28
6.184	0.2374E-26
7.184	0.6167E-25
8.823	0.2350E-23
11.51	0.1034E-21
15.53	0.2853E-20
20.75	0.3585E-19
27.12	0.2372E-18
34.63	0.1007E-17
43.36	0.3160E-17
53.38	0.8008E-17
64.76	0.1736E-16
77.53	0.3344E-16
91.70	0.5875E-16
107.2	0.9588E-16
124.1	0.1474E-15
142.3	0.2158E-15
161.6	0.3031E-15
182.0	0.4114E-15
203.4	0.5421E-15
225.8	0.6966E-15
248.9	0.8761E-15
272.9	0.1081E-14
297.6	0.1312E-14
322.9	0.1570E-14
348.8	0.1855E-14
375.4	0.2169E-14
402.4	0.2509E-14
429.9	0.2876E-14
457.8	0.3271E-14
486.3	0.3695E-14
515.2	0.4146E-14
544.5	0.4625E-14
574.3	0.5132E-14
604.4	0.5666E-14
634.9	0.6227E-14
665.7	0.6816E-14
697.0	0.7431E-14
728.7	0.8072E-14
760.7	0.8740E-14
793.2	0.9434E-14
826.0	0.1015E-13
859.2	0.1090E-13
892.9	0.1167E-13
926.9	0.1247E-13
961.3	0.1328E-13
996.2	0.1413E-13
1031.	0.1500E-13
1067.	0.1589E-13
1103.	0.1680E-13
1140.	0.1774E-13
1177.	0.1870E-13
1215.	0.1969E-13
1253.	0.2069E-13
1292.	0.2172E-13
1331.	0.2277E-13
1370.	0.2384E-13
1411.	0.2494E-13
1451.	0.2605E-13
1493.	0.2718E-13
1535.	0.2834E-13
1577.	0.2951E-13
1621.	0.3070E-13
1664.	0.3192E-13
1709.	0.3315E-13
1754.	0.3440E-13
1800.	0.3566E-13
1847.	0.3695E-13
1894.	0.3825E-13
1942.	0.3957E-13
1990.	0.4090E-13
2040.	0.4225E-13
2090.	0.4362E-13
2141.	0.4500E-13
2193.	0.4639E-13
2246.	0.4781E-13
2299.	0.4923E-13
2353.	0.5066E-13
2408.	0.5211E-13
2464.	0.5357E-13
2521.	0.5504E-13
2579.	0.5652E-13
2637.	0.5801E-13
2697.	0.5951E-13
2757.	0.6102E-13
2818.	0.6254E-13
2880.	0.6407E-13
2944.	0.6560E-13
3008.	0.6714E-13
3073.	0.6869E-13
3139.	0.7024E-13
3205.	0.7180E-13
3274.	0.7336E-13
3342.	0.7491E-13
3412.	0.7648E-13
3483.	0.7805E-13
3555.	0.7962E-13
 
 
C6    Ar*    Ionization    4.20 eV                              
E/N (Td)	Rate coefficient (m3/s)
0.1461E-01	0.000
0.1574E-01	0.000
0.1694E-01	0.000
0.1824E-01	0.000
0.1961E-01	0.000
0.2108E-01	0.000
0.2264E-01	0.000
0.2430E-01	0.000
0.2607E-01	0.000
0.2793E-01	0.000
0.2991E-01	0.000
0.3201E-01	0.000
0.3422E-01	0.000
0.3655E-01	0.000
0.3901E-01	0.000
0.4160E-01	0.000
0.4433E-01	0.000
0.4720E-01	0.000
0.5021E-01	0.000
0.5338E-01	0.000
0.5669E-01	0.000
0.6017E-01	0.1537E-28
0.6382E-01	0.6711E-28
0.6764E-01	0.1918E-27
0.7164E-01	0.4608E-27
0.7584E-01	0.1015E-26
0.8022E-01	0.2139E-26
0.8482E-01	0.4411E-26
0.8963E-01	0.9020E-26
0.9467E-01	0.1840E-25
0.9994E-01	0.3762E-25
0.1056	0.7805E-25
0.1114	0.1612E-24
0.1174	0.3342E-24
0.1239	0.7001E-24
0.1306	0.1323E-23
0.1376	0.2921E-23
0.1450	0.6325E-23
0.1527	0.1347E-22
0.1608	0.2847E-22
0.1693	0.6007E-22
0.1783	0.1258E-21
0.1877	0.2620E-21
0.1975	0.5422E-21
0.2079	0.1114E-20
0.2188	0.2276E-20
0.2303	0.4592E-20
0.2424	0.9160E-20
0.2550	0.1804E-19
0.2684	0.3503E-19
0.2824	0.6698E-19
0.2972	0.1265E-18
0.3127	0.2340E-18
0.3291	0.4250E-18
0.3463	0.7573E-18
0.3644	0.1323E-17
0.3835	0.2265E-17
0.4036	0.3809E-17
0.4247	0.6245E-17
0.4469	0.1006E-16
0.4704	0.1587E-16
0.4952	0.2455E-16
0.5213	0.3724E-16
0.5489	0.5540E-16
0.5779	0.8080E-16
0.6087	0.1160E-15
0.6413	0.1636E-15
0.6756	0.2266E-15
0.7124	0.3101E-15
0.7510	0.4168E-15
0.7919	0.5519E-15
0.8354	0.7214E-15
0.8817	0.9314E-15
0.9308	0.1187E-14
0.9832	0.1495E-14
1.039	0.1863E-14
1.098	0.2296E-14
1.161	0.2799E-14
1.228	0.3381E-14
1.299	0.4046E-14
1.375	0.4802E-14
1.455	0.5647E-14
1.540	0.6590E-14
1.631	0.7629E-14
1.726	0.8767E-14
1.828	0.1001E-13
1.935	0.1135E-13
2.049	0.1279E-13
2.168	0.1433E-13
2.295	0.1597E-13
2.428	0.1771E-13
2.570	0.1957E-13
2.718	0.2149E-13
2.873	0.2350E-13
3.038	0.2560E-13
3.211	0.2777E-13
3.397	0.3002E-13
3.595	0.3234E-13
3.812	0.3474E-13
4.050	0.3718E-13
4.322	0.3971E-13
4.639	0.4231E-13
5.023	0.4495E-13
5.514	0.4766E-13
6.184	0.5041E-13
7.184	0.5319E-13
8.823	0.5595E-13
11.51	0.5862E-13
15.53	0.6120E-13
20.75	0.6370E-13
27.12	0.6618E-13
34.63	0.6863E-13
43.36	0.7109E-13
53.38	0.7353E-13
64.76	0.7597E-13
77.53	0.7839E-13
91.70	0.8080E-13
107.2	0.8319E-13
124.1	0.8556E-13
142.3	0.8791E-13
161.6	0.9025E-13
182.0	0.9256E-13
203.4	0.9485E-13
225.8	0.9712E-13
248.9	0.9938E-13
272.9	0.1016E-12
297.6	0.1038E-12
322.9	0.1060E-12
348.8	0.1082E-12
375.4	0.1104E-12
402.4	0.1126E-12
429.9	0.1147E-12
457.8	0.1169E-12
486.3	0.1190E-12
515.2	0.1211E-12
544.5	0.1231E-12
574.3	0.1252E-12
604.4	0.1272E-12
634.9	0.1293E-12
665.7	0.1313E-12
697.0	0.1333E-12
728.7	0.1352E-12
760.7	0.1372E-12
793.2	0.1391E-12
826.0	0.1411E-12
859.2	0.1430E-12
892.9	0.1449E-12
926.9	0.1467E-12
961.3	0.1486E-12
996.2	0.1504E-12
1031.	0.1523E-12
1067.	0.1541E-12
1103.	0.1559E-12
1140.	0.1577E-12
1177.	0.1594E-12
1215.	0.1612E-12
1253.	0.1629E-12
1292.	0.1646E-12
1331.	0.1663E-12
1370.	0.1680E-12
1411.	0.1697E-12
1451.	0.1713E-12
1493.	0.1729E-12
1535.	0.1746E-12
1577.	0.1762E-12
1621.	0.1777E-12
1664.	0.1793E-12
1709.	0.1808E-12
1754.	0.1824E-12
1800.	0.1839E-12
1847.	0.1854E-12
1894.	0.1868E-12
1942.	0.1883E-12
1990.	0.1897E-12
2040.	0.1911E-12
2090.	0.1925E-12
2141.	0.1939E-12
2193.	0.1952E-12
2246.	0.1966E-12
2299.	0.1979E-12
2353.	0.1992E-12
2408.	0.2004E-12
2464.	0.2017E-12
2521.	0.2029E-12
2579.	0.2041E-12
2637.	0.2053E-12
2697.	0.2064E-12
2757.	0.2076E-12
2818.	0.2087E-12
2880.	0.2098E-12
2944.	0.2108E-12
3008.	0.2119E-12
3073.	0.2129E-12
3139.	0.2139E-12
3205.	0.2149E-12
3274.	0.2158E-12
3342.	0.2167E-12
3412.	0.2176E-12
3483.	0.2185E-12
3555.	0.2193E-12
 
 
Ar                                                              
E/N (Td)	Inelastic energy loss coefficient (eV m3/s)
0.1461E-01	-0.1469E-71
0.1574E-01	-0.1489E-71
0.1694E-01	-0.1509E-71
0.1824E-01	-0.1530E-71
0.1961E-01	-0.1550E-71
0.2108E-01	-0.1571E-71
0.2264E-01	-0.1592E-71
0.2430E-01	-0.1613E-71
0.2607E-01	-0.1635E-71
0.2793E-01	-0.1657E-71
0.2991E-01	-0.1679E-71
0.3201E-01	-0.1702E-71
0.3422E-01	-0.1725E-71
0.3655E-01	-0.1748E-71
0.3901E-01	-0.1772E-71
0.4160E-01	-0.1796E-71
0.4433E-01	-0.1821E-71
0.4720E-01	-0.1845E-71
0.5021E-01	-0.1871E-71
0.5338E-01	-0.1897E-71
0.5669E-01	-0.1923E-71
0.6017E-01	-0.1950E-71
0.6382E-01	-0.1978E-71
0.6764E-01	-0.2006E-71
0.7164E-01	-0.2035E-71
0.7584E-01	-0.2064E-71
0.8022E-01	-0.2094E-71
0.8482E-01	-0.2124E-71
0.8963E-01	-0.2156E-71
0.9467E-01	-0.2187E-71
0.9994E-01	-0.2220E-71
0.1056	-0.2253E-71
0.1114	-0.2287E-71
0.1174	-0.2321E-71
0.1239	-0.2356E-71
0.1306	-0.2392E-71
0.1376	-0.2427E-71
0.1450	-0.2464E-71
0.1527	-0.2500E-71
0.1608	-0.2537E-71
0.1693	-0.2575E-71
0.1783	-0.2613E-71
0.1877	-0.2651E-71
0.1975	-0.2689E-71
0.2079	-0.2729E-71
0.2188	-0.2768E-71
0.2303	-0.2808E-71
0.2424	-0.2849E-71
0.2550	-0.2890E-71
0.2684	-0.2931E-71
0.2824	-0.2974E-71
0.2972	-0.3017E-71
0.3127	-0.3060E-71
0.3291	-0.3104E-71
0.3463	-0.3149E-71
0.3644	-0.3195E-71
0.3835	-0.3241E-71
0.4036	-0.3289E-71
0.4247	-0.3336E-71
0.4469	-0.3385E-71
0.4704	-0.3435E-71
0.4952	-0.3486E-71
0.5213	-0.3538E-71
0.5489	-0.3590E-71
0.5779	-0.3644E-71
0.6087	-0.3699E-71
0.6413	-0.3754E-71
0.6756	-0.3810E-71
0.7124	-0.3868E-71
0.7510	-0.3926E-71
0.7919	-0.3984E-71
0.8354	-0.4043E-71
0.8817	-0.4102E-71
0.9308	-0.4162E-71
0.9832	-0.4222E-71
1.039	-0.4281E-71
1.098	-0.4341E-71
1.161	-0.4400E-71
1.228	0.2587E-29
1.299	0.1940E-28
1.375	0.1392E-27
1.455	0.9358E-27
1.540	0.5921E-26
1.631	0.2944E-25
1.726	0.1842E-24
1.828	0.9355E-24
1.935	0.4283E-23
2.049	0.1797E-22
2.168	0.6865E-22
2.295	0.2395E-21
2.428	0.7658E-21
2.570	0.2270E-20
2.718	0.6110E-20
2.873	0.1519E-19
3.038	0.3507E-19
3.211	0.7564E-19
3.397	0.1536E-18
3.595	0.2955E-18
3.812	0.5437E-18
4.050	0.9606E-18
4.322	0.1661E-17
4.639	0.2818E-17
5.023	0.4738E-17
5.514	0.8018E-17
6.184	0.1389E-16
7.184	0.2523E-16
8.823	0.4924E-16
11.51	0.1007E-15
15.53	0.2014E-15
20.75	0.3719E-15
27.12	0.6354E-15
34.63	0.1020E-14
43.36	0.1563E-14
53.38	0.2303E-14
64.76	0.3286E-14
77.53	0.4561E-14
91.70	0.6174E-14
107.2	0.8172E-14
124.1	0.1060E-13
142.3	0.1349E-13
161.6	0.1687E-13
182.0	0.2078E-13
203.4	0.2522E-13
225.8	0.3022E-13
248.9	0.3578E-13
272.9	0.4192E-13
297.6	0.4862E-13
322.9	0.5589E-13
348.8	0.6376E-13
375.4	0.7222E-13
402.4	0.8125E-13
429.9	0.9080E-13
457.8	0.1010E-12
486.3	0.1117E-12
515.2	0.1230E-12
544.5	0.1348E-12
574.3	0.1473E-12
604.4	0.1602E-12
634.9	0.1737E-12
665.7	0.1878E-12
697.0	0.2024E-12
728.7	0.2175E-12
760.7	0.2331E-12
793.2	0.2492E-12
826.0	0.2658E-12
859.2	0.2830E-12
892.9	0.3006E-12
926.9	0.3187E-12
961.3	0.3372E-12
996.2	0.3562E-12
1031.	0.3757E-12
1067.	0.3956E-12
1103.	0.4160E-12
1140.	0.4368E-12
1177.	0.4581E-12
1215.	0.4797E-12
1253.	0.5018E-12
1292.	0.5243E-12
1331.	0.5472E-12
1370.	0.5704E-12
1411.	0.5941E-12
1451.	0.6181E-12
1493.	0.6425E-12
1535.	0.6673E-12
1577.	0.6924E-12
1621.	0.7178E-12
1664.	0.7436E-12
1709.	0.7698E-12
1754.	0.7962E-12
1800.	0.8230E-12
1847.	0.8500E-12
1894.	0.8774E-12
1942.	0.9051E-12
1990.	0.9329E-12
2040.	0.9612E-12
2090.	0.9895E-12
2141.	0.1018E-11
2193.	0.1047E-11
2246.	0.1076E-11
2299.	0.1106E-11
2353.	0.1135E-11
2408.	0.1165E-11
2464.	0.1195E-11
2521.	0.1225E-11
2579.	0.1255E-11
2637.	0.1285E-11
2697.	0.1316E-11
2757.	0.1347E-11
2818.	0.1377E-11
2880.	0.1408E-11
2944.	0.1439E-11
3008.	0.1470E-11
3073.	0.1501E-11
3139.	0.1532E-11
3205.	0.1563E-11
3274.	0.1594E-11
3342.	0.1625E-11
3412.	0.1656E-11
3483.	0.1687E-11
3555.	0.1718E-11
 
 
Ar*                                                             
E/N (Td)	Inelastic energy loss coefficient (eV m3/s)
0.1461E-01	0.000
0.1574E-01	0.000
0.1694E-01	0.000
0.1824E-01	0.000
0.1961E-01	0.000
0.2108E-01	0.000
0.2264E-01	0.000
0.2430E-01	0.000
0.2607E-01	0.000
0.2793E-01	0.000
0.2991E-01	0.000
0.3201E-01	0.000
0.3422E-01	0.000
0.3655E-01	0.000
0.3901E-01	0.000
0.4160E-01	0.000
0.4433E-01	0.000
0.4720E-01	0.000
0.5021E-01	0.000
0.5338E-01	0.000
0.5669E-01	0.000
0.6017E-01	0.6455E-28
0.6382E-01	0.2819E-27
0.6764E-01	0.8057E-27
0.7164E-01	0.1935E-26
0.7584E-01	0.4264E-26
0.8022E-01	0.8983E-26
0.8482E-01	0.1853E-25
0.8963E-01	0.3788E-25
0.9467E-01	0.7728E-25
0.9994E-01	0.1580E-24
0.1056	0.3278E-24
0.1114	0.6769E-24
0.1174	0.1404E-23
0.1239	0.2940E-23
0.1306	0.5555E-23
0.1376	0.1227E-22
0.1450	0.2657E-22
0.1527	0.5659E-22
0.1608	0.1196E-21
0.1693	0.2523E-21
0.1783	0.5283E-21
0.1877	0.1100E-20
0.1975	0.2277E-20
0.2079	0.4677E-20
0.2188	0.9561E-20
0.2303	0.1929E-19
0.2424	0.3847E-19
0.2550	0.7576E-19
0.2684	0.1471E-18
0.2824	0.2813E-18
0.2972	0.5313E-18
0.3127	0.9828E-18
0.3291	0.1785E-17
0.3463	0.3180E-17
0.3644	0.5556E-17
0.3835	0.9512E-17
0.4036	0.1600E-16
0.4247	0.2623E-16
0.4469	0.4224E-16
0.4704	0.6667E-16
0.4952	0.1031E-15
0.5213	0.1564E-15
0.5489	0.2327E-15
0.5779	0.3394E-15
0.6087	0.4871E-15
0.6413	0.6870E-15
0.6756	0.9519E-15
0.7124	0.1302E-14
0.7510	0.1751E-14
0.7919	0.2318E-14
0.8354	0.3030E-14
0.8817	0.3912E-14
0.9308	0.4984E-14
0.9832	0.6280E-14
1.039	0.7824E-14
1.098	0.9642E-14
1.161	0.1175E-13
1.228	0.1420E-13
1.299	0.1699E-13
1.375	0.2017E-13
1.455	0.2372E-13
1.540	0.2768E-13
1.631	0.3204E-13
1.726	0.3682E-13
1.828	0.4202E-13
1.935	0.4765E-13
2.049	0.5372E-13
2.168	0.6020E-13
2.295	0.6709E-13
2.428	0.7440E-13
2.570	0.8218E-13
2.718	0.9026E-13
2.873	0.9871E-13
3.038	0.1075E-12
3.211	0.1166E-12
3.397	0.1261E-12
3.595	0.1358E-12
3.812	0.1459E-12
4.050	0.1561E-12
4.322	0.1668E-12
4.639	0.1777E-12
5.023	0.1888E-12
5.514	0.2002E-12
6.184	0.2117E-12
7.184	0.2234E-12
8.823	0.2350E-12
11.51	0.2462E-12
15.53	0.2570E-12
20.75	0.2675E-12
27.12	0.2779E-12
34.63	0.2883E-12
43.36	0.2986E-12
53.38	0.3088E-12
64.76	0.3191E-12
77.53	0.3292E-12
91.70	0.3394E-12
107.2	0.3494E-12
124.1	0.3594E-12
142.3	0.3692E-12
161.6	0.3790E-12
182.0	0.3887E-12
203.4	0.3984E-12
225.8	0.4079E-12
248.9	0.4174E-12
272.9	0.4268E-12
297.6	0.4361E-12
322.9	0.4454E-12
348.8	0.4546E-12
375.4	0.4638E-12
402.4	0.4729E-12
429.9	0.4819E-12
457.8	0.4908E-12
486.3	0.4997E-12
515.2	0.5085E-12
544.5	0.5172E-12
574.3	0.5259E-12
604.4	0.5344E-12
634.9	0.5429E-12
665.7	0.5514E-12
697.0	0.5597E-12
728.7	0.5680E-12
760.7	0.5763E-12
793.2	0.5844E-12
826.0	0.5925E-12
859.2	0.6005E-12
892.9	0.6085E-12
926.9	0.6163E-12
961.3	0.6241E-12
996.2	0.6319E-12
1031.	0.6396E-12
1067.	0.6472E-12
1103.	0.6547E-12
1140.	0.6622E-12
1177.	0.6696E-12
1215.	0.6769E-12
1253.	0.6842E-12
1292.	0.6914E-12
1331.	0.6985E-12
1370.	0.7056E-12
1411.	0.7126E-12
1451.	0.7195E-12
1493.	0.7264E-12
1535.	0.7332E-12
1577.	0.7399E-12
1621.	0.7465E-12
1664.	0.7531E-12
1709.	0.7596E-12
1754.	0.7660E-12
1800.	0.7723E-12
1847.	0.7786E-12
1894.	0.7847E-12
1942.	0.7908E-12
1990.	0.7968E-12
2040.	0.8028E-12
2090.	0.8086E-12
2141.	0.8143E-12
2193.	0.8200E-12
2246.	0.8256E-12
2299.	0.8311E-12
2353.	0.8365E-12
2408.	0.8418E-12
2464.	0.8470E-12
2521.	0.8522E-12
2579.	0.8572E-12
2637.	0.8621E-12
2697.	0.8670E-12
2757.	0.8718E-12
2818.	0.8764E-12
2880.	0.8810E-12
2944.	0.8854E-12
3008.	0.8899E-12
3073.	0.8941E-12
3139.	0.8983E-12
3205.	0.9024E-12
3274.	0.9064E-12
3342.	0.9102E-12
3412.	0.9140E-12
3483.	0.9177E-12
3555.	0.9212E-12
 
 
