1.547269079010426594e+03 0.000000000000000000e+00
1.590592613222718455e+03 0.000000000000000000e+00
1.635463416514020764e+03 0.000000000000000000e+00
1.681881488884333749e+03 0.000000000000000000e+00
1.729073195794151616e+03 0.000000000000000000e+00
1.777812171782980158e+03 0.000000000000000000e+00
1.827324782311313584e+03 0.000000000000000000e+00
1.879158296458163022e+03 0.000000000000000000e+00
1.931765445144517571e+03 0.000000000000000000e+00
1.985919862909882340e+03 0.000000000000000000e+00
2.041621549754258012e+03 0.000000000000000000e+00
2.099644140217148561e+03 0.000000000000000000e+00
2.158440365219545129e+03 0.000000000000000000e+00
2.218783859300951463e+03 0.000000000000000000e+00
2.281448257000874037e+03 0.000000000000000000e+00
2.345659923779806832e+03 0.000000000000000000e+00
2.411418859637749392e+03 0.000000000000000000e+00
2.479498699114208648e+03 0.000000000000000000e+00
2.549125807669677670e+03 0.000000000000000000e+00
2.621073819843662477e+03 0.000000000000000000e+00
2.694569101096657960e+03 0.000000000000000000e+00
2.770385285968168319e+03 0.000000000000000000e+00
2.848522374458195372e+03 0.000000000000000000e+00
2.928980366566737302e+03 0.000000000000000000e+00
3.010985627754289908e+03 0.000000000000000000e+00
3.096085427099863409e+03 0.000000000000000000e+00
3.183506130063952241e+03 0.000000000000000000e+00
3.272474102107051749e+03 0.000000000000000000e+00
3.364536612308172607e+03 0.000000000000000000e+00
3.459693660667313452e+03 0.000000000000000000e+00
3.556397978105465427e+03 0.000000000000000000e+00
3.656970468241142953e+03 0.000000000000000000e+00
3.759863861995336265e+03 0.000000000000000000e+00
3.865851793907550473e+03 0.000000000000000000e+00
3.974160629438280921e+03 0.000000000000000000e+00
4.086337637666536466e+03 0.000000000000000000e+00
4.200835549513308251e+03 0.000000000000000000e+00
4.319201634057605588e+03 0.000000000000000000e+00
4.440662256759923366e+03 0.000000000000000000e+00
4.565991052159768515e+03 0.000000000000000000e+00
4.694414385717634104e+03 0.000000000000000000e+00
4.825932257433520135e+03 0.000000000000000000e+00
4.962091936386437737e+03 0.000000000000000000e+00
5.101346153497375781e+03 0.000000000000000000e+00
5.245242177845346305e+03 0.000000000000000000e+00
5.393006374890842380e+03 0.000000000000000000e+00
5.544638744633863098e+03 0.000000000000000000e+00
5.700139287074411186e+03 0.000000000000000000e+00
5.861055271291495956e+03 0.000000000000000000e+00
6.025839428206106277e+03 0.000000000000000000e+00
6.195265392357747260e+03 0.000000000000000000e+00
6.369333163746420723e+03 0.000000000000000000e+00
6.548816376911629959e+03 0.000000000000000000e+00
6.732941397313870766e+03 0.000000000000000000e+00
6.922481859492648255e+03 5.570480239999999562e-12
7.117437763447962425e+03 0.000000000000000000e+00
7.317809109179811458e+03 0.000000000000000000e+00
7.523595896688198991e+03 0.000000000000000000e+00
7.734798125973122296e+03 0.000000000000000000e+00
7.952963066113592504e+03 0.000000000000000000e+00
8.177317082570103594e+03 4.228145055679999613e-05
8.409407444421667606e+03 6.112472911999999696e-03
8.641497806273231618e+03 5.196505296320000356e-02
8.889060858914899654e+03 3.228469682880000247e-01
9.136623911556569510e+03 1.776531536000000022e+00
9.391923309593288650e+03 8.852546975999999290e+00
9.654959053025060712e+03 4.012552415039999687e+01
9.925731141851885695e+03 1.663917503039999986e+02
1.021197592146881470e+04 6.305181417600000486e+02
1.049822070108574371e+04 2.191457037120000223e+03
1.079220182609772564e+04 7.009771891200000027e+03
1.109391929650475686e+04 2.081251860480000323e+04
1.140337311230684281e+04 5.708989478400000371e+04
1.172829961889903279e+04 1.458562501760000014e+05
1.206096247088627388e+04 3.482604024640000425e+05
1.239362532287351678e+04 7.810716617599999299e+05
1.274176086565086189e+04 1.651873221439999994e+06
1.310536909921831284e+04 3.307359727359999903e+06
1.346897733278576379e+04 6.293137135999999940e+06
1.384805825714331695e+04 1.141195681599999964e+07
1.424261187229097595e+04 1.986102035840000212e+07
1.464490183283368788e+04 3.315790724480000138e+07
1.505492813877144908e+04 5.344047745920000225e+07
1.548042713549931614e+04 8.322598585600000620e+07
1.591366247762223611e+04 1.258627427199999988e+08
1.636237051053526193e+04 1.850001653759999871e+08
1.681881488884333521e+04 2.649741951999999881e+08
1.729073195794151616e+04 3.704218806079999804e+08
1.777812171782979931e+04 5.076664694399999976e+08
1.828098416850818830e+04 6.817063385600000620e+08
1.879158296458163022e+04 8.991056214400000572e+08
1.932539079684022727e+04 1.165284244799999952e+09
1.986693497449387723e+04 1.485662135360000134e+09
2.042395184293762941e+04 1.867465862080000162e+09
2.100417774756654035e+04 2.316717565760000229e+09
2.159213999759050057e+04 2.834019460480000019e+09
2.220331128379961956e+04 3.425393687039999962e+09
2.282221891540379147e+04 4.093249101759999752e+09
2.346433558319311851e+04 4.840596775039999962e+09
2.412966128716760431e+04 5.666834492799999237e+09
2.480272333653713576e+04 6.576177753600000381e+09
2.550673076748688254e+04 7.563808844800000191e+09
2.621847454383167496e+04 8.629727766399999619e+09
2.696116370175667907e+04 9.779956659199998856e+09
2.771932555047179267e+04 1.101449552320000076e+10
2.850069643537205775e+04 1.230925579519999886e+10
2.929754001106242504e+04 1.367628175679999924e+10
3.012532896833300401e+04 1.510955126720000076e+10
3.096859061639368883e+04 1.660906432640000153e+10
3.184279764603457443e+04 1.816277665279999924e+10
3.274021371186062606e+04 1.977671038720000076e+10
3.366083881387182919e+04 2.143882124800000000e+10
3.460467295206819108e+04 2.315513137600000000e+10
3.557945247184475738e+04 2.491961863040000153e+10
3.657744102780648245e+04 2.673830515200000000e+10
3.760637496534841193e+04 2.859914665920000076e+10
3.866625428447056038e+04 3.049009887040000153e+10
3.975707898517291324e+04 3.241116178559999847e+10
4.087884906745546323e+04 3.430211399680000305e+10
4.202382818592318654e+04 3.611477837759999847e+10
4.320748903136615991e+04 3.784915492800000000e+10
4.442209525838934496e+04 3.955944291519999695e+10
4.567538321238778735e+04 4.125166448000000000e+10
4.695961654796644871e+04 4.294388604480000305e+10
4.828253161052035284e+04 4.462406332800000000e+10
4.963639205465448322e+04 4.629821847040000153e+10
5.103667057115892385e+04 4.796635147200000000e+10
5.246789446924356162e+04 4.961641805120000458e+10
5.394553643969851692e+04 5.125444034880000305e+10
5.546186013712873682e+04 5.287439622400000000e+10
5.702460190692927426e+04 5.447628567680000305e+10
5.862602540370506176e+04 5.606613084800000000e+10
6.027386697285116679e+04 5.764393173759999847e+10
6.197586295976262772e+04 5.920366620480000305e+10
6.371654067364936782e+04 6.076340067200000000e+10
6.551137280530145654e+04 6.226893587200000763e+10
6.735262300932385551e+04 6.383469248000000000e+10
6.924802763111164677e+04 6.534022768000000000e+10
7.120532301605983230e+04 6.684576288000000000e+10
7.320130012798328244e+04 6.829107667200000000e+10
7.525916800306714140e+04 6.979661187200000000e+10
7.736345395052133244e+04 7.124192566400000000e+10
7.952963066113591776e+04 7.268723945600000000e+10
8.177317082570104685e+04 7.413255324800000000e+10
8.409407444421667606e+04 7.551764563200000000e+10
8.649234151668283448e+04 7.696295942400000000e+10
8.889060858914900746e+04 7.834805180800000000e+10
9.136623911556569510e+04 7.967292278400000000e+10
9.399659654988341208e+04 8.105801516800000000e+10
9.662695398420114361e+04 8.244310755200000000e+10
9.933467487246937526e+04 8.376797852800000000e+10
1.021197592146881507e+05 8.509284950400000000e+10
1.049822070108574408e+05 8.641772048000000000e+10
1.079220182609772455e+05 8.768237004800000000e+10
1.110165564189980942e+05 8.900724102400000000e+10
1.141110945770189574e+05 9.027189059200000000e+10
1.172829961889903352e+05 9.153654016000000000e+10
1.206096247088627424e+05 9.274096832000000000e+10
1.240136166826856934e+05 9.400561788800000000e+10
1.274949721104591445e+05 9.521004604800000000e+10
1.310536909921831393e+05 9.641447420800000000e+10
1.347671367818081635e+05 9.761890236800000000e+10
1.385579460253836878e+05 9.882333052800000000e+10
1.424261187229097704e+05 9.996753728000000000e+10
1.464490183283368533e+05 1.011719654400000000e+11
1.506266448416650237e+05 1.023161721920000000e+11
1.548042713549931941e+05 1.034001575360000000e+11
1.592139882301728649e+05 1.045443642880000153e+11
1.637010685593031230e+05 1.056283496320000000e+11
1.682655123423838813e+05 1.067725563840000000e+11
1.729846830333656690e+05 1.078565417280000000e+11
1.778585806322485150e+05 1.088803056640000000e+11
1.828872051390324195e+05 1.099642910080000000e+11
1.879931930997668242e+05 1.109880549440000000e+11
1.933312714223527873e+05 1.120118188800000000e+11
1.987467131988892797e+05 1.129753614080000000e+11
2.043168818833268306e+05 1.139991253440000000e+11
2.101191409296159109e+05 1.149626678720000000e+11
2.159987634298555495e+05 1.159262104000000000e+11
2.221104762919467175e+05 1.168897529280000000e+11
2.282995526079884439e+05 1.177930740480000000e+11
2.347207192858816998e+05 1.186963951680000000e+11
2.413739763256265433e+05 1.195997162880000000e+11
2.481819602732723870e+05 1.205030374080000000e+11
2.551446711288193183e+05 1.213461371200000000e+11
2.623394723462177790e+05 1.221892368320000000e+11
2.696890004715173272e+05 1.230323365440000000e+11
2.772706189586684341e+05 1.238152148480000000e+11
2.850843278076710994e+05 1.245980931520000000e+11
2.931301270185253234e+05 1.253809714560000000e+11
3.013306531372806057e+05 1.261036283520000000e+11
3.098406330718378886e+05 1.268865066560000000e+11
3.185053399142962880e+05 1.276091635520000000e+11
3.274795005725567462e+05 1.282715990400000000e+11
3.366857515926688211e+05 1.289340345280000000e+11
3.462014564285829547e+05 1.296566914240000000e+11
3.559492516263485886e+05 1.302589055040000000e+11
3.659291371859658393e+05 1.309213409920000000e+11
3.762184765613852069e+05 1.315235550720000000e+11
3.868172697526066331e+05 1.320655477440000000e+11
