3.094538158020853189e+03 3.908369379199999912e+03
3.170354342892364002e+03 5.795106091839999863e+03
3.248491431382390601e+03 8.473152105600000141e+03
3.328175788951427421e+03 1.227914509120000002e+04
3.409407415599474461e+03 1.764487254399999802e+04
3.493733580405542853e+03 2.516050426239999797e+04
3.579607014290621919e+03 3.558482998719999887e+04
3.667027717254710751e+03 4.993559151360000396e+04
3.757542958376820934e+03 6.955572624000000360e+04
3.849605468577940883e+03 9.611336716799999704e+04
3.944762516937082637e+03 1.318848835200000030e+05
4.040693199835728592e+03 1.794597958400000061e+05
4.140492055431901463e+03 2.429933812800000014e+05
4.241838180107084554e+03 3.264602527680000057e+05
4.346278842940288087e+03 4.357018868800000055e+05
4.453040409392007859e+03 5.777641883520000847e+05
4.562122879462242963e+03 7.611985971199999331e+05
4.674299887690498508e+03 9.966643024000000441e+05
4.789571434076775404e+03 1.297169128319999902e+06
4.907163884081567630e+03 1.678972855040000053e+06
5.027077237704876097e+03 2.159539690880000126e+06
5.150858764025709206e+03 2.762355984960000031e+06
5.276961193965059465e+03 3.514521370880000293e+06
5.406931796601935275e+03 4.446748766719999723e+06
5.539996937396831527e+03 5.596977659520000219e+06
5.675382981810244928e+03 7.009771891199999489e+06
5.815410833460688082e+03 8.732104160000000149e+06
5.957759588729647476e+03 1.082780915840000100e+07
6.103976516696132421e+03 1.335710829440000094e+07
6.254061617360143828e+03 1.640431153920000046e+07
6.408014890721681695e+03 2.005372886400000006e+07
6.565062702241240004e+03 2.440773666239999980e+07
6.726752320997829884e+03 2.958075560960000008e+07
6.891536477912440205e+03 3.569322852160000056e+07
7.060962442064081188e+03 4.288366463679999858e+07
7.234256578913249541e+03 5.132068389759999514e+07
7.412192522999447647e+03 6.118495052800000459e+07
7.593996639783173123e+03 7.262701804800000787e+07
7.782763467422445501e+03 8.587572780799999833e+07
7.968435756903696529e+03 1.012321868480000049e+08
8.169580737175052491e+03 1.188770593919999897e+08
8.370725717446408453e+03 1.390512310719999969e+08
8.571870697717764415e+03 1.621160303359999955e+08
8.780752023384169661e+03 1.884327856319999993e+08
8.997369694445629648e+03 2.181821611839999855e+08
9.221723710902140738e+03 2.519061496640000045e+08
9.446077727358653647e+03 2.898456367039999962e+08
9.678168089210217659e+03 3.325426149760000110e+08
9.917994796456834592e+03 3.802981915199999809e+08
1.015782150370344971e+04 4.337145804160000086e+08
1.041312090174017067e+04 4.931531101119999886e+08
1.066842029977689162e+04 5.590955518719999790e+08
1.093145604320866369e+04 6.323247840000000000e+08
1.119449178664043575e+04 7.130214707199999094e+08
1.147300022086231365e+04 8.015469404800000191e+08
1.175150865508418792e+04 8.991056214400000572e+08
1.203775343470111875e+04 1.006299727679999948e+09
1.233947090510815178e+04 1.123129259200000048e+09
1.264118837551518300e+04 1.250196430079999924e+09
1.295064219131726895e+04 1.389307882559999943e+09
1.326783235251440783e+04 1.539259188480000019e+09
1.359275885910659599e+04 1.701856990080000162e+09
1.392542171109383889e+04 1.877703501440000057e+09
1.427355725387118400e+04 2.067400936640000105e+09
1.462169279664852911e+04 2.270949295679999828e+09
1.497756468482092896e+04 2.489553006719999790e+09
1.534890926378343102e+04 2.723814283840000153e+09
1.572799018814098417e+04 2.974335341119999886e+09
1.610707111249853915e+04 3.241116178560000420e+09
1.650936107304125107e+04 3.525963438400000095e+09
1.691165103358396300e+04 3.828877120640000343e+09
1.732941368491677713e+04 4.149857225280000210e+09
1.775491268164464418e+04 4.490710394559999466e+09
1.818814802376756415e+04 4.850834414400000572e+09
1.863685605668058633e+04 5.232035927040000916e+09
1.909330043498866144e+04 5.634314932479999542e+09
1.956521750408684238e+04 6.058273644800000191e+09
2.004487091858007625e+04 6.503912064000000000e+09
2.053226067846835940e+04 6.973639046399999619e+09
2.103512312914674840e+04 7.467454592000000000e+09
2.155345827061524324e+04 7.985358700800000191e+09
2.208726610287383664e+04 8.527351372800000191e+09
2.262881028052748661e+04 9.093432608000000000e+09
2.318582714897123878e+04 9.689624547200000763e+09
2.375058036281004388e+04 1.030990504960000038e+10
2.433854261283400774e+04 1.096631839679999924e+10
2.493424120825302089e+04 1.164682030719999886e+10
2.554541249446214351e+04 1.235743292160000038e+10
2.617205647146136471e+04 1.309815624000000000e+10
2.681417313925069175e+04 1.387501240319999886e+10
2.747176249783012463e+04 1.468800141120000076e+10
2.814482454719965608e+04 1.553110112320000076e+10
2.884109563275434994e+04 1.641635582079999924e+10
2.954510306370409307e+04 1.733774336320000076e+10
3.027231953083899134e+04 1.830730803200000000e+10
3.101500868876400273e+04 1.931300554560000229e+10
3.178090688287415833e+04 2.036085804480000305e+10
3.256227776777442341e+04 2.145688767040000153e+10
3.335912134346479434e+04 2.260109442239999771e+10
3.417917395534032403e+04 2.379347830079999924e+10
3.502243560340100521e+04 2.503403930559999847e+10
3.588116994225179224e+04 2.631675529600000000e+10
3.676311331728773075e+04 2.765367055360000229e+10
3.766052938311378239e+04 2.903876293760000229e+10
3.858889083052003843e+04 3.046601030720000076e+10
3.954046131411144597e+04 3.192939052159999847e+10
4.050750448849296663e+04 3.342890358079999924e+10
4.150549304445469170e+04 3.495852734400000000e+10
4.251895429120652261e+04 3.650621752959999847e+10
4.356336091953855794e+04 3.805390771519999695e+10
4.463871292945080495e+04 3.960159790080000305e+10
4.572953763015315053e+04 4.114326594560000610e+10
4.685904405783076800e+04 4.266686756800000000e+10
4.800402317629848403e+04 4.417240276800000000e+10
4.918768402174145740e+04 4.567191582719999695e+10
5.039455390336958953e+04 4.714734032319999695e+10
5.162463282118288043e+04 4.861072053759999847e+10
5.289339346597142867e+04 5.006205647039999390e+10
5.419309949234018859e+04 5.149532598080000305e+10
5.553148724568420585e+04 5.292257335040000153e+10
5.689308403521338187e+04 5.432573215680000305e+10
5.829336255171782250e+04 5.572286882240000153e+10
5.972458644980246027e+04 5.710796120640000153e+10
6.118675572946731700e+04 5.847498716800000000e+10
6.269534308150247671e+04 5.983599098880000305e+10
6.423487581511786266e+04 6.118495052800000000e+10
6.581309027570848411e+04 6.250982150400000000e+10
6.742225011787933181e+04 6.383469248000000000e+10
6.908556437781553541e+04 6.515956345600000000e+10
7.077982401933195069e+04 6.648443443200000000e+10
7.252050173321869806e+04 6.780930540800000000e+10
7.429986117408068094e+04 6.907395497600000000e+10
7.612563868731298135e+04 7.039882595200000000e+10
7.798236158212549344e+04 7.166347552000000000e+10
7.991644793088853476e+04 7.292812508800000000e+10
8.185053427965156152e+04 7.413255324800000000e+10
8.386198408236511750e+04 7.539720281600000000e+10
8.595079733902918815e+04 7.660163097600000000e+10
8.803961059569327335e+04 7.786628054400000000e+10
9.020578730630787322e+04 7.907070870400000000e+10
9.244932747087297321e+04 8.027513686400000000e+10
9.469286763543810230e+04 8.141934361600000000e+10
9.701377125395373150e+04 8.262377177600000000e+10
9.941203832641990448e+04 8.376797852800000000e+10
1.018876688528365776e+05 8.497240668800000000e+10
1.043632993792532652e+05 8.611661344000000000e+10
1.069162933596204675e+05 8.726082019200000000e+10
1.095466507939381991e+05 8.834480553600000000e+10
1.122543716822064453e+05 8.948901228800000000e+10
1.149620925704746915e+05 9.057299763200000000e+10
1.178245403666439815e+05 9.171720438400000000e+10
1.206869881628132716e+05 9.280118972800000000e+10
1.237041628668836056e+05 9.388517507200000000e+10
1.267213375709539250e+05 9.496916041600000000e+10
1.298158757289747882e+05 9.599292435200000000e+10
1.329877773409461661e+05 9.707690969600000000e+10
1.362370424068680441e+05 9.810067363200000000e+10
1.396410343806910096e+05 9.912443756800000000e+10
1.430450263545139169e+05 1.001482015040000000e+11
1.465263817822874116e+05 1.011719654400000000e+11
1.501624641179619066e+05 1.021957293760000000e+11
1.538759099075869308e+05 1.031592719040000153e+11
1.575893556972119550e+05 1.041228144320000000e+11
1.615348918486885086e+05 1.051465783680000000e+11
1.654804280001651205e+05 1.061101208960000000e+11
1.695033276055922324e+05 1.070134420160000000e+11
1.736809541189203737e+05 1.079769845440000000e+11
1.779359440861990442e+05 1.088803056640000000e+11
1.823456609613787732e+05 1.098438481920000000e+11
1.868327412905090023e+05 1.107471693120000000e+11
1.913971850735897606e+05 1.116504904320000000e+11
1.961163557645715773e+05 1.124935901440000000e+11
2.009128899095038651e+05 1.133969112640000000e+11
2.058641509623372403e+05 1.142400109760000000e+11
2.108927754691211449e+05 1.150831106880000000e+11
2.160761268838060496e+05 1.159262104000000000e+11
2.214142052063920419e+05 1.167693101120000000e+11
2.268296469829285343e+05 1.175521884160000000e+11
2.323998156673660560e+05 1.183952881280000000e+11
2.381247112597046362e+05 1.191781664320000000e+11
2.439269703059937456e+05 1.199610447360000000e+11
2.499613197141344135e+05 1.206837016320000000e+11
2.560730325762256107e+05 1.214665799360000000e+11
2.624168358001683373e+05 1.221892368320000000e+11
2.688380024780615931e+05 1.229118937280000000e+11
2.754138960638559074e+05 1.236345506240000000e+11
2.821445165575512801e+05 1.242969861120000000e+11
2.891072274130981532e+05 1.250196430080000000e+11
2.962246651765461429e+05 1.256820784960000000e+11
3.034968298478951328e+05 1.263445139840000000e+11
3.109237214271451812e+05 1.269467280640000000e+11
3.185827033682467882e+05 1.276091635520000000e+11
3.263964122172494535e+05 1.282113776320000000e+11
3.344422114281036775e+05 1.288135917120000000e+11
3.426427375468589598e+05 1.294158057920000000e+11
3.510753540274658008e+05 1.299577984640000000e+11
3.596626974159736419e+05 1.304997911360000000e+11
3.684821311663330998e+05 1.310417838080000000e+11
3.775336552785440581e+05 1.315837764800000000e+11
3.868172697526066331e+05 1.320655477440000000e+11
