3.094538158020853189e+03 3.952933221120000326e+03
3.147918941246712620e+03 5.216980575040000076e+03
3.202073359012077617e+03 6.853196230399999877e+03
3.257001411316947724e+03 8.966967651199998727e+03
3.313476732700828506e+03 1.167693101120000028e+04
3.370725688624213944e+03 1.514568411200000082e+04
3.428748279087104947e+03 1.955991331839999839e+04
3.487544504089501061e+03 2.514845998080000209e+04
3.547887998170907849e+03 3.221243113920000178e+04
3.609005126791820203e+03 4.108906667840000591e+04
3.671669524491742322e+03 5.220593859520000115e+04
3.734333922191664442e+03 6.606288457600001129e+04
3.799319223510102347e+03 8.328620726399999694e+04
3.864304524828540252e+03 1.046648071039999923e+05
3.930837095225988378e+03 1.309815623999999953e+05
3.998916934702447634e+03 1.633204584960000066e+05
4.003558741939478296e+03 1.659099790400000056e+05
4.032183219901171469e+03 1.813868808959999878e+05
1.374748576700763806e+04 1.942140408000000000e+09
1.374748576700763806e+04 1.944549264319999933e+09
1.373974942161258696e+04 1.939731551680000067e+09
4.034504123519686800e+03 1.827719732800000056e+05
3.846510930419919987e+03 9.840178067200000805e+04
3.928516191607473047e+03 1.299577984639999922e+05
4.019031432729582320e+03 1.741000905280000006e+05
1.425034821768602887e+04 2.242645233920000076e+09
4.027541412664139898e+03 1.790984673919999914e+05
4.039919565296223482e+03 1.860239293119999929e+05
1.318273255316883296e+04 1.633204584960000038e+09
4.033730488980181690e+03 1.824106448319999909e+05
1.332198677027977283e+04 1.707276916800000191e+09
1.317499620777378186e+04 1.628989086400000095e+09
1.496209199403082312e+04 2.704543433279999733e+09
4.027541412664139898e+03 1.791586888000000035e+05
3.995822396544426283e+03 1.616342590720000153e+05
1.500851006640113701e+04 2.737665207680000305e+09
1.534890926378343102e+04 2.979153053760000229e+09
4.013615990953046548e+03 1.712094629439999990e+05
1.522512773746259700e+04 2.890025369920000076e+09
1.319046889856388589e+04 1.637420083519999981e+09
1.378616749398290085e+04 1.966831185279999971e+09
1.571251749735088197e+04 3.239911750400000095e+09
1.320594158935398991e+04 1.646453294720000029e+09
1.394863074727899402e+04 2.061378795839999914e+09
4.018257798190077210e+03 1.737989834879999980e+05
1.322141428014409576e+04 1.654884291840000153e+09
1.630821609276989693e+04 3.699401093440000057e+09
1.320594158935398991e+04 1.643442224319999933e+09
1.328330504330451186e+04 1.686801638079999924e+09
1.321367793474904283e+04 1.648259936960000038e+09
4.035277758059191910e+03 1.831333017279999913e+05
1.449791127032769691e+04 2.398016466559999943e+09
1.322915062553914686e+04 1.656690934079999924e+09
1.317499620777378186e+04 1.629591300480000019e+09
1.381711287556310890e+04 1.985499821759999990e+09
1.317499620777378186e+04 1.630193514559999943e+09
1.323688697093419978e+04 1.660304218559999943e+09
1.397957612885920389e+04 2.077638576000000000e+09
4.032183219901171469e+03 1.814471023040000000e+05
1.362370424068680404e+04 1.872283574719999790e+09
4.040693199835728592e+03 1.866863647999999812e+05
3.206715166249108734e+03 7.003749750400000266e+03
3.899118079106274763e+03 1.177328526399999973e+05
3.991954223846900277e+03 1.597673954239999875e+05
3.243849624145359030e+03 8.400886415999999372e+03
3.945536151476587747e+03 1.374252530560000159e+05
3.611326030410335534e+03 4.140221800000000076e+04
3.273247736646556859e+03 9.677580265600001439e+03
3.654649564622627167e+03 4.904431467520000297e+04
3.902212617264295204e+03 1.188168379839999980e+05
3.932384364304998599e+03 1.317042192959999957e+05
3.367631150466193503e+03 1.493490918400000010e+04
3.773789283706430524e+03 7.611985971200000495e+04
1.319046889856388589e+04 1.635613441279999971e+09
4.005879645557994536e+03 1.671746286079999991e+05
3.860436352131014246e+03 1.033399361280000012e+05
3.941667978779061286e+03 1.357992750400000077e+05
1.322141428014409576e+04 1.654884291840000153e+09
4.037598661677708151e+03 1.848797225599999947e+05
3.627572355739944669e+03 4.413626992320000136e+04
1.324462331632925088e+04 1.666928573440000057e+09
4.040693199835728592e+03 1.866261433919999981e+05
1.342255926041544990e+04 1.760873969920000076e+09
1.367012231305711794e+04 1.900587636480000019e+09
3.959461573187681552e+03 1.436882794880000001e+05
1.322915062553914686e+04 1.657293148160000086e+09
1.345350464199565977e+04 1.780144820480000019e+09
1.368559500384722196e+04 1.910223061759999990e+09
1.392542171109383889e+04 2.046925657919999838e+09
1.416524841834045401e+04 2.190854823040000439e+09
1.440507512558707094e+04 2.342612771199999809e+09
1.465263817822873898e+04 2.502801716480000019e+09
1.490793757626545994e+04 2.671421658880000114e+09
1.516323697430217908e+04 2.847870384320000172e+09
1.542627271773395296e+04 3.033352320959999561e+09
1.569704480656077612e+04 3.227867468800000191e+09
1.596781689538760111e+04 3.430813613760000229e+09
1.623858898421442791e+04 3.643997398079999924e+09
1.651709741843630036e+04 3.866214393599999905e+09
1.680334219805323301e+04 4.098066814400000095e+09
1.709732332306521130e+04 4.339554660480000496e+09
1.739130444807719687e+04 4.591882360000000000e+09
1.768528557308917516e+04 4.853845484799999237e+09
1.799473938889125930e+04 5.127250677120000839e+09
1.830419320469334707e+04 5.410893508800000191e+09
1.862138336589048413e+04 5.705376193920000076e+09
1.893857352708762119e+04 6.010698732480000496e+09
1.926350003367981117e+04 6.329269980800000191e+09
1.959616288566705043e+04 6.654465584000000000e+09
1.993656208304934626e+04 6.997727609600000381e+09
2.028469762582669136e+04 7.347011776000000000e+09
2.063283316860403647e+04 7.708340224000000000e+09
2.098870505677643450e+04 8.087735094399999619e+09
2.134457694494883253e+04 8.473152105600000381e+09
2.171592152391133641e+04 8.870613398399999619e+09
2.208726610287383664e+04 9.280118972800001144e+09
2.247408337262644272e+04 9.707690969599998474e+09
2.286090064237905244e+04 1.014128510720000076e+10
2.325545425752670781e+04 1.059294566720000076e+10
2.365000787267437045e+04 1.105062836800000000e+10
2.406003417861213165e+04 1.152637749120000076e+10
2.447779682994494942e+04 1.201417089600000000e+10
2.489555948127776355e+04 1.251400858239999962e+10
2.532879482340068353e+04 1.302589055039999962e+10
2.576203016552360350e+04 1.354981680000000000e+10
2.621073819843662568e+04 1.408578733119999886e+10
2.665944623134965150e+04 1.463982428479999924e+10
2.711589060965772296e+04 1.520590552000000000e+10
2.758780767875590391e+04 1.577800889600000000e+10
2.805972474785408122e+04 1.636817869439999962e+10
2.854711450774236800e+04 1.697039277439999962e+10
2.903450426763065479e+04 1.758465113600000000e+10
2.953736671830904379e+04 1.821697592000000000e+10
3.004796551438248207e+04 1.885532284479999924e+10
3.056630065585097691e+04 1.951173619200000000e+10
3.109237214271452103e+04 2.017417168000000000e+10
3.162617997497311808e+04 2.085467359040000153e+10
3.217546049802181733e+04 2.154721978240000153e+10
3.273247736646557314e+04 2.225181025600000000e+10
3.328949423490932531e+04 2.296844501120000076e+10
3.386972013953823625e+04 2.370314618880000305e+10
3.444994604416714719e+04 2.444386950720000076e+10
3.504564463958616398e+04 2.519663710720000076e+10
3.564907958040022640e+04 2.596144898879999924e+10
3.626025086660934903e+04 2.674432729279999924e+10
3.688689484360856295e+04 2.753322773759999847e+10
3.752127516600283707e+04 2.833417246400000000e+10
3.817112817918722430e+04 2.914716147200000000e+10
3.882871753776665719e+04 2.997821690239999771e+10
3.950177958713618864e+04 3.080927233279999924e+10
4.018257798190077301e+04 3.165839418559999847e+10
4.087111272206041758e+04 3.251956032000000000e+10
4.157512015301016072e+04 3.338674859520000076e+10
4.229460027475000243e+04 3.426598115200000000e+10
4.302181674188491161e+04 3.515725799040000153e+10
4.376450589980991208e+04 3.606057911040000153e+10
4.451493140312996547e+04 3.696992237120000458e+10
4.528856594263518491e+04 3.788528777279999542e+10
4.606993682753544999e+04 3.881269745600000000e+10
4.685904405783076800e+04 3.975215142080000305e+10
4.767136032431123749e+04 4.069160538559999847e+10
4.849141293618676718e+04 4.164310363200000000e+10
4.932693823885240272e+04 4.260664616000000000e+10
5.017793623230812955e+04 4.357018868800000000e+10
5.104440691655396949e+04 4.454577549759999847e+10
5.191861394619486236e+04 4.552136230719999695e+10
5.281603001202090672e+04 4.650899339840000153e+10
5.372891876863706420e+04 4.749662448959999847e+10
5.464954387064826733e+04 4.849027772159999847e+10
5.559337800884462195e+04 4.948393095360000610e+10
5.655268483783108240e+04 5.048962846719999695e+10
5.752746435760765598e+04 5.148930384000000000e+10
5.851771656817432813e+04 5.249500135359999847e+10
5.953117781492615904e+04 5.350672100800000000e+10
6.055237540707304288e+04 5.451241852159999847e+10
6.159678203540507820e+04 5.552413817600000000e+10
6.265666135452721937e+04 5.652983568959999847e+10
6.373974970983452658e+04 5.754155534400000000e+10
6.483831075593192509e+04 5.854725285759999847e+10
6.596008083821447508e+04 5.955295037119999695e+10
6.709732361128715274e+04 6.058273644800000000e+10
6.825003907514990715e+04 6.154627897600000000e+10
6.942596357519783487e+04 6.257004291200000000e+10
7.062509711143092136e+04 6.353358544000000000e+10
7.183970333845409914e+04 6.455734937600000000e+10
7.307751860166243569e+04 6.552089190400000000e+10
7.433080655566089263e+04 6.648443443200000000e+10
7.561503989123953215e+04 6.750819836800000000e+10
7.692248226300334500e+04 6.847174089600000763e+10
7.821445194397705200e+04 6.943528342400000000e+10
7.960699411508643243e+04 7.039882595200000000e+10
8.099953628619582742e+04 7.136236848000000000e+10
8.239207845730520785e+04 7.232591100800000000e+10
8.378462062841460283e+04 7.322923212800000000e+10
8.525452625347449793e+04 7.419277465600000000e+10
8.672443187853440759e+04 7.509609577600000000e+10
8.819433750359431724e+04 7.605963830400000000e+10
8.974160658260474156e+04 7.696295942400000000e+10
9.128887566161516588e+04 7.786628054400000000e+10
9.283614474062559020e+04 7.876960166400000000e+10
