3.094538158020853189e+03 0.000000000000000000e+00
3.170354342892364002e+03 0.000000000000000000e+00
3.248491431382390601e+03 0.000000000000000000e+00
3.328175788951427421e+03 0.000000000000000000e+00
3.410181050138980027e+03 0.000000000000000000e+00
3.493733580405542853e+03 0.000000000000000000e+00
3.579607014290621919e+03 0.000000000000000000e+00
3.667027717254710751e+03 0.000000000000000000e+00
3.757542958376820934e+03 0.000000000000000000e+00
3.849605468577940883e+03 0.000000000000000000e+00
3.943988882397577527e+03 0.000000000000000000e+00
4.041466834375233702e+03 0.000000000000000000e+00
4.140492055431901463e+03 0.000000000000000000e+00
4.241838180107084554e+03 0.000000000000000000e+00
4.346278842940288087e+03 0.000000000000000000e+00
4.453040409392007859e+03 0.000000000000000000e+00
4.562122879462242963e+03 0.000000000000000000e+00
4.674299887690498508e+03 0.000000000000000000e+00
4.789571434076775404e+03 0.000000000000000000e+00
4.907163884081567630e+03 0.000000000000000000e+00
5.027077237704876097e+03 0.000000000000000000e+00
5.150858764025709206e+03 9.256030409599999667e-06
5.276961193965059465e+03 4.041458690879999854e-05
5.406931796601935275e+03 1.155046605440000014e-04
5.539996937396831527e+03 2.775002480640000285e-04
5.675382981810244928e+03 6.112472912000000780e-04
5.815410833460688082e+03 1.288135917119999883e-03
5.957759588729647476e+03 2.656366306879999993e-03
6.103976516696132421e+03 5.431971001599999495e-03
6.254061617360143828e+03 1.108073907200000062e-02
6.408014890721681695e+03 2.265529368959999859e-02
6.565062702241240004e+03 4.700280894399999632e-02
6.726752320997829884e+03 9.707690969599999664e-02
6.891536477912440205e+03 2.012599455360000178e-01
7.060962442064081188e+03 4.216100774080000502e-01
7.234256578913249541e+03 7.967292278399999983e-01
7.412192522999447647e+03 1.759067327679999959e+00
7.593996639783173123e+03 3.809004056000000027e+00
7.782763467422445501e+03 8.111823657600000459e+00
7.968435756903696529e+03 1.714503485759999890e+01
8.169580737175052491e+03 3.617499978560000073e+01
8.370725717446408453e+03 7.575853126399999837e+01
8.571870697717764415e+03 1.577800889600000005e+02
8.780752023384169661e+03 3.265204741759999933e+02
8.997369694445629648e+03 6.708664851199999930e+02
9.221723710902140738e+03 1.370639246080000021e+03
9.446077727358653647e+03 2.765367055359999995e+03
9.678168089210217659e+03 5.516280972800000200e+03
9.917994796456834592e+03 1.086394200320000164e+04
1.015782150370344971e+04 2.109555922239999927e+04
1.041312090174017067e+04 4.033629907839999942e+04
1.066842029977689162e+04 7.618008112000000256e+04
1.093145604320866369e+04 1.409180947200000228e+05
1.119449178664043575e+04 2.559409839999999967e+05
1.147300022086231365e+04 4.560567227839999832e+05
1.175150865508418792e+04 7.967292278400000650e+05
1.203775343470111875e+04 1.364014891199999955e+06
1.233947090510815178e+04 2.293833430720000062e+06
1.264118837551518300e+04 3.760826929600000381e+06
1.295064219131726895e+04 6.058273644799999893e+06
1.326783235251440783e+04 9.557137449599999934e+06
1.359275885910659599e+04 1.478435566399999894e+07
1.392542171109383889e+04 2.242645233920000121e+07
1.427355725387118400e+04 3.336266003199999779e+07
1.462169279664852911e+04 4.865889766400000453e+07
1.497756468482092896e+04 6.985683328000000119e+07
1.534890926378343102e+04 9.852222348800000548e+07
1.572799018814098417e+04 1.364617105280000269e+08
1.611480745789359389e+04 1.867465862080000043e+08
1.650936107304125107e+04 2.510028285439999998e+08
1.691165103358396300e+04 3.323619507519999743e+08
1.732941368491677713e+04 4.344372373120000362e+08
1.775491268164464418e+04 5.609021941119999886e+08
1.818814802376756415e+04 7.148281129600000381e+08
1.863685605668058633e+04 9.003100496000000238e+08
1.909330043498866144e+04 1.121924831039999962e+09
1.956521750408684238e+04 1.382683527679999828e+09
2.004487091858007625e+04 1.685597209920000076e+09
2.053226067846835940e+04 2.036085804480000019e+09
2.104285947454180132e+04 2.436558167679999828e+09
2.155345827061524324e+04 2.891832012160000324e+09
2.208726610287383664e+04 3.400702909759999752e+09
2.262881028052748661e+04 3.968590787200000286e+09
2.318582714897123878e+04 4.594291216319999695e+09
2.375058036281004388e+04 5.279610839360000610e+09
2.433854261283400774e+04 6.028162940800000191e+09
2.493424120825302089e+04 6.835129808000000000e+09
2.554541249446214351e+04 7.702318083199999809e+09
2.617205647146136471e+04 8.629727766399999619e+09
2.681417313925069175e+04 9.617358857600000381e+09
2.747176249783012463e+04 1.066521135680000114e+10
2.815256089259470900e+04 1.178532954559999847e+10
2.884109563275434994e+04 1.294158057919999886e+10
2.955283940909914600e+04 1.415203088000000000e+10
3.027231953083899134e+04 1.541668044800000000e+10
3.102274503415904837e+04 1.672348500160000038e+10
3.178090688287415833e+04 1.807846668160000229e+10
3.256227776777442341e+04 1.947560334719999695e+10
3.335912134346479434e+04 2.092091713920000076e+10
3.417917395534032403e+04 2.239031949439999771e+10
3.502243560340100521e+04 2.391392111680000305e+10
3.588116994225179224e+04 2.547967772479999924e+10
3.676311331728773075e+04 2.706952289600000000e+10
3.766052938311378239e+04 2.870152305280000305e+10
3.858889083052003843e+04 3.035761177280000305e+10
3.953272496871640033e+04 3.203176691520000076e+10
4.050750448849296663e+04 3.369387777600000000e+10
4.149775669905963878e+04 3.530178936959999847e+10
4.251895429120652261e+04 3.685550169600000000e+10
4.356336091953855794e+04 3.836103689600000000e+10
4.463871292945080495e+04 3.985452781440000153e+10
4.572953763015315053e+04 4.132995231039999390e+10
4.685904405783076800e+04 4.281139894720000458e+10
4.800402317629848403e+04 4.428080130240000153e+10
4.918768402174145740e+04 4.575020365759999847e+10
5.038681755797453661e+04 4.720756173119999695e+10
5.163236916657793336e+04 4.865889766400000000e+10
5.289339346597142867e+04 5.009818931519999695e+10
5.420083583773524151e+04 5.152543668480000305e+10
5.553148724568420585e+04 5.294063977280000305e+10
5.689308403521338187e+04 5.434982072000000000e+10
5.829336255171782250e+04 5.574093524480000305e+10
5.972458644980246027e+04 5.712000548800000000e+10
6.118675572946731700e+04 5.848703144959999847e+10
6.269534308150247671e+04 5.984803527040000153e+10
6.423487581511786266e+04 6.118495052800000000e+10
6.581309027570848411e+04 6.250982150400000000e+10
6.742225011787933181e+04 6.383469248000000000e+10
6.908556437781553541e+04 6.515956345600000000e+10
7.077982401933195069e+04 6.648443443200000000e+10
7.252050173321869806e+04 6.780930540800000000e+10
7.429986117408068094e+04 6.907395497600000000e+10
7.612563868731298135e+04 7.039882595200000000e+10
7.798236158212549344e+04 7.166347552000000000e+10
7.991644793088853476e+04 7.292812508800000000e+10
8.185053427965156152e+04 7.413255324800000000e+10
8.386198408236511750e+04 7.539720281600000000e+10
8.595079733902918815e+04 7.660163097600000000e+10
8.803961059569327335e+04 7.786628054400000000e+10
9.020578730630787322e+04 7.907070870400000000e+10
9.244932747087297321e+04 8.027513686400000000e+10
9.469286763543810230e+04 8.141934361600000000e+10
9.701377125395373150e+04 8.262377177600000000e+10
9.941203832641990448e+04 8.376797852800000000e+10
1.018876688528365776e+05 8.497240668800000000e+10
1.043632993792532652e+05 8.611661344000000000e+10
1.069162933596204675e+05 8.726082019200000000e+10
1.095466507939381991e+05 8.834480553600000000e+10
1.122543716822064453e+05 8.948901228800000000e+10
1.149620925704746915e+05 9.057299763200000000e+10
1.178245403666439815e+05 9.171720438400000000e+10
1.206869881628132716e+05 9.280118972800000000e+10
1.237041628668836056e+05 9.388517507200000000e+10
1.267213375709539250e+05 9.496916041600000000e+10
1.298158757289747882e+05 9.599292435200000000e+10
1.329877773409461661e+05 9.707690969600000000e+10
1.362370424068680441e+05 9.810067363200000000e+10
1.396410343806910096e+05 9.912443756800000000e+10
1.430450263545139169e+05 1.001482015040000000e+11
1.465263817822874116e+05 1.011719654400000000e+11
1.501624641179619066e+05 1.021957293760000000e+11
1.538759099075869308e+05 1.031592719040000153e+11
1.575893556972119550e+05 1.041228144320000000e+11
1.615348918486885086e+05 1.051465783680000000e+11
1.654804280001651205e+05 1.061101208960000000e+11
1.695033276055922324e+05 1.070134420160000000e+11
1.736809541189203737e+05 1.079769845440000000e+11
1.779359440861990442e+05 1.088803056640000000e+11
1.823456609613787732e+05 1.098438481920000000e+11
1.868327412905090023e+05 1.107471693120000000e+11
1.913971850735897606e+05 1.116504904320000000e+11
1.961163557645715773e+05 1.124935901440000000e+11
2.009128899095038651e+05 1.133969112640000000e+11
2.058641509623372403e+05 1.142400109760000000e+11
2.108927754691211449e+05 1.150831106880000000e+11
2.160761268838060496e+05 1.159262104000000000e+11
2.214142052063920419e+05 1.167693101120000000e+11
2.268296469829285343e+05 1.175521884160000000e+11
2.323998156673660560e+05 1.183952881280000000e+11
2.381247112597046362e+05 1.191781664320000000e+11
2.439269703059937456e+05 1.199610447360000000e+11
2.499613197141344135e+05 1.206837016320000000e+11
2.560730325762256107e+05 1.214665799360000000e+11
2.624168358001683373e+05 1.221892368320000000e+11
2.688380024780615931e+05 1.229118937280000000e+11
2.754138960638559074e+05 1.236345506240000000e+11
2.821445165575512801e+05 1.242969861120000000e+11
2.891072274130981532e+05 1.250196430080000000e+11
2.962246651765461429e+05 1.256820784960000000e+11
3.034968298478951328e+05 1.263445139840000000e+11
3.109237214271451812e+05 1.269467280640000000e+11
3.185827033682467882e+05 1.276091635520000000e+11
3.263964122172494535e+05 1.282113776320000000e+11
3.344422114281036775e+05 1.288135917120000000e+11
3.426427375468589598e+05 1.294158057920000000e+11
3.510753540274658008e+05 1.299577984640000000e+11
3.596626974159736419e+05 1.304997911360000000e+11
3.684821311663330998e+05 1.310417838080000000e+11
3.775336552785440581e+05 1.315837764800000000e+11
3.868172697526066331e+05 1.320655477440000000e+11
