3.094538158020853189e+03 3.950524364800000058e+03
3.170354342892364002e+03 5.842681004160000157e+03
3.248491431382390601e+03 8.557462076800000432e+03
3.328175788951427421e+03 1.244174289279999903e+04
3.410181050138980027e+03 1.793995744319999721e+04
3.493733580405542853e+03 2.568443051200000264e+04
3.579607014290621919e+03 3.638577471360000345e+04
3.667027717254710751e+03 5.114604181440000684e+04
3.757542958376820934e+03 7.142258988799998770e+04
3.849605468577940883e+03 9.894377334400000109e+04
3.943988882397577527e+03 1.360401606719999982e+05
4.040693199835728592e+03 1.856626008639999782e+05
4.140492055431901463e+03 2.516652640320000064e+05
4.241838180107084554e+03 3.388056414080000250e+05
4.346278842940288087e+03 4.530456523840000154e+05
4.453040409392007859e+03 6.017925301439999603e+05
4.562122879462242963e+03 7.943203715200000443e+05
4.674299887690498508e+03 1.041228144319999963e+06
4.789571434076775404e+03 1.358594964480000082e+06
4.907163884081567630e+03 1.759067327680000104e+06
5.027077237704876097e+03 2.264324940799999982e+06
5.150858764025709206e+03 2.902069651520000305e+06
5.276961193965059465e+03 3.695787808960000053e+06
5.406931796601935275e+03 4.682214472000000067e+06
5.539996937396831527e+03 5.899891341760000214e+06
5.676156616349750038e+03 7.395188902400000021e+06
5.815410833460688082e+03 9.225919705599999055e+06
5.957759588729647476e+03 1.144808966080000065e+07
6.103976516696132421e+03 1.413998659840000048e+07
6.254061617360143828e+03 1.738592048959999904e+07
6.408014890721681695e+03 2.127020130559999868e+07
6.565062702241240004e+03 2.591327186239999905e+07
6.726752320997829884e+03 3.142955283519999683e+07
6.891536477912440205e+03 3.795755346239999682e+07
7.060962442064081188e+03 4.564180512319999933e+07
7.234256578913249541e+03 5.466297204159999639e+07
7.412192522999447647e+03 6.521978486400000006e+07
7.593996639783173123e+03 7.750495209600000083e+07
7.782763467422445501e+03 9.171720438400000334e+07
7.968435756903696529e+03 1.081576487680000067e+08
8.169580737175052491e+03 1.270671708799999952e+08
8.370725717446408453e+03 1.487468777600000203e+08
8.571870697717764415e+03 1.734978764479999840e+08
8.780752023384169661e+03 2.017417168000000119e+08
8.997369694445629648e+03 2.337795058559999764e+08
9.221723710902140738e+03 2.699725720640000105e+08
9.446077727358653647e+03 3.108629080960000157e+08
9.678168089210217659e+03 3.567516209920000434e+08
9.917994796456834592e+03 4.081807034240000248e+08
1.015782150370344971e+04 4.655717052479999661e+08
1.041312090174017067e+04 5.295268405440000296e+08
1.066842029977689162e+04 6.005881019840000868e+08
1.092371969781361076e+04 6.792974822400000095e+08
1.119449178664043575e+04 7.660163097599999905e+08
1.147300022086231365e+04 8.617683484800000191e+08
1.175150865508418792e+04 9.665535983999999762e+08
1.203775343470111875e+04 1.081576487680000067e+09
1.233947090510815178e+04 1.206837016319999933e+09
1.264118837551518300e+04 1.343539612480000019e+09
1.295064219131726895e+04 1.492286490240000010e+09
1.326783235251440783e+04 1.653679863680000067e+09
1.359275885910659599e+04 1.827719732799999952e+09
1.392542171109383889e+04 2.015610525759999990e+09
1.427355725387118400e+04 2.218556670719999790e+09
1.462169279664852911e+04 2.435955953599999905e+09
1.497756468482092896e+04 2.669615016639999866e+09
1.534890926378343102e+04 2.918931645760000229e+09
1.572799018814098417e+04 3.185712483200000286e+09
1.610707111249853915e+04 3.469957528960000038e+09
1.650936107304125107e+04 3.772268997119999886e+09
1.691165103358396300e+04 4.093851315839999676e+09
1.732941368491677713e+04 4.434102271040000916e+09
1.775491268164464418e+04 4.794226290880000114e+09
1.818814802376756415e+04 5.174825589440000534e+09
1.863685605668058633e+04 5.576502380800000191e+09
1.909330043498866144e+04 5.999256664960000038e+09
1.956521750408684238e+04 6.443690656000000000e+09
2.004487091858007625e+04 6.913417638400000572e+09
2.053226067846835940e+04 7.401211043200000763e+09
2.103512312914674840e+04 7.919115152000000000e+09
2.155345827061524324e+04 8.455085683199999809e+09
2.208726610287383664e+04 9.021166918399999619e+09
2.262881028052748661e+04 9.605314576000000000e+09
2.318582714897123878e+04 1.021957293760000038e+10
2.375058036281004388e+04 1.086394200320000076e+10
2.433854261283400774e+04 1.152637749120000076e+10
2.493424120825302089e+04 1.222494582400000000e+10
2.554541249446214351e+04 1.294760272000000000e+10
2.617205647146136471e+04 1.369434817919999886e+10
2.681417313925069175e+04 1.447722648320000076e+10
2.747176249783012463e+04 1.529021549120000076e+10
2.815256089259470900e+04 1.613331520319999886e+10
2.884109563275434994e+04 1.700652561920000076e+10
2.954510306370409307e+04 1.790984673920000076e+10
3.027231953083899134e+04 1.884930070400000000e+10
3.101500868876400273e+04 1.982488751359999847e+10
3.178090688287415833e+04 2.083660716800000000e+10
3.256227776777442341e+04 2.187843752640000153e+10
3.335912134346479434e+04 2.296242287039999771e+10
3.417917395534032403e+04 2.408856320000000000e+10
3.501469925800595229e+04 2.525083637439999771e+10
3.588116994225179224e+04 2.644924239359999847e+10
3.675537697189268511e+04 2.769582553920000076e+10
3.766052938311378239e+04 2.897854152960000229e+10
3.858889083052003843e+04 3.030341250559999847e+10
3.954046131411144597e+04 3.167646060800000000e+10
4.050750448849296663e+04 3.308564155519999695e+10
4.150549304445469170e+04 3.453095534719999695e+10
4.251895429120652261e+04 3.600637984320000458e+10
4.356336091953855794e+04 3.751191504320000458e+10
4.463871292945080495e+04 3.904153880640000153e+10
4.572953763015315053e+04 4.058320685120000458e+10
4.685904405783076800e+04 4.214294131839999390e+10
4.800402317629848403e+04 4.369665364479999542e+10
4.918768402174145740e+04 4.524434383040000153e+10
5.039455390336958953e+04 4.678601187519999695e+10
5.163236916657793336e+04 4.830359135680000305e+10
5.289339346597142867e+04 4.979708227519999695e+10
5.419309949234018859e+04 5.127852891200000000e+10
5.552375090028915292e+04 5.273588698559999847e+10
5.689308403521338187e+04 5.417517863680000305e+10
5.829336255171782250e+04 5.559640386560000610e+10
5.972458644980246027e+04 5.699956267200000000e+10
6.118675572946731700e+04 5.838465505600000000e+10
6.269534308150247671e+04 5.975770315840000153e+10
6.423487581511786266e+04 6.112472912000000000e+10
6.581309027570848411e+04 6.244960009600000000e+10
6.742225011787933181e+04 6.383469248000000000e+10
6.907782803242049704e+04 6.515956345600000000e+10
7.077982401933195069e+04 6.642421302400000000e+10
7.252050173321869806e+04 6.774908400000000000e+10
7.429986117408068094e+04 6.907395497600000000e+10
7.612563868731298135e+04 7.033860454400000000e+10
7.798236158212549344e+04 7.160325411200000000e+10
7.991644793088853476e+04 7.286790368000000000e+10
8.185053427965156152e+04 7.413255324800000000e+10
8.386198408236511750e+04 7.539720281600000000e+10
8.595079733902918815e+04 7.660163097600000000e+10
8.803961059569327335e+04 7.780605913600000000e+10
9.020578730630787322e+04 7.901048729600000000e+10
9.244932747087297321e+04 8.021491545600000000e+10
9.469286763543810230e+04 8.141934361600000000e+10
9.701377125395373150e+04 8.262377177600000000e+10
9.941203832641990448e+04 8.376797852800000000e+10
1.018876688528365776e+05 8.491218528000000000e+10
1.043632993792532652e+05 8.611661344000000000e+10
1.069162933596204675e+05 8.720059878400000000e+10
1.095466507939381991e+05 8.834480553600000000e+10
1.122543716822064453e+05 8.948901228800000000e+10
1.149620925704746915e+05 9.057299763200000000e+10
1.178245403666439815e+05 9.171720438400000000e+10
1.206869881628132716e+05 9.280118972800000000e+10
1.237041628668836056e+05 9.388517507200000000e+10
1.267213375709539250e+05 9.490893900800000000e+10
1.298158757289747882e+05 9.599292435200000000e+10
1.329877773409461661e+05 9.707690969600000000e+10
1.362370424068680441e+05 9.810067363200000000e+10
1.396410343806910096e+05 9.912443756800000000e+10
1.430450263545139169e+05 1.001482015040000000e+11
1.465263817822874116e+05 1.011719654400000000e+11
1.501624641179619066e+05 1.021957293760000000e+11
1.538759099075869308e+05 1.031592719040000153e+11
1.575893556972119550e+05 1.041228144320000000e+11
1.615348918486885086e+05 1.051465783680000000e+11
1.654804280001651205e+05 1.061101208960000000e+11
1.695033276055922324e+05 1.070134420160000000e+11
1.736809541189203737e+05 1.079769845440000000e+11
1.779359440861990442e+05 1.088803056640000000e+11
1.823456609613787732e+05 1.098438481920000000e+11
1.868327412905090023e+05 1.107471693120000000e+11
1.913971850735897606e+05 1.116504904320000000e+11
1.961163557645715773e+05 1.124935901440000000e+11
2.009128899095038651e+05 1.133969112640000000e+11
2.058641509623372403e+05 1.142400109760000000e+11
2.108927754691211449e+05 1.150831106880000000e+11
2.160761268838060496e+05 1.159262104000000000e+11
2.214142052063920419e+05 1.167693101120000000e+11
2.268296469829285343e+05 1.175521884160000000e+11
2.323998156673660560e+05 1.183952881280000000e+11
2.381247112597046362e+05 1.191781664320000000e+11
2.439269703059937456e+05 1.199610447360000000e+11
2.499613197141344135e+05 1.206837016320000000e+11
2.560730325762256107e+05 1.214665799360000000e+11
2.624168358001683373e+05 1.221892368320000000e+11
2.688380024780615931e+05 1.229118937280000000e+11
2.754138960638559074e+05 1.236345506240000000e+11
2.821445165575512801e+05 1.242969861120000000e+11
2.891072274130981532e+05 1.250196430080000000e+11
2.962246651765461429e+05 1.256820784960000000e+11
3.034968298478951328e+05 1.263445139840000000e+11
3.109237214271451812e+05 1.269467280640000000e+11
3.185827033682467882e+05 1.276091635520000000e+11
3.263964122172494535e+05 1.282113776320000000e+11
3.344422114281036775e+05 1.288135917120000000e+11
3.426427375468589598e+05 1.293555843840000000e+11
3.510753540274658008e+05 1.299577984640000000e+11
3.596626974159736419e+05 1.304997911360000000e+11
3.684821311663330998e+05 1.310417838080000000e+11
3.775336552785440581e+05 1.315837764800000000e+11
3.868172697526066331e+05 1.320655477440000000e+11
