3.094538158020853189e+03 2.432944883199999822e+03
3.170354342892364002e+03 2.531105778239999836e+03
3.248491431382390601e+03 2.635288814080000066e+03
3.328175788951427421e+03 2.746698418879999736e+03
3.409407415599474461e+03 2.867743448960000023e+03
3.493733580405542853e+03 3.000230546560000221e+03
3.579607014290621919e+03 3.145966353920000074e+03
3.668574986333721426e+03 3.323017293440000230e+03
3.757542958376820934e+03 3.503681517440000334e+03
3.849605468577940883e+03 3.712047589119999884e+03
3.943988882397577527e+03 3.947513294400000177e+03
4.040693199835728592e+03 4.217907416319999356e+03
4.140492055431901463e+03 4.528047667519999777e+03
4.241838180107084554e+03 4.883956188799999836e+03
4.346278842940288087e+03 5.294666191360000084e+03
4.453040409392007859e+03 5.764393173759999627e+03
4.562122879462242963e+03 6.311203558399999565e+03
4.674299887690498508e+03 6.949550483200000599e+03
4.788797799537270294e+03 7.696295942400000058e+03
4.906390249542062520e+03 8.569506358399999954e+03
5.027077237704876097e+03 9.599292435200000909e+03
5.150858764025709206e+03 1.080974273600000015e+04
5.276961193965059465e+03 1.223699010559999988e+04
5.406931796601935275e+03 1.393523381119999976e+04
5.539996937396831527e+03 1.595867312000000129e+04
5.675382981810244928e+03 1.837957372160000159e+04
5.815410833460688082e+03 2.128826772799999890e+04
5.957759588729647476e+03 2.479917581439999776e+04
6.103976516696132421e+03 2.905080721919999996e+04
6.254061617360143828e+03 3.422382616640000197e+04
6.408014890721681695e+03 4.052900758399999904e+04
6.565062702241240004e+03 4.824939208959999814e+04
6.726752320997829884e+03 5.775233027200000652e+04
6.891536477912440205e+03 6.949550483200000599e+04
7.060962442064081188e+03 8.406908556799999496e+04
7.234256578913249541e+03 1.021957293760000030e+05
7.412192522999447647e+03 1.247787573759999941e+05
7.593996639783173123e+03 1.531430405440000177e+05
7.782763467422445501e+03 1.888543354880000115e+05
7.968435756903696529e+03 2.340203914879999938e+05
8.169580737175052491e+03 2.911102862719999976e+05
8.370725717446408453e+03 3.655439465600000112e+05
8.571870697717764415e+03 4.593086788159999996e+05
8.780752023384169661e+03 5.796912734080000082e+05
8.997369694445629648e+03 7.371100339199999580e+05
9.221723710902140738e+03 9.376473225600000005e+05
9.446077727358653647e+03 1.203223731840000022e+06
9.678168089210217659e+03 1.543474687039999990e+06
9.917994796456834592e+03 1.985499821759999963e+06
1.015782150370344971e+04 2.562420910399999935e+06
1.041312090174017067e+04 3.315790724479999859e+06
1.066842029977689162e+04 4.301012959359999746e+06
1.093145604320866369e+04 5.588546662399999797e+06
1.119449178664043575e+04 7.274746086400000378e+06
1.147300022086231365e+04 9.508960323200000450e+06
1.175150865508418792e+04 1.237549934400000051e+07
1.203775343470111875e+04 1.613331520319999941e+07
1.233947090510815178e+04 2.108953708159999922e+07
1.264118837551518300e+04 2.746698418880000338e+07
1.295064219131726895e+04 3.572333922559999675e+07
1.326783235251440783e+04 4.637048415999999642e+07
1.359275885910659599e+04 6.004074377600000054e+07
1.392542171109383889e+04 7.750495209600000083e+07
1.427355725387118400e+04 9.972665164800000191e+07
1.462169279664852911e+04 1.276693849599999934e+08
1.497756468482092896e+04 1.629591300480000079e+08
1.534890926378343102e+04 2.070412007039999962e+08
1.572799018814098417e+04 2.617824605760000050e+08
1.611480745789359389e+04 3.291099947200000286e+08
1.650936107304125107e+04 4.114928808639999628e+08
1.691165103358396300e+04 5.109184254720000029e+08
1.732941368491677713e+04 6.311203558400000334e+08
1.775491268164464418e+04 7.744473068799999952e+08
1.818814802376756415e+04 9.454761056000000238e+08
1.863685605668058633e+04 1.146615608320000172e+09
1.909330043498866144e+04 1.381479099519999981e+09
1.956521750408684238e+04 1.653679863680000067e+09
2.004487091858007625e+04 1.966831185279999971e+09
2.053226067846835940e+04 2.323944134719999790e+09
2.104285947454180132e+04 2.728029782400000095e+09
2.155345827061524324e+04 3.182701412799999714e+09
2.208726610287383664e+04 3.689765668160000324e+09
2.262881028052748661e+04 4.254040261119999886e+09
2.318582714897123878e+04 4.874320763519999504e+09
2.375058036281004388e+04 5.551209389439999580e+09
2.433854261283400774e+04 6.287114995199999809e+09
2.493424120825302089e+04 7.082037580800000191e+09
2.554541249446214351e+04 7.937181574400000572e+09
2.617205647146136471e+04 8.852546976000000000e+09
2.681417313925069175e+04 9.822111644799999237e+09
2.747176249783012463e+04 1.085189772159999847e+10
2.815256089259470900e+04 1.193588306560000038e+10
2.884109563275434994e+04 1.309213409920000076e+10
2.955283940909914600e+04 1.428451797759999847e+10
3.027231953083899134e+04 1.552507898239999962e+10
3.101500868876400273e+04 1.681983925439999962e+10
3.178090688287415833e+04 1.816277665279999924e+10
3.256227776777442341e+04 1.953582475520000076e+10
3.335912134346479434e+04 2.096307212479999924e+10
3.417917395534032403e+04 2.244451876160000229e+10
3.502243560340100521e+04 2.396209824320000076e+10
3.588116994225179224e+04 2.551581056959999847e+10
3.676311331728773075e+04 2.710565574080000305e+10
3.766052938311378239e+04 2.872561161600000000e+10
3.858889083052003843e+04 3.037567819519999695e+10
3.953272496871640033e+04 3.203778905600000381e+10
4.050750448849296663e+04 3.368183349440000153e+10
4.149775669905963878e+04 3.528974508800000000e+10
4.251895429120652261e+04 3.684345741440000153e+10
4.356336091953855794e+04 3.835501475520000458e+10
4.463871292945080495e+04 3.984850567359999847e+10
4.572953763015315053e+04 4.132995231039999390e+10
4.685904405783076800e+04 4.280537680640000153e+10
4.800402317629848403e+04 4.428080130240000153e+10
4.918768402174145740e+04 4.574418151680000305e+10
5.038681755797453661e+04 4.720756173119999695e+10
5.163236916657793336e+04 4.865889766400000000e+10
5.289339346597142867e+04 5.009818931519999695e+10
5.420083583773524151e+04 5.152543668480000305e+10
5.553148724568420585e+04 5.294063977280000305e+10
5.689308403521338187e+04 5.434379857920000458e+10
5.829336255171782250e+04 5.574093524480000305e+10
5.972458644980246027e+04 5.712000548800000000e+10
6.118675572946731700e+04 5.848703144959999847e+10
6.269534308150247671e+04 5.984803527040000153e+10
6.423487581511786266e+04 6.118495052800000000e+10
6.581309027570848411e+04 6.250982150400000000e+10
6.742225011787933181e+04 6.383469248000000000e+10
6.908556437781553541e+04 6.515956345600000000e+10
7.077982401933195069e+04 6.648443443200000000e+10
7.252050173321869806e+04 6.780930540800000000e+10
7.429986117408068094e+04 6.907395497600000000e+10
7.612563868731298135e+04 7.039882595200000000e+10
7.798236158212549344e+04 7.166347552000000000e+10
7.991644793088853476e+04 7.292812508800000000e+10
8.185053427965156152e+04 7.413255324800000000e+10
8.386198408236511750e+04 7.539720281600000000e+10
8.595079733902918815e+04 7.660163097600000000e+10
8.803961059569327335e+04 7.786628054400000000e+10
9.020578730630787322e+04 7.907070870400000000e+10
9.244932747087297321e+04 8.027513686400000000e+10
9.469286763543810230e+04 8.141934361600000000e+10
9.701377125395373150e+04 8.262377177600000000e+10
9.941203832641990448e+04 8.376797852800000000e+10
1.018876688528365776e+05 8.497240668800000000e+10
1.043632993792532652e+05 8.611661344000000000e+10
1.069162933596204675e+05 8.726082019200000000e+10
1.095466507939381991e+05 8.834480553600000000e+10
1.122543716822064453e+05 8.948901228800000000e+10
1.149620925704746915e+05 9.057299763200000000e+10
1.178245403666439815e+05 9.171720438400000000e+10
1.206869881628132716e+05 9.280118972800000000e+10
1.237041628668836056e+05 9.388517507200000000e+10
1.267213375709539250e+05 9.496916041600000000e+10
1.298158757289747882e+05 9.599292435200000000e+10
1.329877773409461661e+05 9.707690969600000000e+10
1.362370424068680441e+05 9.810067363200000000e+10
1.396410343806910096e+05 9.912443756800000000e+10
1.430450263545139169e+05 1.001482015040000000e+11
1.465263817822874116e+05 1.011719654400000000e+11
1.501624641179619066e+05 1.021957293760000000e+11
1.538759099075869308e+05 1.031592719040000153e+11
1.575893556972119550e+05 1.041228144320000000e+11
1.615348918486885086e+05 1.051465783680000000e+11
1.654804280001651205e+05 1.061101208960000000e+11
1.695033276055922324e+05 1.070134420160000000e+11
1.736809541189203737e+05 1.079769845440000000e+11
1.779359440861990442e+05 1.088803056640000000e+11
1.823456609613787732e+05 1.098438481920000000e+11
1.868327412905090023e+05 1.107471693120000000e+11
1.913971850735897606e+05 1.116504904320000000e+11
1.961163557645715773e+05 1.124935901440000000e+11
2.009128899095038651e+05 1.133969112640000000e+11
2.058641509623372403e+05 1.142400109760000000e+11
2.108927754691211449e+05 1.150831106880000000e+11
2.160761268838060496e+05 1.159262104000000000e+11
2.214142052063920419e+05 1.167693101120000000e+11
2.268296469829285343e+05 1.175521884160000000e+11
2.323998156673660560e+05 1.183952881280000000e+11
2.381247112597046362e+05 1.191781664320000000e+11
2.439269703059937456e+05 1.199610447360000000e+11
2.499613197141344135e+05 1.206837016320000000e+11
2.560730325762256107e+05 1.214665799360000000e+11
2.624168358001683373e+05 1.221892368320000000e+11
2.688380024780615931e+05 1.229118937280000000e+11
2.754138960638559074e+05 1.236345506240000000e+11
2.821445165575512801e+05 1.242969861120000000e+11
2.891072274130981532e+05 1.250196430080000000e+11
2.962246651765461429e+05 1.256820784960000000e+11
3.034968298478951328e+05 1.263445139840000000e+11
3.109237214271451812e+05 1.269467280640000000e+11
3.185827033682467882e+05 1.276091635520000000e+11
3.263964122172494535e+05 1.282113776320000000e+11
3.344422114281036775e+05 1.288135917120000000e+11
3.426427375468589598e+05 1.294158057920000000e+11
3.510753540274658008e+05 1.299577984640000000e+11
3.596626974159736419e+05 1.304997911360000000e+11
3.684821311663330998e+05 1.310417838080000000e+11
3.775336552785440581e+05 1.315837764800000000e+11
3.868172697526066331e+05 1.320655477440000000e+11
