3.094538158020853189e+03 3.760224715520000245e+03
3.170354342892364002e+03 5.418722291840000253e+03
3.248491431382390601e+03 7.720384505600000011e+03
3.328175788951427421e+03 1.091211912959999972e+04
3.410181050138980027e+03 1.533237047680000069e+04
3.493733580405542853e+03 2.139064412159999847e+04
3.579607014290621919e+03 2.962893273600000248e+04
3.667801351794216316e+03 4.081204820159999508e+04
3.757542958376820934e+03 5.566264741440000216e+04
3.849605468577940883e+03 7.563808844800000952e+04
3.943988882397577527e+03 1.020752865599999932e+05
4.041466834375233702e+03 1.368230389759999816e+05
4.140492055431901463e+03 1.823504234240000078e+05
4.241838180107084554e+03 2.415480674880000006e+05
4.346278842940288087e+03 3.178485914239999838e+05
4.453040409392007859e+03 4.164310363200000138e+05
4.562122879462242963e+03 5.421131148159999866e+05
4.674299887690498508e+03 7.015794031999999424e+05
4.789571434076775404e+03 9.039233340799999423e+05
4.907163884081567630e+03 1.157455461759999860e+06
5.027077237704876097e+03 1.474822281919999979e+06
5.150858764025709206e+03 1.869874718400000129e+06
5.276961193965059465e+03 2.358270337280000094e+06
5.406931796601935275e+03 2.960484417280000169e+06
5.539996937396831527e+03 3.698798879360000137e+06
5.675382981810244928e+03 4.598506714879999869e+06
5.815410833460688082e+03 5.692127484160000458e+06
5.957759588729647476e+03 7.015794032000000589e+06
6.103976516696132421e+03 8.605639203199999407e+06
6.254061617360143828e+03 1.050863569599999860e+07
6.408014890721681695e+03 1.278500491839999892e+07
6.565062702241240004e+03 1.548894613759999909e+07
6.726752320997829884e+03 1.869272504320000112e+07
6.891536477912440205e+03 2.246860732480000332e+07
7.060962442064081188e+03 2.690090295360000059e+07
7.234256578913249541e+03 3.208596618239999935e+07
7.412192522999447647e+03 3.813821768639999628e+07
7.593996639783173123e+03 4.516605600000000000e+07
7.782763467422445501e+03 5.330196822079999745e+07
7.968435756903696529e+03 6.269048572800000012e+07
8.169580737175052491e+03 7.347011776000000536e+07
8.370725717446408453e+03 8.587572780799999833e+07
8.571870697717764415e+03 1.000277586880000085e+08
8.780752023384169661e+03 1.161670960319999903e+08
8.997369694445629648e+03 1.344744040640000105e+08
9.221723710902140738e+03 1.552507898240000010e+08
9.446077727358653647e+03 1.786769175360000134e+08
9.678168089210217659e+03 2.050538942400000095e+08
9.917994796456834592e+03 2.347430483840000033e+08
1.015782150370344971e+04 2.680454870079999864e+08
1.041312090174017067e+04 3.052020957439999580e+08
1.066842029977689162e+04 3.466946458560000062e+08
1.093145604320866369e+04 3.928844657919999957e+08
1.119449178664043575e+04 4.441931054079999924e+08
1.147300022086231365e+04 5.009818931520000100e+08
1.175150865508418792e+04 5.637928216959999800e+08
1.203775343470111875e+04 6.329269980799999237e+08
1.233947090510815178e+04 7.094081862400000095e+08
1.264118837551518300e+04 7.937181574399999380e+08
1.295064219131726895e+04 8.858569116800000668e+08
1.326783235251440783e+04 9.864266630399999619e+08
1.359275885910659599e+04 1.096631839679999828e+09
1.392542171109383889e+04 1.217676869759999990e+09
1.427355725387118400e+04 1.348959539200000048e+09
1.462169279664852911e+04 1.492286490240000010e+09
1.497756468482092896e+04 1.647657722879999876e+09
1.534890926378343102e+04 1.816879879359999895e+09
1.572799018814098417e+04 2.000555173759999990e+09
1.611480745789359389e+04 2.199285820160000324e+09
1.650936107304125107e+04 2.414276246720000267e+09
1.691165103358396300e+04 2.646730881599999905e+09
1.732941368491677713e+04 2.897854152960000038e+09
1.775491268164464418e+04 3.168248274880000114e+09
1.818814802376756415e+04 3.459719889599999905e+09
1.863685605668058633e+04 3.773473425279999733e+09
1.909330043498866144e+04 4.110713310079999924e+09
1.956521750408684238e+04 4.473246186239999771e+09
2.004487091858007625e+04 4.861674267840000153e+09
2.053226067846835940e+04 5.278406411199999809e+09
2.104285947454180132e+04 5.724044830399999619e+09
2.155345827061524324e+04 6.202805024000000000e+09
2.208726610287383664e+04 6.708664851199999809e+09
2.262881028052748661e+04 7.250657523199999809e+09
2.318582714897123878e+04 7.834805180800000191e+09
2.375058036281004388e+04 8.449063542399999619e+09
2.433854261283400774e+04 9.105476889600000381e+09
2.493424120825302089e+04 9.798023081600000381e+09
2.554541249446214351e+04 1.053874640000000000e+10
2.617205647146136471e+04 1.132162470400000000e+10
2.681417313925069175e+04 1.214665799360000038e+10
2.747176249783012463e+04 1.301986840960000038e+10
2.815256089259470900e+04 1.394125595200000000e+10
2.884109563275434994e+04 1.491082062079999924e+10
2.954510306370409307e+04 1.592856241600000000e+10
3.027231953083899134e+04 1.700050347839999962e+10
3.101500868876400273e+04 1.812062166720000076e+10
3.178090688287415833e+04 1.928891698239999771e+10
3.256227776777442341e+04 2.051743370559999847e+10
3.335912134346479434e+04 2.180014969600000000e+10
3.417917395534032403e+04 2.313104281279999924e+10
3.502243560340100521e+04 2.451011305600000000e+10
3.588116994225179224e+04 2.593736042559999847e+10
3.676311331728773075e+04 2.741278492159999847e+10
3.766052938311378239e+04 2.893036440320000076e+10
3.858889083052003843e+04 3.048407672960000229e+10
3.953272496871640033e+04 3.205585547839999771e+10
4.050750448849296663e+04 3.363967850879999924e+10
4.150549304445469170e+04 3.521747939839999390e+10
4.251895429120652261e+04 3.677119172479999542e+10
4.356336091953855794e+04 3.830081548800000000e+10
4.463871292945080495e+04 3.981237282879999542e+10
4.572953763015315053e+04 4.130586374720000458e+10
4.685904405783076800e+04 4.279333252480000305e+10
4.800402317629848403e+04 4.426875702079999542e+10
4.918768402174145740e+04 4.573815937600000000e+10
5.038681755797453661e+04 4.719551744959999847e+10
5.162463282118288043e+04 4.864685338240000153e+10
5.289339346597142867e+04 5.009216717440000153e+10
5.420083583773524151e+04 5.151941454400000000e+10
5.553148724568420585e+04 5.294063977280000305e+10
5.689308403521338187e+04 5.434379857920000458e+10
5.829336255171782250e+04 5.573491310400000000e+10
5.972458644980246027e+04 5.711398334720000458e+10
6.118675572946731700e+04 5.848703144959999847e+10
6.269534308150247671e+04 5.984803527040000153e+10
6.423487581511786266e+04 6.118495052800000000e+10
6.581309027570848411e+04 6.250982150400000000e+10
6.742225011787933181e+04 6.383469248000000000e+10
6.908556437781553541e+04 6.515956345600000000e+10
7.077982401933195069e+04 6.648443443200000000e+10
7.252050173321869806e+04 6.780930540800000000e+10
7.429986117408068094e+04 6.907395497600000000e+10
7.612563868731298135e+04 7.039882595200000000e+10
7.798236158212549344e+04 7.166347552000000000e+10
7.991644793088853476e+04 7.292812508800000000e+10
8.185053427965156152e+04 7.413255324800000000e+10
8.386198408236511750e+04 7.539720281600000000e+10
8.595079733902918815e+04 7.660163097600000000e+10
8.803961059569327335e+04 7.786628054400000000e+10
9.020578730630787322e+04 7.907070870400000000e+10
9.244932747087297321e+04 8.027513686400000000e+10
9.469286763543810230e+04 8.141934361600000000e+10
9.701377125395373150e+04 8.262377177600000000e+10
9.941203832641990448e+04 8.376797852800000000e+10
1.018876688528365776e+05 8.497240668800000000e+10
1.043632993792532652e+05 8.611661344000000000e+10
1.069162933596204675e+05 8.726082019200000000e+10
1.095466507939381991e+05 8.834480553600000000e+10
1.122543716822064453e+05 8.948901228800000000e+10
1.149620925704746915e+05 9.057299763200000000e+10
1.178245403666439815e+05 9.171720438400000000e+10
1.206869881628132716e+05 9.280118972800000000e+10
1.237041628668836056e+05 9.388517507200000000e+10
1.267213375709539250e+05 9.496916041600000000e+10
1.298158757289747882e+05 9.599292435200000000e+10
1.329877773409461661e+05 9.707690969600000000e+10
1.362370424068680441e+05 9.810067363200000000e+10
1.396410343806910096e+05 9.912443756800000000e+10
1.430450263545139169e+05 1.001482015040000000e+11
1.465263817822874116e+05 1.011719654400000000e+11
1.501624641179619066e+05 1.021957293760000000e+11
1.538759099075869308e+05 1.031592719040000153e+11
1.575893556972119550e+05 1.041228144320000000e+11
1.615348918486885086e+05 1.051465783680000000e+11
1.654804280001651205e+05 1.061101208960000000e+11
1.695033276055922324e+05 1.070134420160000000e+11
1.736809541189203737e+05 1.079769845440000000e+11
1.779359440861990442e+05 1.088803056640000000e+11
1.823456609613787732e+05 1.098438481920000000e+11
1.868327412905090023e+05 1.107471693120000000e+11
1.913971850735897606e+05 1.116504904320000000e+11
1.961163557645715773e+05 1.124935901440000000e+11
2.009128899095038651e+05 1.133969112640000000e+11
2.058641509623372403e+05 1.142400109760000000e+11
2.108927754691211449e+05 1.150831106880000000e+11
2.160761268838060496e+05 1.159262104000000000e+11
2.214142052063920419e+05 1.167693101120000000e+11
2.268296469829285343e+05 1.175521884160000000e+11
2.323998156673660560e+05 1.183952881280000000e+11
2.381247112597046362e+05 1.191781664320000000e+11
2.439269703059937456e+05 1.199610447360000000e+11
2.499613197141344135e+05 1.206837016320000000e+11
2.560730325762256107e+05 1.214665799360000000e+11
2.624168358001683373e+05 1.221892368320000000e+11
2.688380024780615931e+05 1.229118937280000000e+11
2.754138960638559074e+05 1.236345506240000000e+11
2.821445165575512801e+05 1.242969861120000000e+11
2.891072274130981532e+05 1.250196430080000000e+11
2.962246651765461429e+05 1.256820784960000000e+11
3.034968298478951328e+05 1.263445139840000000e+11
3.109237214271451812e+05 1.269467280640000000e+11
3.185827033682467882e+05 1.276091635520000000e+11
3.263964122172494535e+05 1.282113776320000000e+11
3.344422114281036775e+05 1.288135917120000000e+11
3.426427375468589598e+05 1.294158057920000000e+11
3.510753540274658008e+05 1.299577984640000000e+11
3.596626974159736419e+05 1.304997911360000000e+11
3.684821311663330998e+05 1.310417838080000000e+11
3.775336552785440581e+05 1.315837764800000000e+11
3.868172697526066331e+05 1.320655477440000000e+11
