4.995358221585162028e+03 2.059572153599999845e+06
4.995358221585162028e+03 2.059572153599999845e+06
4.995358221585162028e+03 2.059572153599999845e+06
4.995358221585162028e+03 2.059572153599999845e+06
4.995358221585162028e+03 2.059572153599999845e+06
4.995358221585162028e+03 2.059572153599999845e+06
4.995358221585162028e+03 2.059572153599999845e+06
4.995358221585162028e+03 2.059572153599999845e+06
4.995358221585162028e+03 2.059572153599999845e+06
4.995358221585162028e+03 2.059572153599999845e+06
4.995358221585162028e+03 2.059572153599999845e+06
4.995358221585162028e+03 2.059572153599999845e+06
4.995358221585162028e+03 2.059572153599999845e+06
4.995358221585162028e+03 2.059572153599999845e+06
4.995358221585162028e+03 2.059572153599999845e+06
4.995358221585162028e+03 2.059572153599999845e+06
4.995358221585162028e+03 2.059572153599999845e+06
4.995358221585162028e+03 2.059572153599999845e+06
4.995358221585162028e+03 2.059572153599999845e+06
4.995358221585162028e+03 2.059572153599999845e+06
5.027077237704876097e+03 2.077638576000000117e+06
5.150858764025709206e+03 2.147495409280000255e+06
5.277734828504564575e+03 2.223976597440000158e+06
5.406931796601935275e+03 2.308888782720000017e+06
5.539996937396831527e+03 2.405243035519999918e+06
5.676156616349750038e+03 2.515448212160000112e+06
5.814637198921182971e+03 2.640708740800000262e+06
5.957759588729647476e+03 2.785240119999999646e+06
6.103976516696132421e+03 2.949644563839999959e+06
6.254061617360143828e+03 3.136330928640000056e+06
6.408014890721681695e+03 3.348912498879999854e+06
6.565062702241240004e+03 3.591002559039999731e+06
6.726752320997829884e+03 3.866214393600000069e+06
6.891536477912440205e+03 4.179365715199999977e+06
7.060962442064081188e+03 4.535876450559999794e+06
7.234256578913249541e+03 4.942973168639999814e+06
7.412192522999447647e+03 5.407280224320000038e+06
7.593996639783173123e+03 5.938433042880000547e+06
7.782763467422445501e+03 6.546067049599999562e+06
7.968435756903696529e+03 7.244635382399999537e+06
8.169580737175052491e+03 8.045580108799999580e+06
8.370725717446408453e+03 8.972989791999999434e+06
8.571870697717764415e+03 1.003890871360000037e+07
8.780752023384169661e+03 1.127344757759999856e+07
8.997369694445629648e+03 1.270671708799999952e+07
9.221723710902140738e+03 1.437485008960000053e+07
9.446077727358653647e+03 1.631397942720000073e+07
9.678168089210217659e+03 1.858432650879999995e+07
9.917994796456834592e+03 2.124009060159999877e+07
1.015782150370344971e+04 2.435353739519999921e+07
1.041312090174017067e+04 2.802704328319999948e+07
1.066842029977689162e+04 3.245933891200000048e+07
1.093145604320866369e+04 3.760224715519999713e+07
1.119449178664043575e+04 4.370267578559999913e+07
1.147300022086231365e+04 5.094731116799999774e+07
1.175150865508418792e+04 5.956499465280000120e+07
1.203775343470111875e+04 6.997727609600000083e+07
1.233947090510815178e+04 8.226244332799999416e+07
1.264118837551518300e+04 9.695646687999999523e+07
1.295064219131726895e+04 1.144808966079999954e+08
1.326783235251440783e+04 1.354379465920000076e+08
1.359275885910659599e+04 1.604900523199999928e+08
1.392542171109383889e+04 1.904200920959999859e+08
1.427355725387118400e+04 2.261916084479999840e+08
1.462169279664852911e+04 2.684670368639999628e+08
1.497756468482092896e+04 3.192939052160000205e+08
1.534890926378343102e+04 3.796357560320000052e+08
1.572799018814098417e+04 4.512390101439999938e+08
1.611480745789359389e+04 5.359103097919999361e+08
1.650936107304125107e+04 6.359380684800000191e+08
1.691165103358396300e+04 7.527676000000000000e+08
1.732941368491677713e+04 8.900724102400000095e+08
1.775491268164464418e+04 1.050261355519999981e+09
1.818814802376756415e+04 1.235141078079999924e+09
1.863685605668058633e+04 1.448927076480000019e+09
1.909330043498866144e+04 1.695232635200000048e+09
1.956521750408684238e+04 1.976466610559999943e+09
2.004487091858007625e+04 2.297446715199999809e+09
2.053226067846835940e+04 2.658775163200000286e+09
2.104285947454180132e+04 3.064667453119999886e+09
2.155345827061524324e+04 3.517532441280000210e+09
2.208726610287383664e+04 4.020983412160000324e+09
2.262881028052748661e+04 4.576224793920000076e+09
2.318582714897123878e+04 5.187472085119999886e+09
2.375058036281004388e+04 5.852918643520000458e+09
2.433854261283400774e+04 6.576177753600000381e+09
2.493424120825302089e+04 7.353033916799999237e+09
2.554541249446214351e+04 8.196133628800000191e+09
2.617205647146136471e+04 9.087410467199998856e+09
2.681417313925069175e+04 1.003890871360000038e+10
2.747176249783012463e+04 1.105062836800000000e+10
2.815256089259470900e+04 1.211654728960000038e+10
2.884109563275434994e+04 1.323666547840000153e+10
2.955283940909914600e+04 1.441098293439999962e+10
3.027231953083899134e+04 1.563949965759999847e+10
3.101500868876400273e+04 1.691619350720000076e+10
3.178090688287415833e+04 1.824106448320000076e+10
3.256227776777442341e+04 1.961411258559999847e+10
3.335912134346479434e+04 2.103533781440000153e+10
3.417917395534032403e+04 2.250474016960000229e+10
3.502243560340100521e+04 2.400425322879999924e+10
3.588116994225179224e+04 2.555194341440000153e+10
3.676311331728773075e+04 2.713576644479999924e+10
3.766052938311378239e+04 2.875572232000000000e+10
3.858889083052003843e+04 3.039374461759999847e+10
3.953272496871640033e+04 3.204381119679999924e+10
4.050750448849296663e+04 3.368183349440000153e+10
4.149775669905963878e+04 3.527770080640000153e+10
4.251895429120652261e+04 3.683141313280000305e+10
4.356336091953855794e+04 3.834297047359999847e+10
4.463871292945080495e+04 3.984248353280000305e+10
4.572953763015315053e+04 4.132393016959999847e+10
4.685904405783076800e+04 4.280537680640000153e+10
4.800402317629848403e+04 4.427477916159999847e+10
4.918768402174145740e+04 4.574418151680000305e+10
5.038681755797453661e+04 4.720153959040000153e+10
5.163236916657793336e+04 4.865889766400000000e+10
5.289339346597142867e+04 5.009818931519999695e+10
5.420083583773524151e+04 5.152543668480000305e+10
5.553148724568420585e+04 5.294063977280000305e+10
5.689308403521338187e+04 5.434379857920000458e+10
5.829336255171782250e+04 5.574093524480000305e+10
5.972458644980246027e+04 5.712000548800000000e+10
6.118675572946731700e+04 5.848703144959999847e+10
6.269534308150247671e+04 5.984803527040000153e+10
6.423487581511786266e+04 6.118495052800000000e+10
6.581309027570848411e+04 6.250982150400000000e+10
6.742225011787933181e+04 6.383469248000000000e+10
6.908556437781553541e+04 6.515956345600000000e+10
7.077982401933195069e+04 6.648443443200000000e+10
7.252050173321869806e+04 6.780930540800000000e+10
7.429986117408068094e+04 6.907395497600000000e+10
7.612563868731298135e+04 7.039882595200000000e+10
7.798236158212549344e+04 7.166347552000000000e+10
7.991644793088853476e+04 7.292812508800000000e+10
8.185053427965156152e+04 7.413255324800000000e+10
8.386198408236511750e+04 7.539720281600000000e+10
8.595079733902918815e+04 7.660163097600000000e+10
8.803961059569327335e+04 7.786628054400000000e+10
9.020578730630787322e+04 7.907070870400000000e+10
9.244932747087297321e+04 8.027513686400000000e+10
9.469286763543810230e+04 8.141934361600000000e+10
9.701377125395373150e+04 8.262377177600000000e+10
9.941203832641990448e+04 8.376797852800000000e+10
1.018876688528365776e+05 8.497240668800000000e+10
1.043632993792532652e+05 8.611661344000000000e+10
1.069162933596204675e+05 8.726082019200000000e+10
1.095466507939381991e+05 8.834480553600000000e+10
1.122543716822064453e+05 8.948901228800000000e+10
1.149620925704746915e+05 9.057299763200000000e+10
1.178245403666439815e+05 9.171720438400000000e+10
1.206869881628132716e+05 9.280118972800000000e+10
1.237041628668836056e+05 9.388517507200000000e+10
1.267213375709539250e+05 9.496916041600000000e+10
1.298158757289747882e+05 9.599292435200000000e+10
1.329877773409461661e+05 9.707690969600000000e+10
1.362370424068680441e+05 9.810067363200000000e+10
1.396410343806910096e+05 9.912443756800000000e+10
1.430450263545139169e+05 1.001482015040000000e+11
1.465263817822874116e+05 1.011719654400000000e+11
1.501624641179619066e+05 1.021957293760000000e+11
1.538759099075869308e+05 1.031592719040000153e+11
1.575893556972119550e+05 1.041228144320000000e+11
1.615348918486885086e+05 1.051465783680000000e+11
1.654804280001651205e+05 1.061101208960000000e+11
1.695033276055922324e+05 1.070134420160000000e+11
1.736809541189203737e+05 1.079769845440000000e+11
1.779359440861990442e+05 1.088803056640000000e+11
1.823456609613787732e+05 1.098438481920000000e+11
1.868327412905090023e+05 1.107471693120000000e+11
1.913971850735897606e+05 1.116504904320000000e+11
1.961163557645715773e+05 1.124935901440000000e+11
2.009128899095038651e+05 1.133969112640000000e+11
2.058641509623372403e+05 1.142400109760000000e+11
2.108927754691211449e+05 1.150831106880000000e+11
2.160761268838060496e+05 1.159262104000000000e+11
2.214142052063920419e+05 1.167693101120000000e+11
2.268296469829285343e+05 1.175521884160000000e+11
2.323998156673660560e+05 1.183952881280000000e+11
2.381247112597046362e+05 1.191781664320000000e+11
2.439269703059937456e+05 1.199610447360000000e+11
2.499613197141344135e+05 1.206837016320000000e+11
2.560730325762256107e+05 1.214665799360000000e+11
2.624168358001683373e+05 1.221892368320000000e+11
2.688380024780615931e+05 1.229118937280000000e+11
2.754138960638559074e+05 1.236345506240000000e+11
2.821445165575512801e+05 1.242969861120000000e+11
2.891072274130981532e+05 1.250196430080000000e+11
2.962246651765461429e+05 1.256820784960000000e+11
3.034968298478951328e+05 1.263445139840000000e+11
3.109237214271451812e+05 1.269467280640000000e+11
3.185827033682467882e+05 1.276091635520000000e+11
3.263964122172494535e+05 1.282113776320000000e+11
3.344422114281036775e+05 1.288135917120000000e+11
3.426427375468589598e+05 1.294158057920000000e+11
3.510753540274658008e+05 1.299577984640000000e+11
3.596626974159736419e+05 1.304997911360000000e+11
3.684821311663330998e+05 1.310417838080000000e+11
3.775336552785440581e+05 1.315837764800000000e+11
3.868172697526066331e+05 1.320655477440000000e+11
