Reference
Rapp, D., & Englander-Golden, P. (1965). Total cross sections for lonization and attachment in gases by electron impact. I. Positive ionization. The Journal of Chemical Physics, 43(5), 1464–1479. https://doi.org/10.1063/1.1696957

Variables (Var,Unit,Rms,Max)
*********************************
E         eV          n/a     n/a
crs       m2          n/a     n/a
crs-max   %           n/a     n/a
*********************************

Data
############################
Ionization, total
############################
E    crs    crs-max
=============================
1000	9.14924235353487e-21 6.5
950	9.41316280604068e-21  6.5
900	9.85303022688370e-21  6.5
850	1.02049241635581e-20  6.5
800	1.06447915844011e-20  6.5
750	1.10846590052442e-20  5.5
700	1.16124999102558e-20  5.5
650	1.22283142994360e-20  5.5
600	1.30200756569535e-20  5.5
550	1.37238635303023e-20  5.5
500	1.46035983719883e-20  5.5
450	1.54833332136744e-20  5.5
400	1.68029354762035e-20  5.5
350	1.81225377387325e-20  5.5
300	1.97940339379360e-20  5.5
250	2.17294505896453e-20  5.5
200	2.39287876938604e-20  5.5
180	2.51604164722209e-20  5.5
160	2.62160982822441e-20  5.5
150	2.68319126714244e-20  5.5
145	2.70958331239302e-20  5.5
140	2.72717800922674e-20  5.5
135	2.74477270606046e-20  5.5
130	2.76236740289418e-20  5.5
125	2.78875944814476e-20  5.5
120	2.80635414497848e-20  5.5
115	2.82394884181220e-20  5.5
110	2.83274619022906e-20  5.5
105	2.84154353864592e-20  5.5
100	2.85034088706279e-20  4.8
95	2.85913823547965e-20  4.8
90	2.85913823547965e-20  4.8
85	2.85034088706279e-20  4.8
80	2.84154353864592e-20  5.5
75	2.81515149339534e-20  5.5
70	2.77116475131104e-20  5.5
65	2.72717800922674e-20  5.5
60	2.65679922189185e-20  5.5
57.5	2.62160982822441e-20  5.5
55	2.59521778297383e-20  5.5
52.5	2.56002838930639e-20  5.5
50	2.53363634405581e-20  5.5
47.5	2.50724429880523e-20  5.5
45	2.48964960197151e-20  5.5
42.5	2.44566285988720e-20  5.5
40	2.39287876938604e-20  5.5
38	2.33129733046802e-20  5.5
36	2.24332384629941e-20  5.5
34	2.11136362004651e-20  5.5
32	1.96180869695988e-20  5.5
30	1.80345642545639e-20  5.5
28	1.60111741186860e-20  5.5
26	1.40757574669767e-20  5.5
25.5	1.35479165619651e-20  5.5
25	1.30200756569535e-20  5.5
24.5	1.24042612677732e-20  5.5
24	1.17884468785930e-20  5.5
23.5	1.11726324894128e-20  5.5
23	1.05568181002325e-20  5.5
22.5	9.94100371105230e-21  5.5
22	9.32518932187208e-21  5.5
21.5	8.57741470643894e-21  5.5
21	7.87362683309010e-21  5.5
20.5	7.12585221765696e-21  5.5
20	6.27250942122150e-21  5.5
19.5	5.46315336687034e-21  5.5
19	4.60101322201801e-21  5.5
18.5	3.77406247083313e-21  5.5
18	2.93831437123139e-21  5.5
17.5	2.12016096846337e-21  5.5
17	1.33719695936279e-21  5.5
16.5	6.68598479681394e-22  5.5
16	2.02339013587790e-22  5.5
=============================
