Reference
Straub, H. C., Renault, P., Lindsay, B. G., Smith, K. A., & Stebbings, R. F. (1995). Absolute partial and total cross sections for electron-impact ionization of argon from threshold to 1000 eV. Physical Review A, 52(2), 1115–1124. https://doi.org/10.1103/PhysRevA.52.1115

Variables (Var,Unit,Rms,Max)
*********************************
E         eV          n/a     n/a
crs       cm2         n/a     n/a
crs-rms   %           n/a     n/a
*********************************

Data
############################
Ionization, 1+
############################
E    crs    crs-rms
=============================
17	1.70000000000000e-18 3.5
20	4.60000000000000e-17 3.5
25	1.24000000000000e-16 3.5
30	1.84000000000000e-16 3.5
35	2.26000000000000e-16 3.5
40	2.55000000000000e-16 3.5
45	2.66000000000000e-16 3.5
50	2.70000000000000e-16 3.5
55	2.69000000000000e-16 3.5
60	2.67000000000000e-16 3.5
65	2.67000000000000e-16 3.5
70	2.67000000000000e-16 3.5
75	2.66000000000000e-16 3.5
80	2.69000000000000e-16 3.5
85	2.70000000000000e-16 3.5
90	2.69000000000000e-16 3.5
95	2.67000000000000e-16 3.5
100	2.64000000000000e-16 3.5
110	2.61000000000000e-16 3.5
120	2.55000000000000e-16 3.5
140	2.45000000000000e-16 3.5
160	2.35000000000000e-16 3.5
180	2.27000000000000e-16 3.5
200	2.18000000000000e-16 3.5
225	2.10000000000000e-16 3.5
250	1.99000000000000e-16 3.5
275	1.87000000000000e-16 3.5
300	1.79000000000000e-16 3.5
350	1.63000000000000e-16 3.5
400	1.51000000000000e-16 3.5
450	1.39000000000000e-16 3.5
500	1.31000000000000e-16 3.5
550	1.23000000000000e-16 3.5
600	1.16000000000000e-16 3.5
650	1.09000000000000e-16 3.5
700	1.03000000000000e-16 3.5
750	9.76000000000000e-17 3.5
800	9.32000000000000e-17 3.5
850	9.01000000000000e-17 3.5
900	8.65000000000000e-17 3.5
950	8.24000000000000e-17 3.5
1000	7.95000000000000e-17 3.5
=============================

Data
############################
Ionization, total
############################
E    crs    crs-rms
=============================
20	4.60000000000000e-17 3.5
25	1.24000000000000e-16 3.5
30	1.84000000000000e-16 3.5
35	2.26000000000000e-16 3.5
40	2.55000000000000e-16 3.5
45	2.66000000000000e-16 3.5
50	2.73000000000000e-16 3.5
55	2.77000000000000e-16 3.5
60	2.84000000000000e-16 3.5
65	2.91000000000000e-16 3.5
70	2.96000000000000e-16 3.5
75	2.97000000000000e-16 3.5
80	3.03000000000000e-16 3.5
85	3.06000000000000e-16 3.5
90	3.06000000000000e-16 3.5
95	3.05000000000000e-16 3.5
100	3.02000000000000e-16 3.5
110	3.00000000000000e-16 3.5
120	2.93000000000000e-16 3.5
140	2.81000000000000e-16 3.5
160	2.70000000000000e-16 3.5
180	2.60000000000000e-16 3.5
200	2.49000000000000e-16 3.5
225	2.37000000000000e-16 3.5
250	2.25000000000000e-16 3.5
275	2.11000000000000e-16 3.5
300	2.02000000000000e-16 3.5
350	1.84000000000000e-16 3.5
400	1.71000000000000e-16 3.5
450	1.57000000000000e-16 3.5
500	1.47000000000000e-16 3.5
550	1.38000000000000e-16 3.5
600	1.30000000000000e-16 3.5
650	1.23000000000000e-16 3.5
700	1.16000000000000e-16 3.5
750	1.10000000000000e-16 3.5
800	1.05000000000000e-16 3.5
850	1.01000000000000e-16 3.5
900	9.73000000000000e-17 3.5
950	9.27000000000000e-17 3.5
1000	8.95000000000000e-17 3.5
=============================

Data
############################
Ionization, 2+
############################
E    crs    crs-rms
=============================
45	4.80000000000000e-20 4.5
50	1.28000000000000e-18 4.5
55	4.18000000000000e-18 4.5
60	8.56000000000000e-18 4.5
65	1.21000000000000e-17 4.5
70	1.46000000000000e-17 4.5
75	1.56000000000000e-17 4.5
80	1.70000000000000e-17 4.5
85	1.79000000000000e-17 4.5
90	1.84000000000000e-17 4.5
95	1.90000000000000e-17 4.5
100	1.89000000000000e-17 4.5
110	1.91000000000000e-17 4.5
120	1.87000000000000e-17 4.5
140	1.77000000000000e-17 4.5
160	1.65000000000000e-17 4.5
180	1.58000000000000e-17 4.5
200	1.44000000000000e-17 4.5
225	1.31000000000000e-17 4.5
250	1.25000000000000e-17 4.5
275	1.13000000000000e-17 4.5
300	1.08000000000000e-17 4.5
350	9.53000000000000e-18 4.5
400	8.72000000000000e-18 4.5
450	7.59000000000000e-18 4.5
500	6.79000000000000e-18 4.5
550	6.23000000000000e-18 4.5
600	5.75000000000000e-18 4.5
650	5.52000000000000e-18 4.5
700	5.24000000000000e-18 4.5
750	4.96000000000000e-18 4.5
800	4.56000000000000e-18 4.5
850	4.25000000000000e-18 4.5
900	4.19000000000000e-18 4.5
950	3.94000000000000e-18 4.5
1000	3.74000000000000e-18 4.5
=============================

Data
############################
Ionization, 3+
############################
E    crs    crs-rms
=============================
95	5.10000000000000e-20 6.0
100	1.03000000000000e-19 6.0
110	2.21000000000000e-19 6.0
120	3.23000000000000e-19 6.0
140	4.94000000000000e-19 6.0
160	5.57000000000000e-19 6.0
180	5.68000000000000e-19 6.0
200	5.53000000000000e-19 6.0
225	5.30000000000000e-19 6.0
250	5.23000000000000e-19 6.0
275	5.09000000000000e-19 6.0
300	5.03000000000000e-19 6.0
350	5.99000000000000e-19 6.0
400	6.32000000000000e-19 6.0
450	6.50000000000000e-19 6.0
500	6.97000000000000e-19 6.0
550	7.08000000000000e-19 6.0
600	7.41000000000000e-19 6.0
650	7.19000000000000e-19 6.0
700	7.23000000000000e-19 6.0
750	6.97000000000000e-19 6.0
800	6.96000000000000e-19 6.0
850	7.09000000000000e-19 6.0
900	6.51000000000000e-19 6.0
950	6.51000000000000e-19 6.0
1000	6.57000000000000e-19 6.0
=============================

Data
############################
Ionization, 4+
############################
E    crs    crs-rms
=============================
350	1.70000000000000e-20  11.0
400	4.40000000000000e-20  11.0
450	7.70000000000000e-20  11.0
500	1.07000000000000e-19  11.0
550	1.18000000000000e-19  11.0
600	1.32000000000000e-19  11.0
650	1.27000000000000e-19  11.0
700	1.33000000000000e-19  11.0
750	1.42000000000000e-19  11.0
800	1.50000000000000e-19  11.0
850	1.42000000000000e-19  11.0
900	1.33000000000000e-19  11.0
950	1.36000000000000e-19  11.0
1000	1.32000000000000e-19  11.0
=============================
