1.184638679888873E+01 1.193060461886890E-21 2.955415210964783E+00
1.185099655102951E+01 1.192970300621321E-21 2.955414532767745E+00
1.185676650374688E+01 1.192834733737954E-21 2.955413069414409E+00
1.186398866089199E+01 1.192630992945263E-21 2.955409924730505E+00
1.187302851899545E+01 1.192324955436246E-21 2.955403197005001E+00
1.188434356419436E+01 1.191865525359642E-21 2.955388874274291E+00
1.189850642453887E+01 1.191176270608100E-21 2.955358547884551E+00
1.191623384936236E+01 1.190143007407537E-21 2.955294723757974E+00
1.193842298229371E+01 1.188595437528319E-21 2.955161309654771E+00
1.196619676360418E+01 1.186280131799156E-21 2.954884555872482E+00
1.200096075959572E+01 1.182821084802178E-21 2.954315435069741E+00
1.204447429503371E+01 1.177662774226991E-21 2.953156719377793E+00
1.209893948847046E+01 1.169989377019789E-21 2.950824773272419E+00
1.216711269632965E+01 1.158613239136580E-21 2.946195058314856E+00
1.225244400567695E+01 1.141827659026774E-21 2.937151166512469E+00
1.235925183508061E+01 1.117227526341946E-21 2.919827810450453E+00
1.249294147970440E+01 1.081524426312396E-21 2.887440962904058E+00
1.266027866069030E+01 1.030434785529415E-21 2.828723135996842E+00
1.286973192252752E+01 9.588204433047858E-22 2.726423437284587E+00
1.313190120633986E+01 8.614219485065363E-22 2.557385748512970E+00
1.346005428818632E+01 7.346930465394733E-22 2.297455688360549E+00
1.387079823026614E+01 5.801674256692650E-22 1.935577741331943E+00
1.438491982560809E+01 4.088426079884971E-22 1.498216026915569E+00
1.502843756918951E+01 2.435356646510885E-22 1.119288149090223E+00
1.583391839329046E+01 1.210900419354277E-22 1.314184422510156E+00
1.684212580398830E+01 6.800803449037139E-23 1.314839246789662E+00
1.810408282713730E+01 7.282846422267804E-23 1.107015439329549E+00
1.968365416471834E+01 2.306161718095192E-22 1.087200013932533E+00
2.166077823846975E+01 3.547316738352594E-22 1.104295131209892E+00
2.413551268699022E+01 4.067523945988566E-22 1.077497714281369E+00
2.723309804948777E+01 6.711922993190858E-22 1.063268938596913E+00
3.111029589740054E+01 1.081213535671914E-21 1.059595003490675E+00
3.596332217194963E+01 1.542616577416548E-21 1.063317456421540E+00
4.203777721533688E+01 1.673811366071783E-21 1.061519496165110E+00
4.964107503130870E+01 1.944210870992236E-21 1.060428827086324E+00
5.915800079097737E+01 2.134118425258779E-21 1.059319044662679E+00
7.107018391298874E+01 2.087620343193300E-21 1.050584473661454E+00
8.598047220521067E+01 2.064945379390387E-21 1.048358837285202E+00
1.046434405864113E+02 1.846729862779927E-21 1.071484194825382E+00
1.280035783631832E+02 1.797696409868633E-21 1.072069884199819E+00
1.572430876311433E+02 1.627479236282042E-21 1.115965998639975E+00
1.938417117660255E+02 1.446894302878852E-21 1.109790057178619E+00
2.396516217850736E+02 1.196696254727663E-21 1.198144634024356E+00
2.969911504028487E+02 1.056608128942895E-21 1.109280118845976E+00
3.687621174434201E+02 1.108582369144971E-21 1.128577943457168E+00
4.585966841744418E+02 1.033057828227597E-21 1.183004185451388E+00
5.710411685184847E+02 8.321197430273957E-22 1.126146657485426E+00
7.117861236008088E+02 6.754989175047263E-22 1.086678729139410E+00
8.879543233723141E+02 5.292413071468087E-22 1.082176982363797E+00
1.108461229588459E+03 4.742441970904838E-22 1.220917846314914E+00
