1.184638679888873E+01 1.203251484167494E-21 4.085074565146121E+00
1.184853923571435E+01 1.201436345899383E-21 4.084960174503249E+00
1.185094462491124E+01 1.199446933919620E-21 4.084823004207489E+00
1.185363269320651E+01 1.197267593382163E-21 4.084658661705482E+00
1.185663666078455E+01 1.194881436652004E-21 4.084461943905309E+00
1.185999365183490E+01 1.192270275855318E-21 4.084226696951943E+00
1.186374515334725E+01 1.189414557343975E-21 4.083945654176358E+00
1.186793752782373E+01 1.186293299484152E-21 4.083610249474753E+00
1.187262258624449E+01 1.182884035460663E-21 4.083210403217154E+00
1.187785822836786E+01 1.179162763106581E-21 4.082734277682390E+00
1.188370915827784E+01 1.175103904122477E-21 4.082167998996638E+00
1.189024768402212E+01 1.170680275442266E-21 4.081495342650665E+00
1.189755461122280E+01 1.165863075931247E-21 4.080697379930929E+00
1.190572024170348E+01 1.160621892063998E-21 4.079752083076928E+00
1.191484548947393E+01 1.154924726719689E-21 4.078633887738806E+00
1.192504312786441E+01 1.148738055741884E-21 4.077313212435138E+00
1.193643918322190E+01 1.142026917426551E-21 4.075755936294750E+00
1.194917449239233E+01 1.134755040608952E-21 4.073922838514211E+00
1.196340644323661E+01 1.126885017495291E-21 4.071769005789871E+00
1.197931091969050E+01 1.118378527799269E-21 4.069243217608889E+00
1.199708447540607E+01 1.109196621061642E-21 4.066287323818663E+00
1.201694676283756E+01 1.099300064208509E-21 4.062835634423111E+00
1.203914324779109E+01 1.088649761389605E-21 4.058814348106239E+00
1.206394824298570E+01 1.077207252871688E-21 4.054141053485719E+00
1.209166829811573E+01 1.064935299176067E-21 4.048724345310849E+00
1.212264598831011E+01 1.051798555672036E-21 4.042463606230476E+00
1.215726414780791E+01 1.037764341392329E-21 4.035249012446709E+00
1.219595060117144E+01 1.022803503851042E-21 4.026961827003937E+00
1.223918345050719E+01 1.006891379052436E-21 4.017475045204434E+00
1.228749698403593E+01 9.900088426343716E-22 4.006654448963139E+00
1.234148827903259E+01 9.721434441734702E-22 3.994360105258904E+00
1.240182458073743E+01 9.532906121146919E-22 3.980448300114939E+00
1.246925154842996E+01 9.334549116593207E-22 3.964773822207253E+00
1.254460247057379E+01 9.126513324128358E-22 3.947192383162372E+00
1.262880856291681E+01 8.909065769165861E-22 3.927562763006101E+00
1.272291047681437E+01 8.682603157395503E-22 3.905747970437667E+00
1.282807116000000E+01 8.447663700980628E-22 3.881614273218333E+00
1.294559022874186E+01 8.204937796600690E-22 3.855026344542867E+00
1.307692002900168E+01 7.955277120883336E-22 3.825835952662775E+00
1.322368358508609E+01 7.699701729520092E-22 3.793860587867959E+00
1.338769465760678E+01 7.439404810036003E-22 3.758847248299118E+00
1.357098015863346E+01 7.175754857310907E-22 3.720415553076018E+00
1.377580520105468E+01 6.910295229387678E-22 3.677974048446966E+00
1.400470109171625E+01 6.644741316044969E-22 3.630605313063355E+00
1.426049661428721E+01 6.381228384276810E-22 3.576769552158606E+00
1.454635298845905E+01 6.122933870389739E-22 3.513821398641807E+00
1.486580293751748E+01 5.873243642104809E-22 3.438562554543286E+00
1.522279434709890E+01 5.635809593593457E-22 3.347517431330161E+00
1.562173905468318E+01 5.415726817641140E-22 3.236748786973227E+00
1.606756737278225E+01 5.217365780560740E-22 3.102926662022188E+00
1.656578901964308E+01 5.046181922608683E-22 2.945150017142378E+00
1.712256121047002E+01 4.910603719228234E-22 2.765962509927459E+00
1.774476475066433E+01 4.820405533165155E-22 2.572071560204940E+00
1.844008907147015E+01 4.792612831453325E-22 2.373216962835951E+00
1.921712725893065E+01 4.844744573663822E-22 2.179752617421953E+00
2.008548225055836E+01 4.982158899123333E-22 2.000434284109700E+00
2.105588551213952E+01 5.206054925258631E-22 1.840718787836765E+00
2.214032966132576E+01 5.535407748520115E-22 1.702331955064572E+00
2.335221667702693E+01 5.999946379482974E-22 1.584818310422255E+00
2.470652352623366E+01 6.632049139887485E-22 1.486505139918949E+00
2.621998725514989E+01 7.465800295837714E-22 1.405499092420950E+00
2.791131183206295E+01 8.519032048536370E-22 1.339833565790735E+00
2.980139929819504E+01 9.777371591921035E-22 1.287736903849243E+00
3.191360808318767E+01 1.118622470784302E-21 1.247609778354721E+00
3.427404167758100E+01 1.268328658461397E-21 1.217257194551896E+00
3.691187122981442E+01 1.419720999582801E-21 1.194148400869288E+00
3.985969605452613E+01 1.566189837246805E-21 1.175969923406193E+00
4.315394650745206E+01 1.702644030602156E-21 1.161227072772234E+00
4.683533420580835E+01 1.823439876860064E-21 1.149601680040366E+00
5.094935515815320E+01 1.923453834004982E-21 1.141068915102400E+00
5.554685202160215E+01 1.998255961897665E-21 1.134973352046268E+00
6.068464243498723E+01 2.045269836060848E-21 1.130160816006321E+00
6.642622119314424E+01 2.064398022415155E-21 1.125791070896923E+00
7.284254494006788E+01 2.058183396027163E-21 1.122405423671418E+00
8.001290907847630E+01 2.029908953874063E-21 1.121149673248405E+00
8.802592773297050E+01 1.983808176909403E-21 1.123180260722077E+00
9.698062887755219E+01 1.924841596899154E-21 1.129846316680134E+00
1.069876781615067E+02 1.859822579289906E-21 1.140880851857289E+00
1.181707465581655E+02 1.791570795488912E-21 1.154512459741771E+00
1.306680387384761E+02 1.719746409290626E-21 1.169639425365077E+00
1.446340010576121E+02 1.644714081038491E-21 1.185836695689423E+00
1.602412302625766E+02 1.567517268441617E-21 1.202003630147062E+00
1.776826065093494E+02 1.489476718952571E-21 1.215801397810389E+00
1.971736770502194E+02 1.411718434140789E-21 1.225645160354241E+00
2.189553200498343E+02 1.335138251603165E-21 1.230999123500084E+00
2.432967214504322E+02 1.260607876621628E-21 1.230674385249378E+00
2.704987016754998E+02 1.188820784086120E-21 1.224360928506121E+00
3.008974332845519E+02 1.120280955399199E-21 1.213330419249168E+00
3.348685955232336E+02 1.055067567353554E-21 1.199763594028305E+00
3.728320171122841E+02 9.925695960523348E-22 1.185926835055734E+00
4.152568646527351E+02 9.322247138524539E-22 1.175870608397356E+00
4.626674407676548E+02 8.743863031821439E-22 1.171741316327165E+00
5.156496636361151E+02 8.202680693968040E-22 1.172831277377889E+00
5.748583079959507E+02 7.708191261994240E-22 1.178314113476286E+00
6.410250971024234E+02 7.267344735210946E-22 1.186692952239206E+00
7.149677456463269E+02 6.887516936243974E-22 1.198245658155741E+00
7.976000653874169E+02 6.576890028292291E-22 1.214904731815848E+00
8.899432583924596E+02 6.343352219582098E-22 1.239017821168013E+00
9.931385374441051E+02 6.190364677113742E-22 1.272116518853898E+00
1.108461229588459E+03 6.113691035373920E-22 1.313751619071684E+00
